TIMESTEP:
0
TIME:
0.0
DATA: p c
0.9974018796060317 0.9972892682220099
0.9901663475335845 0.9907625635342266
1.0014466644232800 1.0014017759213045
1.0026729814824742 1.0024809033261799
1.0003516733155009 1.0005965067819436
0.9978287299599083 0.9980085240916656
1.0039561049699055 1.0034996466901469
1.0004428057614041 1.0003768940628539
0.9981786895121709 0.9982644361989104
0.9938466181941231 0.9940617563242211
1.0049402908212088 1.0045184410706831
1.0010399880283452 1.0010149561034964
0.9944928133867252 0.9948681816910747
0.9937971486029243 0.9944350192651769
1.0085902318600826 1.0078484822524545
0.9993181267352663 0.9997209196589066
1.0081266152444652 1.0075265097083246
1.0014457466273892 1.0014296159892477
1.0051795490194966 1.0050868735523171
1.0084307079844412 1.0078855736329502
1.0101046604653605 1.0097372025104099
1.0091071669554514 1.0083393867393866
0.9954312233825194 0.9958698503147974
0.9916680795284694 0.9923569623874198
1.0038723991788205 1.0036701775166337
0.9998823132460503 0.9997831056011419
0.9965277942317436 0.9969381764401944
1.0087145540034337 1.0081285355318823
1.0044079251138862 1.0040702958828180
0.9953953413284587 0.9958592698831782
1.0068333690094631 1.0063218785359553
1.0096959478299630 1.0091934186448426
0.9919247105322284 0.9927011112056108
1.0014244643026984 1.0010148461272592
0.9961519479961205 0.9965863681560845
1.0042912823171604 1.0038039732420463
0.9921356777418791 0.9927902064100478
1.0072328445667174 1.0065965467694631
0.9966226693139206 0.9967300895699761
0.9941286271980790 0.9943671987699741
1.0053685321798329 1.0049235292494993
1.0012910191263853 1.0012159811201877
0.9953956960087973 0.9958065759155307
1.0038099559965583 1.0035511956455547
0.9975070817842648 0.9980685735818228
1.0063785263995113 1.0059044617055610
0.9913647414155784 0.9921961915248877
1.0048053001191379 1.0043433172990341
0.9979049553304519 0.9982273878214440
0.9897430266698661 0.9906412023819801
1.0022775912081083 1.0020383263089927
0.9999155106252429 1.0000176274169084
1.0054094571356653 1.0050708321024056
0.9944668326817678 0.9950984435022676
1.0097371569300433 1.0087447556020019
0.9913246028954971 0.9920523889915633
0.9921336153539061 0.9926626120373838
1.0036933587921424 1.0033456868619552
1.0003187688836290 1.0002154167966180
0.9906936009854858 0.9913018347122617
0.9987389889243149 0.9988753667690812
1.0056827140808953 1.0052640096917600
1.0056658739006270 1.0052446565357149
1.0076819261217682 1.0069844522102660
0.9967231126320044 0.9972365546573403
1.0040543613363682 1.0037666850194129
0.9932468022667305 0.9940946348930109
0.9991552569091523 0.9992603030632595
1.0089231617477448 1.0081332224402835
0.9971879307054281 0.9977982423857624
1.0067458068071311 1.0061214161964545
0.9945834880463705 0.9951330441379576
1.0020849317000384 1.0018496501442227
0.9948758503366735 0.9951432660100705
1.0049660037121229 1.0043736902804068
0.9973883549384217 0.9974234303813670
0.9946964443948146 0.9948440019696977
0.9957098683617970 0.9962337188927455
1.0020092493588759 1.0019868410509580
1.0055673375699925 1.0049857037653038
0.9903447328991482 0.9913484787438228
1.0051173763942893 1.0047715239733501
0.9951377376150028 0.9953465193686549
0.9955483158390860 0.9959971475261264
1.0007338866834259 1.0007102756289319
1.0094782393634103 1.0089755422672162
0.9994541048470559 0.9995804082916419
0.9975367586298454 0.9979016828069857
1.0001360041116436 0.9998938729151720
0.9963039741613334 0.9965495134280143
1.0065392827387232 1.0061390079094106
0.9928096932699338 0.9934201930142087
1.0041890337294019 1.0037022119052410
0.9999612015584904 1.0001586177511887
1.0020050731866152 1.0019695756915536
1.0004274327426272 1.0006148390051217
1.0057109520358705 1.0052033146363926
1.0047249393638567 1.0048494759450834
1.0100809449244181 1.0094506741838032
1.0045975502910873 1.0044033323314314
0.9936745275738983 0.9943925451245342
1.0078090242927655 1.0072446169950533
1.0071183078982422 1.0067598663888921
0.9956385151920611 0.9958324576034184
0.9970910311537871 0.9974683427190045
1.0061425041452459 1.0054230649284728
0.9981488751727134 0.9984050155866494
1.0028250546668824 1.0026459619091681
1.0028731104944186 1.0027039886162648
1.0032293645097110 1.0027604580458325
1.0012934976382613 1.0012088926746439
0.9946848391159357 0.9949067499779760
0.9921773558479260 0.9926689806816384
0.9959662354295353 0.9960269610480186
0.9955628558864513 0.9960974259655878
1.0102102108347628 1.0095092980608713
1.0090769989665633 1.0084484157019804
0.9985224952641188 0.9986043673678175
0.9897506877098420 0.9907611504929041
1.0001692602339958 0.9996564577023309
0.9898485443483057 0.9904020270307092
0.9912096697750701 0.9918008935737872
1.0103102503388997 1.0093509837278485
0.9950767197273640 0.9954240989588664
0.9908357851507544 0.9914705673715161
0.9919853058013091 0.9924144706043290
0.9960859990027578 0.9962228213856886
1.0070139246987271 1.0062686552607574
1.0015704151083167 1.0015065394448692
1.0014413902816095 1.0015132106094859
1.0000675982106253 0.9998886769773806
1.0060482949969103 1.0057492420617988
0.9981129811051980 0.9983985420676547
1.0102746480682046 1.0094529226155375
0.9998893656438979 1.0000372156599100
1.0068973528525909 1.0066796488745777
1.0052960229732375 1.0049172836635665
1.0040575474222981 1.0038571250175241
0.9959180979134347 0.9962005064451186
0.9978115164992757 0.9981246591001750
1.0102994542258870 1.0095346935576994
0.9925958304292332 0.9933488847387952
1.0012269750243070 1.0009515646735982
1.0013923827697258 1.0013173479066406
1.0076689362413500 1.0072280157442719
0.9985271186471630 0.9987663079096049
0.9973044706521766 0.9976457365275747
1.0070465539993472 1.0066168141044498
0.9982265433127132 0.9988038720223251
1.0063177957913561 1.0056491272079264
0.9988429339775284 0.9987522729820028
0.9992722377432512 0.9995094570893227
1.0010817885374197 1.0009230463172150
0.9933279350096915 0.9937229941067434
0.9988645306162118 0.9987859020076472
0.9972832537622192 0.9976284445277812
1.0064321706590758 1.0057029135531461
0.9966132678591892 0.9971244261383421
0.9966191798450057 0.9966963856318932
0.9913220650859755 0.9921985560451539
1.0047402422251921 1.0040153592088013
0.9909622166468569 0.9916100174449380
0.9998022899333669 0.9992822233362509
0.9904538517723124 0.9913334574046699
1.0096137166023562 1.0084208661226270
0.9939339967686092 0.9946168493589339
1.0001663832373495 1.0000748301866313
0.9997648519997716 0.9999791580465568
1.0083958849857038 1.0075630810868617
0.9933353405428574 0.9937697255942731
0.9917369648727102 0.9919493577938585
1.0025381904169604 1.0020646210067754
0.9998238535160126 1.0002579645342533
1.0033469524075893 1.0031326806125596
1.0062076807204516 1.0056598827767376
1.0068518086059237 1.0061596025743453
0.9980798067957722 0.9982026095558123
0.9931906581145618 0.9937033581928987
0.9926553308439379 0.9930020350730211
1.0036864392337270 1.0032656260815895
0.9909920506989968 0.9918522820623540
1.0053473237609591 1.0049493229955022
0.9968633813463673 0.9973254449588327
1.0024399505348103 1.0022559916136142
0.9899510928385264 0.9906218604000580
1.0021511378979184 1.0018818733171093
0.9896286969934945 0.9904869454828290
1.0070560170549432 1.0063217839803738
0.9968281679197658 0.9971346928654906
1.0065420845076742 1.0058818447440172
1.0018790280711509 1.0022310698043375
1.0081277086977718 1.0073387955334743
0.9908747557323935 0.9915245503458927
0.9927857152183203 0.9931114039480634
1.0050515195857326 1.0047919427432692
1.0016440424000663 1.0015701285109957
0.9966810320466438 0.9971184498873891
1.0036463242832019 1.0036346514849617
1.0028061644051021 1.0024367620103485
0.9907113791807105 0.9913879663475195
1.0055509432596486 1.0050914637698600
1.0031426256179237 1.0030087900698175
0.9953480329201029 0.9956684260209623
0.9995701121778926 0.9992769178449055
1.0026252209669784 1.0023420186174381
0.9980429641459014 0.9979288831947157
0.9923892222212561 0.9930350668439776
1.0099661823137511 1.0090954073257912
0.9982148976591807 0.9986125654970816
1.0103626527349061 1.0094467270451459
0.9936857854620774 0.9945577748434604
1.0014569535769831 1.0009194598176192
0.9947390880801714 0.9952585743041586
1.0067305481514435 1.0059121846872134
0.9909193124400671 0.9917390271880683
0.9948323736144937 0.9947511095810525
0.9919062031071725 0.9925668929633740
1.0048215965339367 1.0044033804994068
1.0040097338429710 1.0039344247138362
0.9977834760817506 0.9977575413498820
0.9917239153958631 0.9922618089522129
1.0003421196084870 1.0003888167759838
1.0087241651206400 1.0082181558327385
1.0002946658592091 1.0004083588565527
0.9939321845280499 0.9943335195658148
0.9928285075942679 0.9935828295099524
1.0030196999275685 1.0028488539875864
1.0036418628034296 1.0031393674483926
0.9901944319837395 0.9909852491108030
1.0058211137383755 1.0054890125132336
1.0028494332650948 1.0026671492580956
1.0048349014159430 1.0048474252800297
1.0075324467297395 1.0068961041532947
1.0024078373324026 1.0022876331454980
0.9916734622588105 0.9921728453235789
1.0067942309842657 1.0060751520113314
0.9916878211235005 0.9920918867675047
0.9967895917715675 0.9969279339719602
0.9952232670932531 0.9954999527599433
0.9920906407569504 0.9928883251838595
1.0042398705652553 1.0037738508166225
1.0028536159905854 1.0026465641180209
0.9975289670663635 0.9974509866186930
0.9905784157350005 0.9911859612527415
1.0046889582616261 1.0041989296841913
1.0017629769151786 1.0018722385204484
1.0082291262753125 1.0075863730732761
1.0081625876217628 1.0077456353839520
0.9969927395420715 0.9973126698935210
0.9924486649830805 0.9928297124358856
1.0027668355963657 1.0027025148954347
1.0053811332107565 1.0050210267559092
0.9955790770400927 0.9955916449526032
0.9897698044846704 0.9905573570913643
0.9992888211359239 0.9991524551801501
0.9925548475216674 0.9929236974419748
0.9914958780811511 0.9918833298325321
1.0044180946642622 1.0039801248058640
0.9988768516763346 0.9991085998097273
1.0067222840132779 1.0064985320766926
1.0081840241176154 1.0076633004922941
0.9944128201601609 0.9951554177876595
1.0012829434732968 1.0010588894053949
1.0043607290798537 1.0041648859267946
0.9992734133827450 0.9991495323629910
0.9957943496650324 0.9959551869415426
1.0048461819831620 1.0043311625328308
1.0000409468234406 1.0001159049203920
1.0021879593107483 1.0022153495891764
0.9996242357259656 0.9997085281930694
1.0065015761032630 1.0060579862357824
1.0010994234202562 1.0012881724400795
1.0068650560069863 1.0065029260392220
1.0014505981226869 1.0016053612299054
0.9975056509746395 0.9978764483388706
1.0097517433915586 1.0089129988346903
1.0082081714470237 1.0078378936412085
0.9994135239643478 0.9997159614804829
1.0025347923727841 1.0021847009388678
1.0089812077452298 1.0083204637646672
0.9990630868349420 0.9992662172908425
1.0059772912580354 1.0054975570316380
0.9902833645783543 0.9911803499826702
1.0021327351227747 1.0017328964674839
0.9943877200796435 0.9948502784422291
1.0024354108368441 1.0020276923210074
0.9948469870439217 0.9952275072081687
1.0007732997501682 1.0007039310265955
1.0097352457540330 1.0089158118138211
1.0071314271325791 1.0065449256814547
0.9935406372796167 0.9938819630277101
0.9910588286024844 0.9915552580586696
1.0006857510718146 1.0004553499254831
1.0008997631867473 1.0006434151155523
0.9937354818192943 0.9942828111879544
0.9997309913284504 0.9995915581520857
0.9904468756988853 0.9913475590304343
1.0015303926905652 1.0015744274963156
1.0026977450008023 1.0022717831201711
0.9966063278610796 0.9967207145389259
1.0009397707425081 1.0007276432861854
1.0007002227607944 1.0007174095870195
0.9909248507267422 0.9916799554327630
1.0088615163475456 1.0079384026582907
1.0040536704562757 1.0038494500875383
1.0016515480725063 1.0013332894736486
0.9971153598049691 0.9971365564803296
0.9934464759669303 0.9937582184624746
0.9991393585999435 0.9989602216736037
0.9981750395207077 0.9985359684781726
1.0088267384344138 1.0083012018604731
1.0088184077755329 1.0082949851992415
0.9980077749979873 0.9983582160989692
1.0006858783060049 1.0007124589492071
0.9984945887607021 0.9984567933051288
0.9931737445580895 0.9936599963176281
1.0032009806138766 1.0028009468946097
0.9924949346814687 0.9932322992627909
1.0070235401366425 1.0064587696282035
0.9966251931137130 0.9970091956725748
1.0093150225754377 1.0086847692908847
1.0016746180602785 1.0016505666254363
0.9960928814459820 0.9967413586953768
1.0099607797072598 1.0093473782294347
1.0055108518283635 1.0052267490432569
0.9934900530394600 0.9942922956158121
1.0015562884898812 1.0013437616305536
1.0012195870428249 1.0008644328894958
0.9912873169807427 0.9920157610938479
0.9927175072540084 0.9932363559713296
0.9900982293713576 0.9906902928633513
1.0027945629864177 1.0025885260040910
0.9957193835786249 0.9958001880062362
0.9981242355102973 0.9984604325666967
1.0077205791592752 1.0067107954583534
0.9902827748870776 0.9913843409867492
1.0061124610189283 1.0052081638079584
0.9980014611699553 0.9981965681290598
0.9909917623619480 0.9918317638011587
1.0012761762576690 1.0010177121539501
0.9904338852544063 0.9907759296325825
0.9940051716127397 0.9942941526864232
1.0006390163449437 1.0005514890942593
1.0041508025496499 1.0036999886654006
1.0001305844571806 1.0002668727451802
1.0039701104441896 1.0037857964585819
1.0019683154930505 1.0020401914611410
1.0076394148335788 1.0070503497064716
0.9911521813713204 0.9920335092961364
0.9944853638048148 0.9948010159402053
0.9933916200931843 0.9939891290467868
1.0067453581237813 1.0062347689875346
1.0007938015892863 1.0005300913672017
0.9991858671567158 0.9993183230611268
0.9966126721404370 0.9967007514313947
0.9951642662275459 0.9953838070939670
1.0030341597894457 1.0025929320986062
0.9900641541611300 0.9906446551834261
0.9952459263771321 0.9954012723724053
0.9986227384289922 0.9984732964985782
0.9915429490001085 0.9923406770445907
1.0056621050757388 1.0051352993532943
1.0010050155708148 1.0009507635930581
1.0035917020277645 1.0031893519970920
0.9980405677584187 0.9983845005885661
1.0023980995640771 1.0019351738542863
0.9997544159611996 0.9998349162656456
1.0008252150436192 1.0006905668689641
1.0053447284987029 1.0050346028103163
0.9919366500143084 0.9924152031151960
0.9984983511424758 0.9984778640609807
0.9985704552469665 0.9986353654253801
1.0020298655336921 1.0020174067679579
1.0031488622060276 1.0031406379374435
1.0050977619335817 1.0050866375350926
1.0025242065424615 1.0020250050006334
0.9908490920239527 0.9916119492435329
0.9917549864866292 0.9924643903768317
1.0092487383019462 1.0084617634056499
1.0087691254109734 1.0079450069739953
0.9974192049622383 0.9975741665294253
1.0086259825117005 1.0079230404472355
0.9943159161077486 0.9950015824214599
1.0072607744143831 1.0064437702273703
0.9902336981108171 0.9913959398009216
1.0083218596968557 1.0070560832817241
0.9896049762643557 0.9905312301951983
1.0054423477274785 1.0047892641425988
1.0015374421677410 1.0015186922307477
1.0021657518581726 1.0018255995500958
0.9906220652518060 0.9911929194675801
1.0097893964273981 1.0087635053589705
0.9992196628392777 0.9993316603340894
0.9897884208941955 0.9906620868207007
1.0068013107668221 1.0060967343062575
1.0040058903259990 1.0039981028193254
1.0101746033880450 1.0094773405900552
1.0028297978499428 1.0030055785844347
1.0090051777448790 1.0083725809574777
1.0059176482345253 1.0055842919667095
0.9929545970609678 0.9934610106046549
1.0044647677607508 1.0040933629507709
0.9906487977546400 0.9915345111537144
0.9989260106527957 0.9987216159470137
0.9923043910305025 0.9926522915407531
0.9913780470653009 0.9919400543880600
1.0056327564095486 1.0049731371528614
1.0003988965708110 1.0001494339044745
1.0016727004956489 1.0013284763776353
0.9999757636916641 1.0000609491094645
0.9978929942702339 0.9976253926702733
0.9920242177193832 0.9924369671496354
0.9942669887503817 0.9943576525018498
0.9918289351810650 0.9924757261568729
1.0080080622168328 1.0072139585303717
0.9919492659914050 0.9925499626869264
0.9978711553657339 0.9979498348248320
0.9976296874973243 0.9978512832621264
1.0056246879611259 1.0049756961123590
0.9927696101088019 0.9932661980834693
0.9927766508700907 0.9930563894321901
0.9951546816468252 0.9956434932125073
1.0098940210533400 1.0088774768342448
0.9947609246751142 0.9956433248984099
1.0101665124820336 1.0093802187511089
0.9909825231320637 0.9919189984713354
1.0100329983537810 1.0090305261111405
1.0050101175000674 1.0046109737025382
1.0020016442550816 1.0019214062734008
0.9902507346305360 0.9911152978141043
0.9909189287919585 0.9913890569722968
1.0011686768131289 1.0013080562450103
1.0046488525595434 1.0042877692349239
0.9997287948688370 0.9998845343651326
1.0047153601459680 1.0038769148021325
0.9905585785974935 0.9912377981780766
0.9916818994001149 0.9917320381066952
0.9958394993002817 0.9960762678029911
1.0073214296753843 1.0066160404431266
0.9960695372223519 0.9964328877397620
0.9916038201824302 0.9921418565968791
0.9985522283375642 0.9987864118050218
1.0031864255079106 1.0028862750676610
0.9976067583996320 0.9975913053593346
0.9936377845146255 0.9940550395500356
0.9960545137691648 0.9961940197000194
0.9935690927090519 0.9939754140965670
0.9956668845627906 0.9958594075997770
1.0011678222719913 1.0011615118006734
1.0091620436969713 1.0083779462084475
0.9922144301799759 0.9928326992076474
1.0069430550783336 1.0064069686283794
1.0078556826541976 1.0074314739372416
1.0010518678798384 1.0010412279292704
1.0009344112941110 1.0008008972898668
1.0035215825508577 1.0030768935358827
0.9913946081122273 0.9920423226633707
0.9907125679812724 0.9910134319037469
0.9916250765296016 0.9923616309907120
1.0079967924376383 1.0070672329503589
0.9916796500878026 0.9921273576677511
0.9932125921445207 0.9934372784026805
0.9961374965500255 0.9961176893472137
0.9975523493254321 0.9977201912868890
1.0060223331327973 1.0055703483069214
0.9928100813046560 0.9933545317761663
1.0061153815858783 1.0054765247578474
0.9990216283620480 0.9989189828536157
0.9900454375983526 0.9911019946627764
1.0084833485718843 1.0075731161705554
0.9988426323041270 0.9989554919045925
1.0071807239361339 1.0065251300664351
0.9899677096450804 0.9912137644913434
1.0060888923943581 1.0054685244497479
1.0057790533877200 1.0054595668791237
0.9938303476014589 0.9943477290502764
0.9975947847934764 0.9976863121973948
0.9944123694062389 0.9949197128358997
0.9990942567533002 0.9993770096099996
1.0076208200789367 1.0067350802645458
0.9990974457594071 0.9992900663325562
1.0092294580231016 1.0085244938021747
1.0030797470460506 1.0028245113260463
0.9920714637848600 0.9926872616115029
0.9901363033368087 0.9907568816847270
0.9969109030858148 0.9965088392119612
0.9912321412599940 0.9916010937733488
0.9926401012870236 0.9930052080870938
0.9966210332631532 0.9970562571502358
1.0037145732117219 1.0033738512529671
1.0101189927011565 1.0092323914203913
1.0031794621596697 1.0030447500279991
1.0005401470065807 1.0007612264556669
1.0021562660634173 1.0019230519679305
0.9972884257524932 0.9973492267542678
1.0000129504807374 0.9997411406517437
0.9947891243256943 0.9947934305665194
0.9948292096230278 0.9949664078192579
0.9912537927470749 0.9916046616670821
0.9938173709200521 0.9939903175604834
1.0094711436763184 1.0085551462557010
0.9933722051770580 0.9943264249970662
1.0103311565795823 1.0094291681669048
0.9963123085687009 0.9966417678411285
0.9994622814810382 0.9996892807993775
1.0055888795137040 1.0051133072422158
1.0021407137583001 1.0017345170731367
0.9940999091884523 0.9947005045990568
1.0081150201030367 1.0070887036631180
0.9966072085107797 0.9970423832797667
0.9923664902468549 0.9929303926820940
1.0050768786498483 1.0043659422087514
0.9978268908125267 0.9979445772435958
1.0053910650512488 1.0050959553305727
1.0012937217570168 1.0012866334230566
0.9970292247835051 0.9972144190789021
0.9995806045938099 0.9996144375509538
0.9957599234748178 0.9960154010521199
1.0069569191461665 1.0061598714759978
1.0013780507229006 1.0012765076429666
0.9935623270932307 0.9942445324564643
1.0077899746751575 1.0073425705583468
1.0072283602235823 1.0066946855884125
0.9978763211255460 0.9983626863510077
0.9960672572904877 0.9965590022417926
1.0090894542446407 1.0083072169503624
0.9965773801924798 0.9969749292713415
1.0038845334311695 1.0035379812018086
1.0089590193326010 1.0080686354859711
0.9917846674883977 0.9926653142943431
1.0004259456615270 1.0000945490735700
0.9948922656333438 0.9953795949887393
0.9920613523269197 0.9928813635994820
1.0092836607553162 1.0082618364689178
1.0017327456684071 1.0012774724793043
0.9913712272916297 0.9920978041497720
1.0042532841330047 1.0037723925338438
1.0061948839863422 1.0056702230771897
1.0078351526982594 1.0070442121289034
0.9931650190834921 0.9935928594286879
0.9933210020271031 0.9939302743636380
0.9962508754258333 0.9965928084313236
1.0067089767380992 1.0062738566347227
1.0001541870489388 1.0002693674013601
0.9964445973273214 0.9967202275039477
0.9968925293653560 0.9969379314797008
0.9898692137638017 0.9906795849271487
1.0053655737216449 1.0044837154747044
0.9937814443794433 0.9940261762156901
0.9912404463575267 0.9917735251450043
1.0099031852887956 1.0092818912662362
1.0010590514177129 1.0008480574344607
0.9936614589708072 0.9941008385098785
0.9925481792833759 0.9929161152132329
1.0085012454247451 1.0075595398272248
0.9914016469341675 0.9920652640021409
0.9942707680636691 0.9945927020753642
1.0101343994607968 1.0091004721100301
0.9918718953006120 0.9926971394473557
1.0030847694656311 1.0028893180831877
1.0071450287842978 1.0065635602717513
0.9969732525376731 0.9974088610867298
0.9913661758266438 0.9920565839398906
1.0095929969866071 1.0086084616369115
0.9965018995873421 0.9968724823862879
1.0041891044330129 1.0038923074409607
1.0016276465047032 1.0014218638747594
0.9918811945236901 0.9921886858347922
0.9962486001219091 0.9962102373901980
0.9912212655958311 0.9919219793260809
1.0042592304986449 1.0037295803699302
0.9989698510396603 0.9994651008600847
1.0029876639775768 1.0030486580645166
1.0096234917157210 1.0090940279863678
0.9984886382303121 0.9987936705698693
1.0065262107328656 1.0061311557507338
0.9981708288480322 0.9983224949993589
0.9966995677565610 0.9967377594952309
0.9911863158973614 0.9920125554897601
1.0003857000314882 1.0000887273418502
0.9959718613976413 0.9963335439318736
1.0049425421098599 1.0044819757736054
1.0070411248679636 1.0063139975822180
0.9945251954994162 0.9949248291230948
0.9901252912859553 0.9909553764311353
1.0039801250579785 1.0034640278412783
1.0015802760013881 1.0014947691944678
0.9920771884551032 0.9924716771979651
0.9917916941717081 0.9921393905471293
0.9908376099479346 0.9915192408107774
1.0077375304313307 1.0069077141181377
1.0000364317865220 1.0002865231342897
1.0057804766066092 1.0056616473519580
1.0018753150242548 1.0019196803020658
1.0065412014246138 1.0061725475905583
1.0030158782852021 1.0028525185671862
1.0081481876867926 1.0073624549097215
0.9932005263978064 0.9938922940685774
1.0006896798385954 1.0005307058806308
0.9970875519091148 0.9973755892413650
0.9991745437006404 0.9992609657067020
0.9946265934454518 0.9949818101631006
0.9954546625954018 0.9952825761082044
0.9915219574388681 0.9918675511296495
0.9984002467769016 0.9983054321525960
0.9941945844621656 0.9944082992572191
0.9910326216790570 0.9915935679654974
1.0029644191350930 1.0025642128205261
0.9927309819518928 0.9932073126868235
1.0056836052311950 1.0053731961310459
1.0036872411532289 1.0038486381832172
1.0091918937861113 1.0084562135368271
0.9991841722841732 0.9990527990783307
0.9903061647180910 0.9909945624874690
0.9917549197044896 0.9922699679908022
1.0055414694829530 1.0051503084464142
0.9995242837485081 0.9996142694508190
0.9902555663723098 0.9906233133875227
0.9920099419607192 0.9925523514099638
1.0021831665195584 1.0018122587384919
1.0026354565407491 1.0026370995236633
1.0091314460214935 1.0085588204859299
0.9994354572567083 0.9999554437731486
1.0102234370469758 1.0096749739780424
0.9982215035232075 0.9986546275039540
0.9990247383418460 0.9992844165332871
1.0011702741575470 1.0010434525690928
0.9944339923662908 0.9949586323021944
1.0052136824613400 1.0047723045046557
1.0046580433638872 1.0043327000707405
0.9987674962596998 0.9988646716036711
0.9965830267547785 0.9967500108651411
0.9960886925005940 0.9964492097674413
0.9938616547556741 0.9941879149579284
1.0066740184283900 1.0060118628215218
1.0035242723299493 1.0033102733375299
1.0021016720608458 1.0019316269704490
0.9898076363368659 0.9904279616577998
0.9948624025272689 0.9950148873519126
1.0085317050237623 1.0077394939441817
0.9998021328319788 1.0002319638728292
1.0047553726773839 1.0044959059208773
1.0087904843370212 1.0082022612200083
0.9973148846310360 0.9977723800358179
1.0051545798830999 1.0047251923855922
0.9917534522109385 0.9926593690737859
1.0027802833004829 1.0025772538179940
0.9979202621533977 0.9980009870439743
1.0095279369201158 1.0087544971242315
1.0024004364371810 1.0023252717918838
0.9941180281745229 0.9947228773682368
1.0028554815181603 1.0024253674271995
0.9908385082910353 0.9914681100500462
0.9988864042775378 0.9984294034339787
0.9940033533960309 0.9945283103390566
1.0070450520416219 1.0063782642390140
1.0036389243513149 1.0031080473390073
0.9957766664898722 0.9961419793328191
0.9957834287493276 0.9961740778092787
1.0062475977746261 1.0059516388092382
1.0032697714593146 1.0030653394400151
0.9960511896567772 0.9966710930709883
0.9978042848303990 0.9979842716792960
0.9987219511217219 0.9987457078658712
1.0020941708112014 1.0020091426780482
1.0053383825468238 1.0051682013763716
1.0061378534829286 1.0057090790472734
0.9963149713438385 0.9967308783204598
1.0097413173159560 1.0088478586022860
1.0012740094765695 1.0014321889525308
0.9958780414167238 0.9964895755381181
1.0036289842129513 1.0035368272929002
1.0049618585661664 1.0045784812395080
1.0035531409326728 1.0035707654618797
1.0090742916793409 1.0085546655189008
1.0043130660456208 1.0043300707955038
1.0054099167298227 1.0052051213928090
1.0040169237795515 1.0036804813347420
1.0060591737290678 1.0055747448446983
0.9968452573861620 0.9972755829816287
1.0034438564332961 1.0029015382991560
0.9952772263655709 0.9955876571899108
1.0072956635478736 1.0066246143823974
0.9953025788980165 0.9957806824698375
1.0026583495392822 1.0023233578241726
0.9901422312682769 0.9910285307380119
1.0044167777832995 1.0038912400130839
1.0041875955053037 1.0036111784012753
0.9970055600722770 0.9973497957696176
1.0045199319659184 1.0044434920623528
1.0036805408934226 1.0033183012019504
0.9957081030294799 0.9962175778371472
0.9951623234395485 0.9954160941693774
0.9992680638093453 0.9992019057063385
1.0005738030372378 1.0007074947642722
1.0065728655236053 1.0061011008543157
1.0021702271128297 1.0020301180821256
0.9901403814927781 0.9907351777296770
0.9952736044304715 0.9954385821481144
1.0003135399841747 1.0000984304117528
1.0081152408120786 1.0075362617722217
1.0073047384054910 1.0068327417455649
1.0019557485020034 1.0015155129421836
0.9922856580690937 0.9927733995797625
1.0018551882702336 1.0014245901637886
1.0001039769402520 1.0000081786654587
0.9907225671393116 0.9915533389919818
1.0012162239347164 1.0010939929287557
1.0098060669031610 1.0089691799516411
1.0044356829742438 1.0043541083287648
0.9947350737614332 0.9954864073773624
1.0088524678392943 1.0082856061254544
1.0067990725068148 1.0064903445669398
1.0054467819846780 1.0051287345732887
1.0079742683546842 1.0075128033723313
0.9988432228891676 0.9992714158559151
0.9996465607256456 0.9998200596191370
1.0028745264267380 1.0025667809825385
0.9994902763047951 0.9999020066400236
1.0068678733488732 1.0064608141351066
1.0096075660846247 1.0090670634165779
0.9998652533353120 0.9998567618209585
0.9912550202973722 0.9919748954515792
0.9918016928556433 0.9922605531244801
1.0015776815094668 1.0016777496414182
1.0054317852971963 1.0051043615189517
1.0015139961016624 1.0015105171925114
0.9913684108629792 0.9920241492341429
0.9915455008000978 0.9922323451096093
0.9982662989075302 0.9979079900366739
0.9921727556332210 0.9925968005367148
0.9911971287599013 0.9916480610136714
1.0051917266360315 1.0050080921476452
1.0042312007240166 1.0040046903314510
0.9993557338400647 0.9995723749393820
0.9995072367803134 0.9992957281080742
0.9919550516880660 0.9925310372367446
0.9932734064208970 0.9937541175734783
1.0040505322722868 1.0036097574689096
1.0058350175251398 1.0055079583861484
0.9935434216737344 0.9941565426900765
1.0083383790779601 1.0072229339763330
0.9897849833626602 0.9907487279325383
0.9997577686465916 0.9995704765596446
0.9994693389583246 0.9994911903418066
1.0056423058694539 1.0053268138656393
1.0016362992471248 1.0016046975614050
0.9977816042854815 0.9975255668592131
0.9899251341252504 0.9903685662281017
0.9966736045091216 0.9970579281059631
1.0023619766953040 1.0025018488654569
0.9916876006395752 0.9921652462304872
0.9924230022984774 0.9927513478798158
0.9941642442060830 0.9943264539612079
0.9967746375196617 0.9967029406377318
0.9954988897295853 0.9957899365957896
1.0044334797082650 1.0039003749004562
1.0014696740028186 1.0014784375342232
0.9915023521605022 0.9923143469369229
1.0031460133614700 1.0028700780912607
1.0043922166979331 1.0039969118916920
1.0062735027679770 1.0060864321658949
0.9988154066747466 0.9990806293191643
0.9911641281183808 0.9917495100700827
1.0003875906747914 1.0005479838993159
1.0064622243469277 1.0060496533635943
1.0005544961564712 1.0004316265842246
0.9981158178812332 0.9983496777501142
1.0024952691005418 1.0023604907266717
0.9942463282377803 0.9950090734563182
1.0068622839023584 1.0064162547822231
0.9936978455198365 0.9943182083675146
1.0084676568153923 1.0074522475435128
0.9942531011497856 0.9949460817074672
1.0061855695226742 1.0057286719003311
0.9959322831671819 0.9964751851299651
1.0035278641448278 1.0034705381625577
1.0039550860800579 1.0037190413752124
1.0088724638728792 1.0079883643139937
0.9905181957518158 0.9914176095615854
0.9994653029700145 0.9993113548882456
0.9959945996302995 0.9961475365119107
1.0090121393990370 1.0084744551865696
1.0044802159383461 1.0042719288797406
1.0037749926448090 1.0035372809592655
1.0033138440457385 1.0033396998686612
1.0023339217109566 1.0022183900163002
0.9993988978838642 0.9994629342553998
0.9952647313519263 0.9956510950257558
1.0037582998275845 1.0034047779506599
0.9908050586413942 0.9913791090668159
0.9907168321124151 0.9917114427458771
1.0103455648917630 1.0093278395509380
0.9993828664459329 0.9993766359544609
0.9930293551411613 0.9934209943888263
0.9980132022066769 0.9982899816806988
0.9998656087476290 0.9999334502816414
0.9942749025096078 0.9944276995656952
0.9936360614973475 0.9938881619919306
1.0101351044219147 1.0094432481216973
1.0082074000672476 1.0077669299955359
0.9898899012947991 0.9906085742735210
0.9998890476772104 0.9995561506057057
1.0039543031340246 1.0032283958826442
0.9910548630606169 0.9916235040096324
0.9971859342532083 0.9971951261397508
0.9996701405305978 0.9999686259261810
1.0097655010100699 1.0089655960546671
0.9966551410686261 0.9968301642357386
0.9969588108021461 0.9969076446204684
0.9910278702700368 0.9916372767092790
1.0036973789696733 1.0036041187729785
1.0059271777394219 1.0052384812702899
0.9909246580221643 0.9917529104357786
1.0051868477742267 1.0048472139940761
1.0033885743966293 1.0032798460244861
0.9905123557807508 0.9912696064585065
0.9996992510356932 0.9997920068704249
1.0098381646059238 1.0093549689247940
1.0030304484624020 1.0031453154688146
1.0052383823015871 1.0048511799820503
0.9945375600880320 0.9947330173869027
0.9970182560211273 0.9975862349899189
1.0097605986838543 1.0091125415251676
1.0070896188965777 1.0068705095326447
0.9985458692461033 0.9988762283007044
1.0099157018889517 1.0092597548694491
0.9992037063038742 0.9994823061155731
1.0001196832651473 1.0002083899028378
1.0061342905158412 1.0057786576657937
1.0101565832614250 1.0092228772164478
0.9921244726487325 0.9927704026246508
1.0017943554766644 1.0015657874125585
0.9895946681802381 0.9905395641659650
0.9944338824485595 0.9950117266082230
1.0103977059216438 1.0095726888962158
1.0078385261369498 1.0076769696403189
1.0101199739663902 1.0093669796544296
0.9951549725960430 0.9955605263003018
1.0033359327854507 1.0032671865520690
1.0054661007849666 1.0051728399053697
1.0096592775472768 1.0089083259100766
1.0043772805776594 1.0044157037320243
0.9943063583131249 0.9947901462538125
0.9958821254729444 0.9962871444441352
1.0091036376976628 1.0083231023031114
1.0094874322349083 1.0087618552524658
0.9936934082606861 0.9940621449486098
0.9934707392780366 0.9939309752736578
1.0103204177278311 1.0096640775104349
1.0064553209550511 1.0061616799044755
0.9992177919887486 0.9991912301385376
0.9945503474381922 0.9948109331262820
0.9903791604707332 0.9908565476480429
0.9984076352951113 0.9980768383598073
1.0021026593601225 1.0018257817807914
1.0049827699445220 1.0047522213021418
0.9972288261098869 0.9975438105089524
0.9979675356773455 0.9978685622168632
0.9934309431621212 0.9936711442333329
0.9923715970430254 0.9927704230008302
1.0074642195959689 1.0066993763290097
0.9910520053883106 0.9918794271212037
1.0076943509425029 1.0068673526706085
1.0069912989513516 1.0067188521239721
1.0056800511184529 1.0054236294900729
0.9997315010434161 0.9997931975988871
1.0050433669236163 1.0047573443088962
1.0080071945095967 1.0079770680102409
1.0098096395988514 1.0090445253650755
0.9951384100432968 0.9956463064129819
0.9915128432625065 0.9919857553040866
1.0081011068487229 1.0074956099535473
1.0044357033425275 1.0045937194200558
1.0029251331552709 1.0027837040943735
0.9991781399529761 0.9994318894570776
1.0024646334232015 1.0024113880660328
0.9986123254572621 0.9986933163546138
0.9912256871740224 0.9919545409597306
1.0047830187542857 1.0043640970173846
0.9912062900280540 0.9922070520711417
0.9967221335510831 0.9966629153672328
1.0031410553286217 1.0028757819333214
1.0096538942137134 1.0089322983720745
1.0057436417322174 1.0053777460378537
0.9899986284287943 0.9908962196305089
1.0016155944489060 1.0014539707809615
0.9966321507121917 0.9970622126018508
0.9937150768561528 0.9943032371869774
1.0060375299916706 1.0054498669182701
1.0025456151848600 1.0023642919102493
0.9959067309216957 0.9966851196757847
1.0069033031533918 1.0064834867282730
1.0036064478183400 1.0034295115853173
1.0097585060150651 1.0088860197267544
0.9896598855322969 0.9907730510533406
0.9960165948040082 0.9963633945394299
0.9975218106714954 0.9976555462571298
1.0017104917970210 1.0012317975312208
0.9937689487954219 0.9946085613478212
1.0085705277725818 1.0083147879962693
1.0039965598973135 1.0037609984870171
1.0031244650809845 1.0027429052671570
0.9909134967785170 0.9914141172214388
0.9908816295419162 0.9912616664600519
0.9928221962711801 0.9933297805155135
1.0089899092005692 1.0080885659035728
0.9937001760725371 0.9943604700028816
0.9983561229556213 0.9984303866469918
0.9992993305384729 0.9992561761894566
0.9991496995846332 0.9991449167710977
1.0000477467076991 1.0001299020222378
0.9896769999538289 0.9903321998922546
0.9955129070357894 0.9955507928019922
0.9957699594090181 0.9960772168583296
0.9989760329657136 0.9990461609873039
1.0010541201413217 1.0007553671325946
0.9967417382226897 0.9970999011141930
1.0080544678767103 1.0072409091948074
0.9899943966848699 0.9910334064687378
1.0027805492099928 1.0021824765543867
0.9933393052087022 0.9938949546629076
1.0058929638700520 1.0054384272714847
1.0073993041764782 1.0068680140324335
0.9922057368129438 0.9930818345443791
1.0070000518945306 1.0063807171283505
0.9991368396632980 0.9995489363860734
1.0053075378927536 1.0049467739228397
1.0014804335647769 1.0013124721737399
1.0064710874391756 1.0063920042810381
1.0095611107383384 1.0089184449511461
0.9955538979689006 0.9957628138426814
0.9903269913501377 0.9909359634174516
1.0005805419462568 1.0007679358469828
1.0088290294502635 1.0082035280726855
0.9916789326583283 0.9923820064253442
1.0021147671296826 1.0019768363935670
1.0047441237905261 1.0046839734507782
1.0095077857441153 1.0087010469448774
0.9913916733157964 0.9923313105333323
0.9924225468931644 0.9929813798557728
1.0088660182596250 1.0080405321087365
1.0003350131584596 1.0003644519657968
0.9942341105277392 0.9945965650514934
1.0013372352128085 1.0013092665785284
1.0060685510106950 1.0055639255764794
1.0058753789877115 1.0056143696158655
1.0061139891584368 1.0056525452690772
0.9940825994983035 0.9946188321509488
1.0038836815113470 1.0035736184985395
1.0073283817314689 1.0069929876172863
0.9921707529888313 0.9929176843975711
1.0017283726250061 1.0017631089863006
1.0065697114409169 1.0060053003973473
1.0017342366866913 1.0014154982577192
0.9975705483696321 0.9976702540682366
0.9938819361004356 0.9946828769546925
1.0073589071241489 1.0065742731155134
1.0061587094276347 1.0059347266756971
1.0036248362008009 1.0035811419611749
1.0043521751756388 1.0041458624915649
1.0089080386240246 1.0083628766803399
1.0077034181061324 1.0068221470293279
0.9900228097635065 0.9907391655840062
0.9986393599980651 0.9984337899606552
0.9974890496059121 0.9974281055823578
0.9914398271763822 0.9920272753520288
0.9933790768405348 0.9936055008786122
0.9913705333527622 0.9919615995541676
0.9982724637951894 0.9979953079259251
0.9976394223492363 0.9980266497280198
1.0046423470880652 1.0039196787303373
0.9898050862327366 0.9905913819814474
0.9975016674902858 0.9976967915002384
1.0004644529783571 1.0003905104405788
1.0021491491767782 1.0023858154927021
1.0055370848110012 1.0051225067231073
1.0024316160308671 1.0021456814407588
0.9926420532350074 0.9934248131890587
1.0074508626858480 1.0070037308187936
1.0095442669891208 1.0090714783880059
0.9966651131747691 0.9969749474576379
0.9948862995867958 0.9950891634167492
1.0048399805104924 1.0042914533956235
1.0029106865998323 1.0029376525836211
1.0041729867477871 1.0038258874753327
1.0024787863680942 1.0024139121667162
1.0084823286877196 1.0079374915806958
1.0027086214869882 1.0030311620624439
1.0103147286219785 1.0094283572914329
0.9970802340166712 0.9973061391656182
1.0007932098406549 1.0007471186034393
0.9934191020441662 0.9937259972195538
0.9909886341140084 0.9915142753519913
0.9943378244422140 0.9946996347525969
0.9992639096071818 0.9991956316767527
1.0016761225284962 1.0017821218601988
1.0015629699262532 1.0015609312760168
0.9944977838493626 0.9949940211691086
1.0012407939814518 1.0011246314477877
1.0094277269000902 1.0087559271102577
0.9964064654254262 0.9967668618733363
1.0075641324910951 1.0070622082190146
1.0011315804674243 1.0010973077178573
0.9941728909414550 0.9946332645905217
1.0066757710198520 1.0062108469690483
1.0073201849321725 1.0066384321510806
0.9907827655269865 0.9918848387187038
1.0040683814697096 1.0039294504118488
1.0031283856443380 1.0027872208433777
0.9948184387377754 0.9951059688590248
0.9948861334213406 0.9950548435930716
0.9931370865570965 0.9935157259654763
0.9983479758865826 0.9982977126400998
0.9992893092912685 0.9991048311153847
0.9969976325824992 0.9971136212270473
1.0064652678237289 1.0059375996772766
1.0051523208280233 1.0047102140652768
0.9989718034384143 0.9987963920575910
0.9965037215435996 0.9969459361861968
1.0083592383821924 1.0074388163114560
0.9963990068406146 0.9968035607532505
0.9948348354332759 0.9949804972105156
1.0028066501379052 1.0026789433038203
1.0045607831933192 1.0046341034937392
1.0103497784409690 1.0094754752952910
0.9950541216777616 0.9956080040275739
0.9900469877044186 0.9906310168267705
1.0032467282381676 1.0026447731808876
0.9962470039621441 0.9966619127508645
0.9994459135654923 0.9997247733074521
1.0040309881886385 1.0034983819555472
0.9983835267592562 0.9983379789870691
0.9899424585916534 0.9907782933601128
0.9964500845790248 0.9967442777447987
1.0000856425749953 1.0001147017442902
0.9920788707438287 0.9925960840727024
0.9938711079876780 0.9943320603309370
1.0025318572956745 1.0021686377546608
1.0003537746399391 1.0006415298253049
0.9971007118833193 0.9973588415783657
1.0018546212559531 1.0015404548133751
0.9973841655327598 0.9977396501326240
1.0103971253794375 1.0095063853762929
1.0053157820266867 1.0049690938188494
0.9902871856973585 0.9912287664377182
1.0066251366241530 1.0060546671486990
1.0037856194942896 1.0036772566819854
1.0084901011420275 1.0076181043399277
0.9922737676304505 0.9930268863736267
1.0049043731818161 1.0045645599434014
0.9958168313062289 0.9963670622486342
1.0039824771692603 1.0034844329387322
0.9946796542144840 0.9948947646850282
0.9925583459057611 0.9929620488854858
1.0029785130485664 1.0025714408546618
0.9992168476721686 0.9995273502020666
1.0064953875666969 1.0058720398152663
1.0085585100497081 1.0080648838154964
0.9907074150224262 0.9913346206023745
0.9927887419038625 0.9928855079533323
0.9914346454497982 0.9916581305914437
0.9923674808515515 0.9929367513628742
1.0081918746382406 1.0072130480538202
0.9926458451024396 0.9932700042148788
0.9913606852297918 0.9917734477579839
1.0037466051789030 1.0034000224476289
0.9981514196328646 0.9982887174447743
0.9921421599330866 0.9926723377114359
1.0064716377163831 1.0057510017476177
0.9909106580663545 0.9917892730751141
1.0015128082012283 1.0011795315050720
0.9967191606892742 0.9971552785051599
1.0072002665732314 1.0069488113953651
1.0103832553058729 1.0096215549893930
0.9901788909307854 0.9914518313035217
1.0057879665046705 1.0049661719307221
0.9912172066262929 0.9916068517717568
0.9997055461241692 0.9995476369872491
0.9980990314662135 0.9981210851626438
1.0040623254371834 1.0036225770584504
0.9912737718693531 0.9921718680709055
1.0016744050354536 1.0016336535865189
1.0065109580369620 1.0058981328871188
1.0083924838067406 1.0078721232188113
1.0093757631761477 1.0086706677455588
0.9997302556451400 0.9996124340640894
0.9979900684145931 0.9977968223926890
0.9917513319266090 0.9923680951070688
1.0086146034053469 1.0079894705123762
1.0030780519531395 1.0029240261710921
0.9939047207037384 0.9945053379434405
1.0045428219653254 1.0039881606709993
0.9987882974064833 0.9991738617814946
1.0075101720683108 1.0069387008695465
1.0025657598775952 1.0021574386015872
0.9987836584115480 0.9988846091327533
0.9937143952681801 0.9939873987161514
0.9948706311474067 0.9950154922275923
0.9919126614352083 0.9924690602126172
1.0034382377183517 1.0035452748550659
1.0092598963624770 1.0082773714491380
0.9896183636263521 0.9905123185451843
0.9923920166268601 0.9928377443847684
1.0006029076888043 1.0001071716592789
0.9904236082029464 0.9910527025325467
0.9988955881156459 0.9985889868810356
0.9916660422998430 0.9926495822266321
1.0068675270859495 1.0063628289567565
0.9926464582537630 0.9931967973189227
0.9984066437444463 0.9983168525964795
0.9968658955481443 0.9970558220202118
1.0087948812861394 1.0079601474646382
0.9942283209054894 0.9952001627927203
1.0072424579338959 1.0063724080061225
0.9935268239881159 0.9941388212815513
1.0002525267338838 1.0001518456284491
0.9994193784094110 0.9992323234033726
0.9940423550925036 0.9945758286149563
1.0057093014425582 1.0053640472938745
0.9966435967624483 0.9970443998796322
1.0024188574557860 1.0021690165906585
1.0078713587858554 1.0073864955122094
1.0059069977363877 1.0057265349311042
0.9966877031424213 0.9972770510152251
1.0065056345975150 1.0057764583054052
0.9998024236485399 0.9998592664123741
0.9904772953697358 0.9909078651547722
0.9979091644904008 0.9978366560971215
0.9932763823380131 0.9937320084144791
1.0024589675787476 1.0023589083511122
1.0053797425693247 1.0051827692468993
1.0085435162113863 1.0079954925125629
0.9915665944608090 0.9924699689015309
0.9936501383764159 0.9940702836901599
0.9910459297382902 0.9917373145720850
0.9931830893562704 0.9933726152274509
0.9948790284038540 0.9951071611241217
0.9920273409229549 0.9925741834425325
1.0050657411595936 1.0046924354786078
1.0043781298073431 1.0040560775592897
1.0000076679766536 0.9998094853628142
0.9964570947831255 0.9966634854637425
0.9954900255071505 0.9955550601780986
0.9924361959697741 0.9927913413460672
0.9901915818738016 0.9909524440318040
0.9984914408077842 0.9983726316209414
0.9919125837424309 0.9921148599241831
0.9929170073651600 0.9932133450677738
1.0060918288878262 1.0052866919846897
1.0016345420125909 1.0013939032125871
0.9925199024193366 0.9933646088153602
1.0027233652417806 1.0025034221217906
1.0088518549452676 1.0082480597614751
0.9985279659115406 0.9985651910441894
0.9947370903689317 0.9947112037615723
0.9951909662903493 0.9956323884456085
1.0101192728241022 1.0092506102963597
1.0061290164382144 1.0061490662647088
1.0046456169860609 1.0044594761948267
1.0057685823160554 1.0055501388692647
0.9994865074097292 0.9997810959541580
1.0046705702852197 1.0047717914722030
1.0085936166985896 1.0080475177610095
0.9985196774805800 0.9991784941853936
1.0099318352307010 1.0089940630502705
0.9984276322273697 0.9987467403337670
0.9940551889585534 0.9944758147740743
1.0086409126500377 1.0078362234760343
1.0066423757346143 1.0067288764313929
1.0098729597094713 1.0089219305579151
0.9896287143494478 0.9904341642076353
1.0002640579603708 1.0002159129924899
1.0023941556841760 1.0022300566651070
0.9974916164596567 0.9975408007869643
0.9977973278191732 0.9978896172911439
1.0005960143932955 1.0005693462019067
0.9960078792020928 0.9960909337020761
1.0039520664075423 1.0034537627621334
0.9997240486106903 0.9995864859113198
1.0016264643633881 1.0018363909447965
1.0087940969298521 1.0082543453034500
1.0050035954456233 1.0052224168156705
1.0078380871871175 1.0073534296328133
1.0056798463250769 1.0052761692618779
1.0060873324375690 1.0056362541349744
0.9961948994038082 0.9965883311254167
1.0087652945735570 1.0081118685413810
1.0063532977003082 1.0056568771633076
0.9950990898733183 0.9953521980030213
0.9921542922782878 0.9926029515315209
0.9938790497841009 0.9940024788655750
0.9976788083799931 0.9976762489098852
0.9967786357944761 0.9968585021605203
0.9953065844354626 0.9955857872093414
1.0097349719539161 1.0088336128757793
1.0059309676766504 1.0054793065998446
0.9926689500385172 0.9931068737719103
0.9953300392759692 0.9953526454985004
0.9906542431331318 0.9914183188383946
1.0051655846999239 1.0050707270443495
1.0040172606934104 1.0037920061543772
1.0068148559120413 1.0067133918317737
1.0094460440681525 1.0088121264589776
0.9925193872715478 0.9929941487120235
0.9917846672504911 0.9922607743001468
1.0025523197377011 1.0021450696614786
0.9985365938533005 0.9990320242365172
1.0058590490152044 1.0055163747763602
1.0036377759845898 1.0035601093137856
1.0090989022776147 1.0086773787360532
1.0065285727937869 1.0065008801064732
1.0085051708496751 1.0083300451250634
1.0055151672490716 1.0056786051056397
1.0067820616166390 1.0063034202763812
0.9961822637442569 0.9969230440012168
1.0079508651400777 1.0073214188306872
0.9927228966201448 0.9932339725761347
0.9947016139251643 0.9951850742610145
1.0099496435335180 1.0091008784586903
0.9929029026495187 0.9937527296027023
0.9904931706900781 0.9910224634154156
0.9984180543380079 0.9983116094849545
0.9969663178720735 0.9971753654337773
0.9952026167287815 0.9952273193563984
0.9917245243031242 0.9922656212777106
1.0080396259103512 1.0070593373291383
0.9931435016473675 0.9935659131759661
0.9949331663663012 0.9952619238159014
0.9915959975508281 0.9923471929744166
1.0085106152137300 1.0076356537626490
0.9928489407358347 0.9937346591568614
1.0090237895611895 1.0082095313333015
1.0020344520788318 1.0021339232690853
0.9929821527543442 0.9937281882032200
1.0068706717091958 1.0062600892207558
0.9986544502599137 0.9989591646535594
1.0025556195577301 1.0023559086975351
0.9908366306195017 0.9915455976051155
0.9906979853734511 0.9911237225991385
1.0001670749220037 0.9996256587151251
0.9914557948353324 0.9921305166036180
1.0033580967664637 1.0030280281908026
1.0028763897227684 1.0026233525327439
0.9978034964132338 0.9978570872567820
0.9979455773318318 0.9981141893865280
0.9985535295710827 0.9988993042588332
1.0015404365805576 1.0015309136496995
1.0049679652123564 1.0047494720996957
1.0021417445879512 1.0021720477583909
1.0084785714019946 1.0081644858575187
0.9981318128201888 0.9986625761812220
1.0072682076536679 1.0066641559083966
0.9947848354504089 0.9954992370891572
0.9961023655133717 0.9962233249959640
1.0038396788320088 1.0031977068836346
1.0011018505089084 1.0011516724185505
1.0042943561459072 1.0040516954619898
0.9956172932957504 0.9961261280141188
0.9909441785349151 0.9916081728922878
0.9975778576511884 0.9980202654372847
1.0080411996258554 1.0078042898471775
1.0077411725764704 1.0076281676422720
1.0086534006363304 1.0081915642391868
0.9991590868500787 0.9994307656928267
1.0023362854797255 1.0022410116792808
1.0092805832341201 1.0087867888967097
1.0020570310927053 1.0016769869026840
0.9946678227750918 0.9948052628472075
0.9976175325105541 0.9981903133217661
1.0093416347605424 1.0086053401605108
1.0089532060123707 1.0082517858768039
0.9993837463428989 0.9994386853173921
1.0038567778594965 1.0034347977286566
0.9948356375052614 0.9951609766385974
0.9961049957180568 0.9961587228768527
0.9920229043841080 0.9926004430181384
0.9970888154748134 0.9971154456081563
1.0086970208488288 1.0081565975416336
1.0051830641388675 1.0047338543351203
0.9985858830492610 0.9987170989447894
0.9951809418211687 0.9953379956122588
0.9898444511680488 0.9908784433942934
1.0046292186398267 1.0041578406790879
0.9989420983838238 0.9987904873442535
0.9957114599351217 0.9960638661716229
1.0065139531398997 1.0059018251704872
1.0003574617704238 1.0007049147587297
1.0031376634080842 1.0027682241661675
0.9995714446643257 0.9994787733436044
0.9947963930416004 0.9953203895249029
1.0065780787589416 1.0058699087743275
1.0031972458543310 1.0030686118723990
1.0001417605949170 1.0000354711577186
0.9977757977123293 0.9977878214036432
0.9946901283596408 0.9952894560188137
1.0082641767457277 1.0078050833372436
1.0089694702527343 1.0088167722658647
1.0091950396569205 1.0089522335411623
1.0092931839696848 1.0088775887152872
1.0044953261462106 1.0043325307103355
1.0028093404344667 1.0026471710566813
0.9948260101076316 0.9954645063009597
1.0069385605997192 1.0061635569832623
0.9993839022567574 0.9992630080936089
0.9901657925212497 0.9908321642838762
0.9975315796971140 0.9976990462835749
1.0079023697157969 1.0076915642580329
1.0093880032806635 1.0088372982232672
1.0022848404570930 1.0022272912189898
1.0063798542093307 1.0061144942934950
1.0074266142140269 1.0072038769530320
1.0001771220494093 1.0005241115254304
0.9966933927312464 0.9969040406654631
0.9942680335130090 0.9945716703350646
0.9989905713142440 0.9989960677897279
0.9992873267240147 0.9992199671624737
0.9899253184182383 0.9906637713924102
0.9905387556376025 0.9910671447476208
1.0100664042812277 1.0089118719305430
0.9969509670386986 0.9973088301862389
0.9988264069435089 0.9987529112161461
0.9898121002183740 0.9904277558080216
1.0008503719739996 1.0007637320355995
1.0023740376161328 1.0021957285520167
1.0079568993840700 1.0072355461449158
0.9992117205586886 0.9991713887289005
0.9949604526299533 0.9953952718947713
1.0092283734970122 1.0084296371026307
0.9965715469933649 0.9971101432841109
0.9930543992028834 0.9936820702349921
1.0065633154124360 1.0058661811498184
1.0083811407594729 1.0078801497588594
1.0009878017414158 1.0011220269689014
0.9930087617003527 0.9935290659174885
0.9906530013861186 0.9909683808499854
0.9969164560319483 0.9971725743276603
1.0097969967798712 1.0091918475215895
1.0006588656943209 1.0007506139494120
1.0043164627963210 1.0039799916449628
1.0028429514461159 1.0026698562062937
0.9968783276189666 0.9973879622096438
0.9966856210013454 0.9968671203422058
0.9908177714909656 0.9912701945601697
0.9984961583193844 0.9985644116561240
1.0082275199009749 1.0075600155873521
1.0050135318404021 1.0051987561669209
1.0098951933612532 1.0093452050253626
1.0010042098629424 1.0012328291557728
0.9948438595004060 0.9954069251221280
1.0030131815348531 1.0029135716420843
1.0040653240100081 1.0039589260338060
0.9982852311419588 0.9984745988354156
0.9952390004822690 0.9955245512826902
0.9977549430259994 0.9976830426702171
0.9968293103874125 0.9968239403117151
0.9991740376033125 0.9994724378025374
1.0100268627360103 1.0096068445286333
1.0014198724735102 1.0017436044082875
0.9991737348227488 0.9993699775847930
1.0037822503112854 1.0037062388095273
1.0032213989008665 1.0032270296936043
1.0082472084639558 1.0077122336616320
0.9945034267322900 0.9948711898977151
0.9983701200716476 0.9982684094713478
1.0004227806153017 1.0002105901426457
0.9945492163871142 0.9949475907399613
1.0087227811086008 1.0079145769823716
0.9963366837578563 0.9964995751501224
0.9905043854401564 0.9911425902162222
0.9903186808332192 0.9908416547538024
0.9951307792521327 0.9952312662402006
0.9936638378648508 0.9938690408993709
1.0027710261934086 1.0025829537939002
0.9961826572518002 0.9966232583130141
0.9947687374468945 0.9952538069334652
0.9995831541005130 0.9993590404480006
0.9989747624887588 0.9987214109974435
0.9919532940961897 0.9929822788038649
1.0094576301402052 1.0085767245111437
1.0050636965819360 1.0046315533262480
0.9905208848717534 0.9914961036544526
1.0090388083340822 1.0084996918641449
1.0056621514790416 1.0055897400205032
1.0103150255076834 1.0093866323533336
0.9925557619694483 0.9930600080354648
0.9949588041852532 0.9954040598943235
1.0084373745639366 1.0078628268255383
0.9908956925011287 0.9915817598976286
0.9957618755630535 0.9961296795610474
1.0056285911998548 1.0052650588117880
1.0103022822361833 1.0097029191133811
1.0053125056406047 1.0048218012875263
0.9917454764343698 0.9924706103209194
1.0011816289052677 1.0010022047841416
0.9971478355652137 0.9977273564502208
1.0056518674704893 1.0053296798945126
0.9936297690238106 0.9945960626485130
1.0029296288410454 1.0026206136436260
0.9952587406614530 0.9954722595697036
1.0029245317542117 1.0028684662240726
1.0065811283317210 1.0064540755840965
1.0089184715995252 1.0084055794007232
0.9937128180168012 0.9941267474784224
0.9954102553543005 0.9954900377575363
0.9989684535950869 0.9990078204470916
1.0090478099900817 1.0086678191375356
1.0086855613078638 1.0085288977083184
1.0056983742156325 1.0053377227066469
0.9993729563241509 0.9996535393538762
1.0025460526812673 1.0022933831813494
0.9940161930151624 0.9945097326246279
1.0057531565333042 1.0054277037693045
0.9948139340390840 0.9950895041759501
0.9982345206731782 0.9982820677338672
0.9979618154989979 0.9979475739412531
0.9918589564905574 0.9924567836937169
1.0095613099319340 1.0089560961295772
1.0043100381643584 1.0039592804440791
1.0002927746029264 1.0004649728507378
1.0066642898319029 1.0060650934449258
1.0025510884368238 1.0024887696075599
0.9971953793772161 0.9975555922679046
1.0101264798312077 1.0095641540228113
1.0089575982686203 1.0085758776645937
1.0024454494137407 1.0021895407496269
0.9925296521522107 0.9929857414267208
0.9939031870232397 0.9943573467409698
1.0088348984161637 1.0079286474098199
0.9945834409950348 0.9954054333013086
1.0034493517113279 1.0029904323624139
0.9959898439826089 0.9960927055200942
1.0021518497239459 1.0019964457552908
0.9993757125882815 0.9996887688918276
0.9983667469519704 0.9988318646122649
1.0019883132492133 1.0018253441313745
1.0062256160906471 1.0058648330038091
1.0068304450159895 1.0064135086550161
0.9957522281921591 0.9961685022158984
1.0024421534088290 1.0021470971607065
0.9937103816789867 0.9942665839894658
1.0014623200136439 1.0013779765322413
0.9947485124668802 0.9955351169740192
1.0102818652180721 1.0092605788665481
1.0062522559684952 1.0061725118337805
1.0064808003032559 1.0060969617164695
1.0076420325644138 1.0075936522416848
1.0101133283647921 1.0096239985962205
1.0036641120847856 1.0036245000328081
0.9908669333571027 0.9916618412739401
1.0081035931495945 1.0075500039907368
1.0042192135483494 1.0042240619794041
1.0093234709534229 1.0088565784655217
0.9979376783705932 0.9979042796161370
0.9949394841963138 0.9951577900649569
0.9967045965205971 0.9969717501183707
1.0090440797325717 1.0086427655357606
1.0025328253958112 1.0026735472223689
0.9924879012404521 0.9932913288909483
1.0062475415958718 1.0056820245967160
0.9986235006062563 0.9985898641177976
0.9913828252382973 0.9919038047698584
1.0086581696148553 1.0080109482808015
0.9951426741839862 0.9956340683618790
1.0047687150051972 1.0041924501370723
1.0000212711830181 1.0000998621584416
0.9980344404935676 0.9980861208165918
1.0012536265826575 1.0011730843025548
0.9912576796094433 0.9922354079268260
1.0101744035481626 1.0092339561387131
0.9998912390836959 1.0003792278683443
1.0084299276825142 1.0079172575203172
1.0023847568935622 1.0023478448767633
1.0010297769260057 1.0014234640445634
1.0073529902485141 1.0068137284215113
0.9988241609311483 0.9990140894049168
0.9990884087527977 0.9990419467206607
1.0006882343181434 1.0006274067239962
1.0035798280190571 1.0034916213499747
1.0038729601227478 1.0034111886493664
0.9921441213236366 0.9927246386099454
0.9928524997751911 0.9930145614210857
0.9953890909749341 0.9958454605298830
1.0086404984281174 1.0080194883387465
1.0080586308773336 1.0077311199159804
1.0011102274617643 1.0013125962677718
1.0018466340249588 1.0017190834085241
0.9942092335154442 0.9948145048147141
1.0060308156627584 1.0054086125730084
1.0078219628982876 1.0071407642514518
0.9959790020108424 0.9962769853322420
1.0016580142566087 1.0016899479343715
1.0070615191039942 1.0061855363339400
0.9904136546495185 0.9916149093360300
1.0049845703913010 1.0043251064500660
0.9927600728849246 0.9936018564450019
1.0072878806099959 1.0069042505831525
1.0082480915182102 1.0081890105078362
1.0088674672733664 1.0085021384212083
1.0047939294924479 1.0047545564662110
0.9897962247245172 0.9905746329419430
0.9936428522653811 0.9942060502623601
1.0016764241644700 1.0015408610062697
0.9909223782994168 0.9916973970912705
1.0018194354120791 1.0012645609386275
0.9983315799831318 0.9984736431768069
1.0064585014862606 1.0061751888766175
1.0076027571830166 1.0071923734721653
0.9996937676830024 0.9999203591112752
1.0030181811132977 1.0028086445286666
0.9922413717278429 0.9927106621500951
0.9922783943337338 0.9927472676188406
1.0072740698111389 1.0066026090075926
1.0000200296962520 0.9999283287072660
0.9931200073867933 0.9937959523289867
1.0044002013541342 1.0041014823659944
1.0013136613592581 1.0011855825490850
1.0012282134732877 1.0012895319786352
1.0042892599274165 1.0037955400220531
0.9961415600612399 0.9967288137864776
1.0031239050981489 1.0027320553356873
1.0005185057959882 1.0008082528243103
1.0002908478820718 1.0006107995995244
1.0074126567555113 1.0066646007405193
0.9902062347010092 0.9911516058673492
0.9976754486252379 0.9975290206015429
1.0014003716173054 1.0011785611163375
1.0026088718645849 1.0025342730439086
0.9972257249339098 0.9975477069160738
0.9985221703566962 0.9987892433938759
1.0009785429355438 1.0007366146225036
0.9954026718170046 0.9955802837521388
1.0038963161426135 1.0032620367569351
0.9970903215623146 0.9976904694110997
1.0065474270160828 1.0063655079822207
1.0043418049949810 1.0041082331483022
0.9984187310431247 0.9984432719052398
0.9960436448740343 0.9961532135151377
0.9918064562467976 0.9922212086438575
0.9898477846195344 0.9905321268876591
0.9970315527107094 0.9969650153361127
1.0051470388369992 1.0044889461648026
0.9909226544749529 0.9918658853125789
1.0082628183889522 1.0071272233757753
0.9917595113628503 0.9926904714354294
0.9997900680315177 0.9994320002682791
0.9985701868909622 0.9989605972439000
1.0052009195105596 1.0047727791990795
0.9988187701438290 0.9991721305125764
1.0100282163058438 1.0092228434652064
0.9896811361484767 0.9904945112385223
1.0095440323632940 1.0087654240950614
1.0046936015243000 1.0044869692541087
1.0059102758753244 1.0051625345608508
0.9909795991384361 0.9917586001733444
0.9964231249046476 0.9965952076102175
0.9956247717283813 0.9961567204895497
0.9992174434637300 0.9994558648833624
1.0081901884383322 1.0076923098137536
1.0023183985316122 1.0023579882499905
1.0003310668474412 1.0003605918135041
1.0039172330055413 1.0033555917133907
0.9913125139696065 0.9919761955790438
0.9991991800798943 0.9990140418547074
1.0012875008008808 1.0010021092505610
1.0068586846246603 1.0063033454649264
0.9941365595280175 0.9948027163026351
1.0023112379918730 1.0020777118919533
1.0001413911575527 1.0001015997863210
1.0007944164804456 1.0006404577861461
0.9924849742195594 0.9932963294497482
1.0068984486375743 1.0064801300937416
1.0094083832382854 1.0086390590752887
0.9950984040848730 0.9959120692455820
1.0017065638997138 1.0012381131793362
0.9908615984058750 0.9913385054411440
0.9938715814534927 0.9944391976247006
1.0075276543172251 1.0070176115824829
1.0013533422019774 1.0015595793267251
1.0074024745825851 1.0068543801108734
1.0037291089720168 1.0036465591234769
0.9937633809646170 0.9942243118737604
0.9913131278107998 0.9920190962507343
1.0035790938970750 1.0032310744595292
1.0070165673933489 1.0068046364944891
0.9984640221384062 0.9985826248924977
0.9924329465039071 0.9929859210189520
1.0051730380594273 1.0046095552740202
0.9975233687700323 0.9976868426029184
1.0008785389197044 1.0003233860547232
0.9926975041746210 0.9931431421112030
0.9940151575648057 0.9943453688286755
0.9974742338605840 0.9971547894454295
0.9945791622112904 0.9952553501522775
1.0075228114739849 1.0067282081824298
0.9938061991842719 0.9944025290615707
1.0050829733383533 1.0043134059349568
0.9904877548291942 0.9912199769160128
0.9915045692671419 0.9918282593920420
1.0022498574359602 1.0020294568566031
1.0016756479425866 1.0015925336574953
1.0072917340799283 1.0068042090867382
0.9914569457597761 0.9920449271719731
0.9948586627792821 0.9950890895383685
1.0036072397184266 1.0032851429948184
1.0089370402303630 1.0085789372841185
1.0096230990041111 1.0091032064076544
0.9983462414569657 0.9986991901166815
1.0042827254400473 1.0041224337868169
1.0002171796563069 1.0005358841571124
1.0047189849338540 1.0044552035156613
0.9998966081984925 1.0000724812382500
0.9920775997146980 0.9923684792106249
0.9936971361207898 0.9937903189915284
0.9896901878782194 0.9904618236632875
0.9973973238022802 0.9974530026889263
1.0036758136053929 1.0031600269958865
1.0006061224008023 1.0003714810791753
0.9909234761549290 0.9918440936812236
1.0052362486019215 1.0046513360052658
1.0045284490040876 1.0041810942595788
1.0023071874464917 1.0021712414478114
0.9919736815219226 0.9929811878166784
1.0089189882303096 1.0079496390515643
1.0030704492753351 1.0029108794099213
0.9959034446919536 0.9962414015606105
1.0072105627322820 1.0067323129646248
1.0038772914364400 1.0039751666654044
1.0053935263535552 1.0051236421114318
0.9952797396197635 0.9959527971521066
1.0089303189697854 1.0085694890151398
1.0094410112095318 1.0087981234493602
1.0030207322671734 1.0029446314202346
0.9986411311004969 0.9988759133184953
1.0089865545983239 1.0084196594132098
0.9959706645390966 0.9963307785717141
0.9983840481703508 0.9981897259045455
1.0035019359424853 1.0032976268593541
1.0019719402227953 1.0017753676717420
0.9912481358606616 0.9919209690701531
1.0039714433247453 1.0034058496847038
0.9995095032903483 0.9992166895612381
0.9902467394734870 0.9909989709897984
1.0045781644129173 1.0039846718726571
1.0048998394880095 1.0046535151629119
0.9969458925329635 0.9971379766446316
0.9932821355503229 0.9939544139807966
1.0012917773231007 1.0008754605118053
0.9905102375065072 0.9912078111509743
1.0058915487527336 1.0053612290557736
0.9992417572293684 0.9994486131311734
1.0002374363114144 1.0003323651596578
0.9910251414073317 0.9914017027981562
0.9908906583491917 0.9913999901415053
1.0016557244509254 1.0014596695675353
1.0077398554752799 1.0074045930554045
1.0072447448365700 1.0069476753520710
0.9998147961995331 0.9998080553512274
1.0013250768708430 1.0015058794138265
1.0075729486564411 1.0071811930580481
1.0035592775817077 1.0036256514502155
1.0095653563803355 1.0088654107739605
0.9981700022295313 0.9983152574855675
0.9978283397263613 0.9979942041569477
1.0095308477897276 1.0085170688179441
0.9920641004699955 0.9925931255481095
0.9939060316605911 0.9940758395478260
0.9918787398863522 0.9925347633009155
1.0096474310113119 1.0086211829654561
0.9917461844286171 0.9925116080137484
0.9992606878235401 0.9991441821752940
0.9979975445753222 0.9981562388163269
1.0045092557500779 1.0038379952687380
0.9905540201793158 0.9913281125672756
0.9979579421979109 0.9981661999086046
1.0008793669450391 1.0009330631169828
1.0085481974203727 1.0082634082677679
1.0015387334992076 1.0019135381554236
1.0058756712183152 1.0054599200923979
0.9965195855246030 0.9970537453085223
1.0085049082869375 1.0078069420654359
0.9963862957734332 0.9972372435790581
1.0089636471476782 1.0081669070953436
0.9918446415154836 0.9926342325489544
1.0037114988495186 1.0032867979522793
0.9983129217166309 0.9982190538594706
0.9897797451961530 0.9902952336883727
0.9984159217720245 0.9983549538698987
1.0048509248348418 1.0042694675920962
0.9957065387765757 0.9961186168612034
1.0009077276223652 1.0008830427174318
0.9926500269058266 0.9933086407991092
1.0020123421786620 1.0016061803746894
0.9948682080303710 0.9951573202383317
0.9980973801870598 0.9983888352138700
1.0055628629772024 1.0051486879552614
1.0078371279175786 1.0073183598203328
1.0063316052431728 1.0060748554944241
1.0019765550304460 1.0019399510565710
0.9999248506437147 0.9999776631030637
1.0065132574737723 1.0062663931238687
1.0087045263819441 1.0083493547160307
1.0007958350192987 1.0008323179773728
1.0038320355601538 1.0033437474863915
0.9931527071742763 0.9938052715079255
0.9953419833423132 0.9958213114231275
0.9965023935165284 0.9965683032553116
0.9911423768560309 0.9916757379781994
1.0043798278030009 1.0039612131729874
1.0033978798429155 1.0034582375344692
0.9971102577316984 0.9972838227790114
0.9981937419382069 0.9984253406046489
1.0014547086872163 1.0012665574994244
0.9995969009436260 0.9996383896930658
1.0021016132592904 1.0021468887216556
0.9968712120646119 0.9969656785125871
0.9966056006399403 0.9965484245683028
1.0001330451166848 1.0001044677476874
1.0066191369886266 1.0060622909265271
0.9958301668489816 0.9961637368251914
0.9956739220645753 0.9958211409965618
0.9952829092142184 0.9954325597680120
0.9990020773371139 0.9991095301069292
0.9938647616018820 0.9943657852138673
1.0085119297674177 1.0078885557838941
1.0037785808440298 1.0037088035954129
1.0094558290244573 1.0092313453496604
1.0091293408933015 1.0087072610375543
0.9964188731430264 0.9968855150788797
1.0064932313850972 1.0057892170652738
0.9925644068406778 0.9933394894142966
1.0074857559000150 1.0068435712617141
0.9995746020479926 0.9999067006546781
1.0002111761526755 0.9999718036375372
0.9917928611325805 0.9924537355598905
0.9984677074803182 0.9981870896814987
0.9921103235586991 0.9924848902492820
0.9920038231642432 0.9924040341348920
0.9909518490466366 0.9915961381012012
1.0088211589948022 1.0080653317029560
1.0098650202512691 1.0093749844115296
1.0049448628706434 1.0047146661324675
1.0070508550232389 1.0064497858533892
0.9901896610227710 0.9911710838901868
1.0038923821981545 1.0032078535146818
0.9966664545396615 0.9969500557592545
0.9978389894826979 0.9980801815173471
1.0012852606808740 1.0013062702820477
1.0093037043318418 1.0085692567459945
0.9951860602848706 0.9957849380166682
1.0097062246819708 1.0090663522358141
1.0085049189616992 1.0082036588212471
1.0018933217133847 1.0019887027220467
1.0026742004945064 1.0027560908591870
1.0077850267652921 1.0074340085992330
1.0102925361916080 1.0095358028240302
0.9946515103990580 0.9950783640195177
0.9930096829050005 0.9932792538194133
0.9979852153862703 0.9981526878881434
1.0093327251567865 1.0083895053932141
0.9917840249675258 0.9923176181980191
0.9980752292855810 0.9978847998562109
0.9991143431794738 0.9992290146110406
0.9992408755922809 0.9992242312641080
1.0059185224743772 1.0056916486840091
1.0015660877606365 1.0013009090827776
0.9912988378291220 0.9921379933361038
1.0042331520021255 1.0037717786769698
0.9902594512554522 0.9913592875356754
1.0076774116241070 1.0069712210693733
0.9998913197975803 0.9999575092641064
0.9956591152309744 0.9961845398188025
1.0089495502887569 1.0081323962418121
1.0044241744869267 1.0043043554507189
1.0041356646002069 1.0040786501905061
0.9922578479461699 0.9931995523140746
1.0054140675281469 1.0050438615330604
1.0059197643421831 1.0056717688516077
0.9903024536754715 0.9909488097082563
1.0008837213418795 1.0005292868200706
0.9913417809491286 0.9918673766773416
1.0049609579381935 1.0046683211090048
1.0013483634887699 1.0012776015601847
1.0027868941063265 1.0027939518806968
1.0020481575340845 1.0016985752358294
0.9947573290796836 0.9954166315426479
1.0085412363040902 1.0078827352148718
1.0078196016648979 1.0073164306077811
0.9937083804178780 0.9940859100629759
0.9969878316123759 0.9972291364920248
0.9991371816490857 0.9993440617336982
0.9978717823437100 0.9981084462026044
0.9976848378675924 0.9981261241214074
1.0104326149444618 1.0092860802654275
0.9910559342293196 0.9918536480439704
0.9955477687665335 0.9956054804830091
0.9991251329585891 0.9988419433522746
0.9929125556606129 0.9934781617392273
0.9984546795997721 0.9984744846568259
0.9983748711253663 0.9984095352200058
0.9905356041322680 0.9913027958166605
0.9981336018521714 0.9983255230734267
1.0010291692025663 1.0009254399990954
1.0024823148620774 1.0023497751273149
1.0063144741884782 1.0060201113782974
1.0017754966075714 1.0019151954273247
1.0023962655760366 1.0023571822947805
1.0021245244946677 1.0017956509158326
0.9950297486388813 0.9953245191049250
0.9917372131052742 0.9923086317996346
0.9925647127859893 0.9925845009053670
0.9914100037120591 0.9919352567770677
1.0051585116489956 1.0042911544927347
0.9906801135527668 0.9914444712471586
1.0095227416862400 1.0087156827706711
0.9963798538860784 0.9970203749931804
1.0100069247198005 1.0091872802094701
1.0084832907184431 1.0082147045822925
1.0040909536822353 1.0040243327294587
1.0049738354534443 1.0049519562478892
1.0043262547019813 1.0041267851212758
1.0081938896526834 1.0075828189344336
0.9907683467959241 0.9919451592208827
1.0050025067706851 1.0045833436156100
1.0083098178002812 1.0079884133910455
1.0080226298736532 1.0073510464709194
0.9926846692122769 0.9934063506295794
1.0060104455890182 1.0054785828964232
0.9927918044467660 0.9933203603979105
0.9954117587986033 0.9955931584753968
0.9951095275978988 0.9954382882185048
1.0044546948308299 1.0039549757518180
0.9933244357873897 0.9941497947190904
1.0093599786147809 1.0085585376849227
0.9979057288321620 0.9985141156478401
1.0076316695917160 1.0070250565399386
1.0028508081137293 1.0032722576985726
1.0101766229546754 1.0095901140452768
0.9988717722419028 0.9991772936783977
0.9993450455664515 0.9995105807121571
1.0033347212997326 1.0030073448669128
1.0022968510807553 1.0021332147217799
1.0009908403729593 1.0007788801492454
0.9981296003436486 0.9984756042752152
0.9996283389572171 0.9994924483174539
0.9978661142014159 0.9976687006020776
0.9933681706409171 0.9939171121574543
1.0044408410167003 1.0037975743695637
0.9941326650318588 0.9943612640906082
0.9916527742466655 0.9919710115575369
1.0048702867572679 1.0044858173925830
1.0026446827535942 1.0024436209154646
0.9954068634415403 0.9958075074125363
0.9923648798417460 0.9929973656376544
0.9976457667751986 0.9976258815891098
0.9963377751981249 0.9967016773295869
1.0094292509365168 1.0086299387886983
0.9995033728188066 0.9996612942828564
1.0040465093310633 1.0038575105836638
1.0021206111620451 1.0017033095880292
0.9944701100119601 0.9947664235712558
0.9999501150754770 0.9994750339987466
0.9903393231934139 0.9908921634485477
0.9917565375507046 0.9920399773425189
1.0003964270619705 1.0002440445486265
1.0010701444723595 1.0010104992333071
0.9979649302374228 0.9982834756921533
1.0022381505259179 1.0024505953914202
1.0087023306895526 1.0081317350310421
1.0035726840683687 1.0035851611382052
0.9931395650704117 0.9939594773585325
1.0077434779571344 1.0073981853693721
1.0071874275601302 1.0066888801667657
0.9920732870167720 0.9929616316067142
0.9998945501829667 0.9998705089919450
1.0011596698514018 1.0010861648867524
0.9913072424361523 0.9920297911412471
1.0029288899708479 1.0027782651239203
1.0084429720369636 1.0078215808824953
1.0022963670248000 1.0022004047579984
1.0075309169010993 1.0068273183029524
0.9957440822698885 0.9964287985280562
1.0048173897492527 1.0043162882270229
0.9981023993834924 0.9986218728368204
1.0078044894671181 1.0072713045177022
1.0000150707281008 1.0004874953525906
1.0103334748738884 1.0096460570741637
0.9987062771333665 0.9992687820610789
1.0093010445223616 1.0087766084862906
1.0073814073914089 1.0069134259470476
0.9940898609192346 0.9945868505872032
0.9985167326517704 0.9984155978928323
0.9933517674064212 0.9936996797901301
1.0019087159492737 1.0016935368653952
1.0033629404141109 1.0030947037208686
0.9908574711907122 0.9916786809081275
1.0035501671269778 1.0030139912927702
1.0011134384626252 1.0010779730432653
0.9944020994226074 0.9946981800982239
1.0001656757716739 0.9998754974717258
1.0055245826591515 1.0049841280491656
1.0006922745631255 1.0010377160909965
1.0073192896607985 1.0069836154661533
1.0088951353898212 1.0080516390304146
0.9931018025973861 0.9937207070879167
0.9969549527718667 0.9969013504892515
0.9953212175270487 0.9957667161705764
0.9916525740157295 0.9922191710589978
1.0099756703129315 1.0092146696688873
0.9940753138285473 0.9948433705545875
1.0005728924042090 1.0002228399398552
0.9962690161098504 0.9963319004370328
0.9955239095360339 0.9956673360277059
1.0003649350789097 0.9998680559323713
0.9904896177469372 0.9914369615074502
1.0061385020216667 1.0054713399260720
0.9959862560998231 0.9964470491772722
1.0062014990007291 1.0057753469658812
0.9931106191387047 0.9938849954610021
1.0083756772526768 1.0078506650748627
1.0018330078829816 1.0019788944605701
1.0040913618650300 1.0040358022478451
1.0099592362948555 1.0093451825406521
1.0057795418715405 1.0054175632282814
0.9955470427096182 0.9961647763861693
1.0015043668223043 1.0013357218614756
1.0078665136905507 1.0072459021853410
0.9976479844110090 0.9981425744798927
1.0018374073633933 1.0018531500654926
0.9932693144258042 0.9936600685602748
0.9976148738170290 0.9979540909936802
1.0053689195599884 1.0050100112755798
1.0030878097991256 1.0028818679837690
1.0004357643504533 1.0003840072078405
1.0048917846041194 1.0047548356478180
1.0018333106845925 1.0016550399744351
1.0012977256740216 1.0011890888368244
0.9969298704385154 0.9972039124663092
1.0038378032294275 1.0035142416296685
1.0011610246411362 1.0013022968803100
0.9949246583922243 0.9950112045217141
0.9983968322782110 0.9981228573077205
0.9909394097817864 0.9914376097952917
1.0005603998016723 1.0006658858868547
1.0063373043950776 1.0059952538467389
1.0048540797917278 1.0043420124677551
0.9979750142610706 0.9983934890995670
1.0013023913153423 1.0009944009539884
0.9986269955084064 0.9983980915209988
0.9932548539932489 0.9936837671931336
0.9931347736508396 0.9935651905248886
1.0074733982912603 1.0070396335787397
1.0065447606364819 1.0062021673231394
0.9956431082829230 0.9961697351400836
1.0039160929421869 1.0034488794795877
0.9983778509253937 0.9986976913607543
1.0084792238035223 1.0076407514738659
0.9919300676160070 0.9927542873748907
1.0082486018228132 1.0077845488385571
1.0072479954576339 1.0068311388908531
0.9970053317240113 0.9973136896779403
0.9926974090596986 0.9931143004429498
1.0031240617094426 1.0027682180486979
0.9947384940674935 0.9952595135297591
1.0088855545413560 1.0078936707410189
0.9991549403093299 0.9994747955315415
0.9994168593897209 0.9994102693726999
1.0097440889325837 1.0088945484469796
0.9920327133577886 0.9926790662070263
1.0057729045487387 1.0056460023562956
1.0101641597552908 1.0093022802196667
0.9939026434111088 0.9945669803611754
0.9896357082407300 0.9904628060015997
1.0051610815140641 1.0049692022470076
1.0097277838696761 1.0090601792798264
0.9915229935645812 0.9923010652671159
1.0067117316168550 1.0063362672407188
1.0055568387064959 1.0055132329373844
1.0091260615542237 1.0084933977169266
0.9914788567292899 0.9923136135817223
1.0036482735026468 1.0033145838279631
1.0049793648903023 1.0047601231521388
0.9906961720938537 0.9914213535228618
0.9922636789178032 0.9926291462601110
1.0031980411248838 1.0028397309611354
0.9906075647250157 0.9911788500583819
0.9901013603253925 0.9906953685908827
0.9989583887858035 0.9986218465435506
0.9895565699359495 0.9904430009491931
1.0075570337305557 1.0068059328737884
0.9898247820136081 0.9903636292842637
0.9934410561298838 0.9937911693818140
0.9983863019665420 0.9984286425140020
1.0093502786736210 1.0087440187890730
0.9983522904674946 0.9987437892546923
0.9949556884267803 0.9955342862825335
1.0071740969724463 1.0062271185810028
0.9899855878693421 0.9905801101870768
0.9926037748800028 0.9926528122376258
0.9929032254546880 0.9930795287474555
0.9899781312303817 0.9907692757828402
1.0061332140453285 1.0055964666444830
0.9969132447177456 0.9974112495944951
0.9927738315111864 0.9933949367807754
1.0017516498280570 1.0017160378740517
1.0028889888965855 1.0028347390729340
1.0012673518899113 1.0012867371901040
1.0053206730057871 1.0048122659450074
0.9985293751742047 0.9990399448416768
1.0067369573154670 1.0064553423811717
1.0049657544328572 1.0045417574076800
0.9965934123519171 0.9970727493217383
1.0100463443822094 1.0090733783421379
0.9962555213023786 0.9966990962886837
0.9950961587041981 0.9956245914822189
1.0013714217139076 1.0011510889622255
0.9918141452536634 0.9924119421310894
0.9949872691742020 0.9951297065146392
0.9946662414759706 0.9947998928073071
1.0071479179085192 1.0063111463411640
0.9906071861537608 0.9918060866191258
1.0087800499080752 1.0077890974906134
0.9940610041471809 0.9946475545972120
1.0053930237806110 1.0052211162570155
1.0100656032164459 1.0093236626849613
0.9907971769642795 0.9916080909009400
1.0013400945814317 1.0014193612210323
1.0073856488208124 1.0068652110530194
1.0021986020897649 1.0025916739253902
1.0062734956910584 1.0057947199421238
1.0010213435465682 1.0014305291209062
1.0085783545315605 1.0082301564928842
1.0021304341193142 1.0019751839387725
0.9938451611216677 0.9942888092141635
1.0051201447672042 1.0047141848435210
0.9981717610957342 0.9983481238523140
1.0021572597247934 1.0017830071013696
0.9991690977110571 0.9991333947301173
0.9976007091394973 0.9975461889264580
1.0080247463409908 1.0073398254057913
0.9922640653007103 0.9930354960797683
1.0064903033277575 1.0058557051342485
1.0017037452657496 1.0017753100814903
1.0072334947206327 1.0068002237818277
1.0046667890190388 1.0043057450395689
1.0022692741226895 1.0019149148517019
0.9920301649503065 0.9928055851156636
0.9922072875635150 0.9924339755294384
0.9904568733690748 0.9910093934760518
1.0020596885950710 1.0012999159968401
1.0031252091542853 1.0025180787644559
0.9999067070597527 1.0001779553087482
1.0099055864630520 1.0093946092975092
1.0101663069865743 1.0095331921170998
1.0052246441797639 1.0053519462854383
1.0073792433857580 1.0068980745258118
0.9898357186764217 0.9907423848329460
1.0006228351608981 1.0006303266761851
1.0028487255095271 1.0027080106092987
1.0014314642706315 1.0013030428010201
0.9955570365049485 0.9960176626578280
1.0062372596545437 1.0055789310815386
0.9898272840469551 0.9909675798333989
1.0101202408240395 1.0090459958847404
1.0032082627427408 1.0033094859803837
1.0061833091499088 1.0059601229942257
1.0045334891674478 1.0041015236258517
0.9909955499499927 0.9914944643868976
0.9916283812706079 0.9917521469684473
0.9903352231184411 0.9909123054756227
1.0049625863865477 1.0041324116186967
1.0002443349075822 1.0003895898009447
1.0050346683966092 1.0045550402903882
1.0034555555284967 1.0032784240096591
0.9933341712688487 0.9941833297868161
1.0045710692948069 1.0042119217837668
1.0050168253573137 1.0047593175278382
0.9907613220428049 0.9918165009716760
1.0095616255940896 1.0088659983256063
1.0026563046916219 1.0028043324883136
1.0091931420904929 1.0088593215051072
1.0074680158078821 1.0073498677329786
1.0064776626924001 1.0060550601376075
1.0002609912338229 1.0001613810548238
1.0031676336846844 1.0029955679216718
1.0048065544124820 1.0045221655760104
1.0000308164938179 1.0001052004543578
0.9965574289956834 0.9967766783056458
0.9899274965726701 0.9904138139107789
0.9971782709222614 0.9976033555525159
1.0080832760036624 1.0073429129793552
1.0030418834905279 1.0029463106411554
0.9996261875911842 0.9995758391464512
0.9897858398868294 0.9905981833039939
0.9912202723938007 0.9915936389465835
0.9969212186378020 0.9971549222579518
1.0103416281262363 1.0096352897436975
1.0072561866817888 1.0067066646613725
1.0060743928529698 1.0055145500026768
0.9913669941624828 0.9920178592168745
0.9964202383958980 0.9965216559359169
0.9966198822110820 0.9967667278409812
1.0052718837840762 1.0048927527473643
0.9978064335780847 0.9982738515425116
1.0101030731203269 1.0095975852216261
1.0045860319012854 1.0045027392135102
0.9998286091148457 0.9998878462940236
1.0048237498657406 1.0045623644938866
1.0028079347102774 1.0027924565360555
0.9931718155154192 0.9935241502055034
0.9956068791108827 0.9957960186283509
1.0055601109221126 1.0051613744013483
0.9976806185848039 0.9975671357191740
0.9901864800807698 0.9912916159080714
1.0082408161518928 1.0076137023749721
1.0038798454851827 1.0041090271872983
1.0048139069515003 1.0047682066176173
1.0003172820186099 1.0001644527789431
0.9960946436621259 0.9960532708827932
0.9902744163634423 0.9905195775082033
0.9911898512846229 0.9916184096161402
0.9920225265155431 0.9923000072198904
0.9954574736693936 0.9958101371916306
1.0001830460745549 1.0002274740861519
1.0029527429145659 1.0026163651545950
1.0086397392443034 1.0081767994879720
1.0090226652200904 1.0086052086160406
0.9999377669539646 0.9998909894252866
1.0034196631476060 1.0033998064825882
0.9943734136426657 0.9950412569080315
1.0077920212239533 1.0071744044395865
1.0000822333272590 1.0003333739589986
0.9930967201870505 0.9935195268465591
0.9918219000840418 0.9922268802510739
0.9933044766687631 0.9939120470071506
1.0026598269120741 1.0023797528531557
1.0009617615243001 1.0010583063455918
1.0093774505764170 1.0084101731629200
0.9936112808462519 0.9943266835877315
1.0073353763603405 1.0065707815627951
0.9982661655225921 0.9986526131412178
0.9935309291615102 0.9941592495534248
1.0003976670814618 1.0003971809075844
1.0060900065364464 1.0053682721520290
0.9926727889387261 0.9931376926017946
0.9969548945280652 0.9971481052732473
1.0069842260597557 1.0064904329019295
0.9904514711542919 0.9915850422537221
1.0048664590489989 1.0041431827584320
0.9908202829884059 0.9915266428095637
1.0002324056261926 1.0003456975041582
0.9924656934744807 0.9928296885659853
0.9959028793075668 0.9960694867122211
0.9919187203709450 0.9924394940831336
1.0055825209941949 1.0050049055327235
0.9971461464710702 0.9974066091167797
1.0029780815498770 1.0026492694942992
1.0018176238778298 1.0018366460470172
1.0102216680123730 1.0095311064936958
0.9911369586027028 0.9919487006440874
0.9980827985813396 0.9979756073944458
1.0020053317240178 1.0016908363865265
0.9965435512687154 0.9970421328952699
1.0073771909391067 1.0065616908340937
0.9997238796111110 1.0002857151144702
1.0099749751414004 1.0095426876323397
1.0088277706924129 1.0083933709940140
1.0004321222011814 1.0006030682507994
0.9998470334710960 0.9996487742705354
0.9955694567724417 0.9958981024830235
1.0016639327472130 1.0011188692203283
0.9951778334471011 0.9953893809254105
1.0043257649801434 1.0038719432755998
1.0016678164053647 1.0014168696881887
0.9901868085538948 0.9908866881344526
0.9935376346771255 0.9940762550444554
1.0007475107276917 1.0007196169348131
0.9924126771664241 0.9932804125289765
1.0093275748893240 1.0087309979086674
1.0004615616026167 1.0003728042430950
0.9926745396160452 0.9934514197814585
1.0064738684541761 1.0058196212147477
0.9964492793768852 0.9967442483093208
1.0020209115006395 1.0017472951941377
1.0096040349286466 1.0085865025211247
0.9953703244357215 0.9959188858162492
0.9982228042895773 0.9981507316973753
0.9921820790211527 0.9929660139577584
1.0089123604335062 1.0078022071082828
0.9966399916663622 0.9973329879451690
1.0063852129790287 1.0058784903645046
1.0067878981377694 1.0062698585119396
1.0023502525479646 1.0024221200876420
1.0008498727635031 1.0010571283170893
1.0020412560554794 1.0018472047432334
1.0017454037440021 1.0014828820787354
1.0028840515176349 1.0027653277835351
1.0068661355967903 1.0060662536856009
0.9903420360230015 0.9914940335284360
1.0100245421650755 1.0089862611139864
1.0092621798774633 1.0086261819186366
0.9959812027861480 0.9965132868866554
1.0029065691333603 1.0024484340679911
0.9966937040115016 0.9966728761699281
0.9909557354385726 0.9914821941323616
0.9901790585305328 0.9905022451706170
0.9949844664501410 0.9949357233489550
0.9907780247406094 0.9914670643979255
1.0072993005975579 1.0069629503109203
1.0082038137860401 1.0076075059274838
0.9969747806149589 0.9970332915335991
0.9896893688472772 0.9907132298642635
1.0082934533695769 1.0073722828208123
0.9958707979291885 0.9966729683850654
1.0060143784244338 1.0055539689347510
1.0037496996390547 1.0037883533955603
0.9962750215397933 0.9969071978905232
1.0032699679610211 1.0027593110015400
0.9953684286157533 0.9960466931246132
1.0096338544688022 1.0087729644237220
0.9935201731884467 0.9941028341160250
0.9948644061647171 0.9948904539101630
1.0000107822704194 1.0000736949927060
0.9978366164850782 0.9980188519717614
1.0008754638684756 1.0007653865826291
1.0038156062332124 1.0035847847148585
1.0056770634015411 1.0054162120563805
1.0079958611314082 1.0074303495698809
1.0082386881263645 1.0079819748602032
0.9994354829746370 0.9997259029748948
0.9995996758901046 0.9995384899596741
0.9999475429847041 0.9999094580755848
1.0008803994432820 1.0006960068580151
0.9954218166511430 0.9955999852348090
0.9910728337106304 0.9917225483436939
1.0024976893310040 1.0021218328992232
0.9990411212341995 0.9990023138732462
0.9969456188350814 0.9969355680702493
0.9897387129857791 0.9908228798215403
1.0045601264514734 1.0038508254416836
0.9952557726914024 0.9958237461219127
0.9960750697013532 0.9966184579279156
1.0059767262168542 1.0055509699383618
1.0052607533531406 1.0049777096000143
1.0021772496373578 1.0019356992292383
0.9904304507506095 0.9909281292728279
0.9905291271401174 0.9909859296108484
0.9979199852509842 0.9982084035827210
1.0054884050899531 1.0047659899484800
0.9999026640172053 1.0004877613000973
1.0051224725929098 1.0053224395853868
1.0096269039528682 1.0088141321616007
0.9971748995990590 0.9975002218526655
0.9992302270913225 0.9992234892612811
1.0006066918889849 1.0002950424833104
0.9943020910764094 0.9945386588426065
0.9921272777152133 0.9926065368567275
0.9969562601440453 0.9968767348583756
1.0025268744458180 1.0023231357586819
1.0046872116388448 1.0045609481771021
0.9939001187918347 0.9946954852700290
1.0091335634644223 1.0083391663368231
0.9982458587379427 0.9988163937172077
1.0081701382374675 1.0074584525290271
0.9978679465377503 0.9983706779343192
1.0053458252939778 1.0050397897308316
1.0047735103310493 1.0044304756412017
0.9907255106264832 0.9917733584198581
1.0076371732441947 1.0070652233523307
1.0059782355515321 1.0058861563355115
1.0012766559714876 1.0009352606067143
0.9903637571108650 0.9912813446694001
1.0074812914444340 1.0066293251127050
0.9987042158419761 0.9989829041411139
1.0053260136150011 1.0049741470279834
1.0025500472162994 1.0024686242581502
0.9967083021244052 0.9968394588139842
0.9940396355145047 0.9946463592213499
1.0031779156351510 1.0031947483856436
1.0058189174871355 1.0055608978888957
1.0020757329460739 1.0019626737786596
0.9908132571533905 0.9916125050063128
1.0015523251677854 1.0012463622344285
0.9971653506517437 0.9971841369309861
0.9929260105564680 0.9933079485552434
1.0032017015064045 1.0029111935361397
0.9964741621131635 0.9968368986300405
1.0047554615198246 1.0043754872632580
1.0103598591164125 1.0092935179444216
0.9949371536328396 0.9957301741636058
1.0058826547652346 1.0054854952832044
1.0065498629232010 1.0061030888497335
0.9963053781653716 0.9968215129192607
0.9970891450809439 0.9971705828643120
0.9977000800251883 0.9977985359980595
0.9943646440926265 0.9944311008652190
0.9948424557380346 0.9951059436927023
1.0060980036143838 1.0054290560320738
0.9916475327361042 0.9925356056528315
1.0097431796152283 1.0088507794059647
1.0055799957524916 1.0049748256417945
0.9946403257835460 0.9951971061430976
0.9954768618639631 0.9958265090059082
1.0023290954184707 1.0020759476328833
1.0002184156612863 1.0002181982242913
1.0071229970469899 1.0066043370283415
1.0090656590581035 1.0082077982630337
0.9970328413572098 0.9970543801773638
0.9897930822262545 0.9905748822306017
1.0078999488581950 1.0072347388080871
1.0093674274650659 1.0088013960787545
1.0097985177974020 1.0092406185275069
1.0004108232602225 1.0006832032629822
1.0003424244771126 1.0003083641121777
1.0008893876051974 1.0006506400634243
0.9979388180096430 0.9982172014650651
1.0071364092878357 1.0067187259507877
1.0061462584228313 1.0056052350181484
1.0061089279511692 1.0058285733696652
1.0019891617300876 1.0021444813763487
0.9947875272201956 0.9952204305098611
1.0098179575772870 1.0088794555970306
0.9925442185184147 0.9933880935870919
1.0004866881782775 1.0002814264582820
0.9998688658118172 1.0000418382510590
1.0006536655348450 1.0003720862131316
0.9907484594884238 0.9913646004080554
1.0019606615982490 1.0016388081761436
1.0056486399524960 1.0053778115061311
1.0044479683590180 1.0044370753741740
1.0054416419067251 1.0053954093807715
1.0040509794780890 1.0036466106730315
1.0000621942106047 1.0000763543860862
0.9995480875606344 0.9995068521246206
1.0006450498258013 1.0006568137985423
1.0051591968220923 1.0047526957523862
0.9994041399005805 0.9992969456750679
0.9949879047844992 0.9953113038294165
0.9918129775660368 0.9927395345261281
1.0044483474153252 1.0041174025068271
1.0043592321962533 1.0043344014748565
1.0031947104453367 1.0030750378543549
1.0047356799518488 1.0043789859160972
0.9924058829206884 0.9931442936663613
1.0030316176186256 1.0025892976387056
0.9968894306653060 0.9972292281859482
1.0032662285821417 1.0027924043082268
1.0024226367518527 1.0022604999282727
0.9957961489882968 0.9957810572451417
0.9915988175085206 0.9922925108090337
0.9963211083135306 0.9966582001783588
0.9992804518252320 0.9991452789400432
1.0064975525819062 1.0061042057514369
1.0001947353476974 1.0003102949278755
0.9910439985338296 0.9918248025260370
0.9972745958186745 0.9974236120970812
0.9931821858690711 0.9935224241559381
0.9932322402560434 0.9935469330019772
0.9951619737887956 0.9951248300979915
0.9907592910725365 0.9915429731381353
0.9953352201791882 0.9956479473365646
0.9901693056533490 0.9911545233579909
1.0089202071736585 1.0079775921958765
0.9899424779399563 0.9906521033867735
0.9933972565776715 0.9936805088421324
0.9941977582853546 0.9944078290169445
0.9976435584375190 0.9976920306540521
0.9901708301487405 0.9908518260064694
0.9939011013557395 0.9944149768676604
1.0104670314677155 1.0093636818999963
0.9896712703677855 0.9906346008165038
1.0091957152678195 1.0085123006756513
1.0002898979689980 1.0002114736453900
0.9981746249505543 0.9983662080296816
1.0034834940388002 1.0032160495970905
0.9928483529231398 0.9933949227632431
0.9977664444314368 0.9977225119314994
0.9988572086288999 0.9989251923485006
0.9985594136325820 0.9986709562559615
1.0008509568362607 1.0008610615873736
1.0097000457543126 1.0092089322637618
0.9968069691219470 0.9971488153626943
0.9966003891793039 0.9966037295555791
0.9976715096202016 0.9980294719936408
1.0063436203698628 1.0056002374254354
0.9953256882084365 0.9957485952659139
0.9947007526762328 0.9948567487181792
1.0010722948874369 1.0010901386033928
1.0096263025846752 1.0088210371111983
1.0073937124048198 1.0069879918170750
1.0036879578823907 1.0034139972395328
0.9903518039781151 0.9914065432708522
1.0068276379273760 1.0065268192392625
1.0062421809826783 1.0056218915981616
0.9996297922903620 0.9999344165405492
1.0067231210486658 1.0061571802186640
0.9922049685133415 0.9927292931316241
0.9969779151788095 0.9968692680568604
0.9952344418083805 0.9952320006610985
0.9943147074642139 0.9944792762510580
1.0055434983060267 1.0049576733226362
0.9909369495724502 0.9917502613619463
1.0099423179568567 1.0093880327945084
1.0070875740692635 1.0069622000884753
1.0092028359836758 1.0086952030929046
1.0054996503722948 1.0051500639682391
0.9913069638060327 0.9920016776546430
1.0050499364638568 1.0043373560533586
1.0029350287634531 1.0028997296259745
1.0083528155431605 1.0076279832278230
1.0070881309841746 1.0067043063092698
1.0015030249981436 1.0013577926709747
1.0021895617649916 1.0020920477337656
0.9962252067010560 0.9964321786133273
1.0036875896556858 1.0032605702347481
0.9985507411945513 0.9986347269580210
1.0012204252359740 1.0011523100010939
1.0004161891212262 1.0000620039161912
0.9974386317273437 0.9973997093678646
0.9945877119631896 0.9949186012438342
0.9981142747497508 0.9979564356650819
1.0000983328239554 1.0000392456559013
0.9962405872679011 0.9965648430676327
0.9990949115140205 0.9993831471156539
1.0079856279352828 1.0075867551930497
0.9997689287385684 0.9998241878831543
1.0052401235809492 1.0049308297761561
1.0010688716707403 1.0010806445223570
0.9950174828814831 0.9951012589294961
0.9909489458181937 0.9915442784688954
1.0095654916912962 1.0088624231990115
0.9958712051453085 0.9962714418826897
0.9904984516330549 0.9912992810228737
1.0094494381292647 1.0083477124523885
0.9895545566271052 0.9906104023055645
0.9995592803247939 0.9990373437806103
0.9905420351982805 0.9911306466105708
1.0068094914411059 1.0061844829999012
0.9936600250999871 0.9940848539679951
0.9907278417575471 0.9912152252582203
0.9969475298136015 0.9970996316675325
1.0061026529499524 1.0057445861517851
1.0103263642625973 1.0095517294981420
0.9905666264854008 0.9916838995240154
1.0005504298763905 1.0006398935180285
1.0066781130916727 1.0063187520552834
0.9910997372122247 0.9914966765450678
0.9914600826577157 0.9917363947822462
0.9932937633492021 0.9936689140874914
1.0021511857420344 1.0020130840176955
0.9998766038523174 0.9999724836850327
0.9942731401432910 0.9944646992885825
1.0051947302088973 1.0049672050790350
1.0030194367607734 1.0031625403531650
1.0054828114339462 1.0053979763204040
1.0050938078264924 1.0048757551712362
1.0001347588788139 1.0000050714320774
0.9923448377414920 0.9930441446315228
1.0031650832618197 1.0026962002142235
0.9922618367270385 0.9929663276964920
1.0031268649881413 1.0029396001936588
0.9979024412044113 0.9981119522242842
0.9975733982922703 0.9976634219388043
1.0002766444654609 1.0000975344715173
1.0028274304150409 1.0028244479801256
0.9997951425103436 0.9999204991691885
1.0051330644232057 1.0047836942239750
0.9923202602694733 0.9929676239341918
0.9983405654147482 0.9982247640163155
0.9908919355536572 0.9915480140974681
0.9982312565447491 0.9982405719140268
0.9934265044319218 0.9940866360852650
1.0032542692359840 1.0029407755634667
1.0101206534096996 1.0094209997390768
1.0082574845528987 1.0079570050130986
0.9955134927234323 0.9960867204733546
1.0059501064765837 1.0055824907906534
1.0062266668831767 1.0059168309559661
0.9928404274415645 0.9933019541454307
0.9909664902978864 0.9913337079706496
1.0031252110510651 1.0031608088717667
1.0081687960987571 1.0078042360434114
1.0048699719525154 1.0043268288865781
0.9976649151385981 0.9981392117569985
1.0033188103376647 1.0026632694652426
0.9916915067754055 0.9922957067053423
0.9940065790130433 0.9941404814332570
1.0076075007787435 1.0070156744024275
0.9909393408307392 0.9914050042671653
0.9911078261620331 0.9912575109782290
0.9952577796291612 0.9956109211535594
1.0074617908778818 1.0068735841928091
0.9946658160511801 0.9954172667776928
1.0077261713070975 1.0071503953820276
1.0094412571348146 1.0090155902371909
1.0092888367622406 1.0089057899504026
0.9949920147028798 0.9952051946131845
0.9988621808673102 0.9988709431834097
1.0049633382623682 1.0045737134060519
1.0086207129007949 1.0079322456783681
