TIMESTEP:
5000
TIME:
50.0
DATA: p c
0.6720925674640941 0.8621299011361463
0.7335008754336689 1.0537680844927357
0.8779053836941417 1.4827093772049227
1.4043183178775815 2.2797583020174286
1.6549258607885236 1.7785253333975550
1.1144101234739807 1.2925038488340548
0.9055743615390539 1.0318186395235345
0.8222511481646098 0.9071302068196681
0.7743348397995630 0.8443766971475686
0.7315451977708725 0.8048453197362868
0.6881593773607256 0.7725783690538258
0.6515173843566546 0.7460900453661473
0.6336319190246811 0.7319640331712808
0.6442682520124791 0.7374358326321281
0.6868906909723725 0.7649545175674639
0.7560617907868308 0.8119560973079522
0.8395701371441605 0.8710341048362600
0.9258389035127124 0.9344348473557430
1.0121541359032349 0.9984130371609364
1.1020113956060984 1.0610391642078947
1.1848344085468407 1.1128830528902784
1.2148467139522729 1.1307708917505064
1.1458977767453999 1.0930859192178570
1.0086999060267576 1.0094240244701933
0.8757983295375591 0.9147025760232057
0.7827390390623116 0.8372079210978286
0.7308505006010650 0.7885014763690124
0.7121937089732825 0.7699454711960919
0.7185439545577840 0.7789235814006575
0.7386932002377780 0.8105805292728412
0.7514962879903558 0.8567139837734686
0.7272501251174253 0.9038215157440068
0.6523730811466559 0.9274954691729925
0.5662803947812032 0.8889069097531161
0.5515814434740118 0.7931087914384348
0.5772699246848622 0.7295457207214734
0.6091207581877015 0.7033770385337184
0.6353643879460561 0.7008645232775380
0.6590759770494639 0.7151681010533856
0.6902993580471523 0.7473668450623348
0.7442927398909445 0.8020959120153396
0.8374415339956096 0.8800836573280688
0.9655354752549264 0.9692104223050636
1.0693263695769371 1.0459409829091650
1.0693097985809608 1.0786158676593149
0.9558224733385351 1.0463362811601991
0.8091606180125545 0.9569751978535700
0.7055216101641117 0.8593518637237786
0.6567616465983847 0.7981851215861977
0.6484327942934331 0.7928593889213846
0.6938257410852919 0.8502889016254273
0.7060193896042140 0.9299138284216980
0.7591612977326339 1.1041065626887732
0.8741012052133967 1.3295221427268280
1.0484224203722696 1.2841831747795209
1.0121823131065439 1.1363336023135036
0.9623843790678916 1.0270697363173220
0.9346633004266345 0.9715229821699747
0.9101584722126137 0.9471907601633479
0.8726837236899203 0.9315086173552003
0.8213112801515006 0.9104855999241896
0.7718849056318777 0.8821116248275054
0.7446849061294991 0.8566867378632645
0.7499702690393828 0.8475116973576972
0.7864578674387325 0.8599337324206883
0.8440533775454018 0.8899340252258747
0.9073694835628692 0.9281973128387259
0.9623137836413492 0.9659039333623919
1.0031159711493642 0.9985017617818641
1.0302313070052167 1.0237315950407964
1.0380643414912656 1.0353920678467825
1.0097351001735917 1.0214338097293818
0.9372774633895895 0.9741591416341638
0.8426866169057247 0.9029498838502160
0.7580178077458151 0.8290147357721218
0.6986172564392467 0.7698359743812656
0.6645828476109000 0.7335614586629792
0.6505350183917369 0.7223609184369633
0.6491746821080803 0.7370251501013192
0.6490950511643414 0.7807746931687047
0.6338026677423856 0.8642800165442692
0.5908192812132749 1.0066730354644065
0.5082717545540241 1.1923354305075666
0.3945593540144551 1.2581986926893860
0.4336217261726972 0.9652253464757025
0.5310375399784415 0.8032385956313591
0.6146956840806952 0.7480271928497642
0.6657160128438178 0.7371641938792797
0.6969329928433206 0.7457695974606919
0.7273317997924644 0.7709861149521714
0.7767752143897798 0.8190061492776866
0.8677999396629530 0.8986519322274398
1.0247597801301027 1.0164178931095698
1.2618870229507637 1.1696544336077377
1.5341701609375182 1.3278950860964351
1.6043898858622858 1.4001355914305107
1.2927728040186548 1.2849593588703723
0.9645865690368309 1.0827445676679681
0.7917189192574740 0.9285033740012012
0.7170534078388618 0.8517245907782448
0.7215662103640144 0.8501498282375204
0.6799502491504814 0.8426658904788746
0.6696549812836000 0.8863481377902894
0.6941043534797209 0.9519879526601918
0.7689021531613487 0.9719531749728779
0.8378329052485429 0.9637499339004770
0.9059061825893184 0.9674814819631866
0.9800856645157973 0.9968758883139336
1.0533125546138391 1.0460642827219195
1.1017865212407190 1.0969520288037680
1.0936621241987121 1.1225381272286368
1.0289106056910882 1.1024132573640788
0.9601530830225927 1.0517543306143020
0.9300129791195486 1.0072706660857826
0.9408115172944088 0.9868439810179805
0.9736537760435159 0.9868786333591368
1.0051358532227199 0.9952828007636075
1.0190624902609564 1.0020733719329180
1.0136294024224668 1.0037891466629336
0.9955520246558122 1.0004978365816017
0.9663886830606900 0.9893122798616470
0.9182100972877668 0.9623530146749528
0.8469894072074796 0.9136942895944642
0.7665667030523416 0.8487030501496268
0.6982162902096937 0.7828146832411270
0.6512363605728785 0.7303846845476283
0.6234591602021110 0.6984182100149143
0.6075480289609094 0.6889541300544924
0.5921419378349773 0.7045911597798644
0.5591781522522581 0.7581677532613746
0.4916784128117018 0.8979262958764732
0.4057681789551766 1.2508741202133777
0.3282141642207320 1.9833218230653733
0.1785210187978302 2.8859000600764020
0.2582099880197088 1.4736978478253808
0.4477692690498593 0.9379746206556681
0.6086179200584602 0.8006948951050764
0.6944485786559222 0.7730328699668407
0.7299180760509111 0.7721890399090632
0.7473332133255929 0.7844631452447006
0.7718366194715534 0.8154996001224644
0.8276834811388090 0.8782402087419000
0.9509952789960440 0.9919012832170694
1.2224507431090565 1.1840407043159169
1.8514461070076138 1.4800253317836349
2.9747059801880797 1.8007489376139338
2.6387074373169073 1.7353869557799453
1.5129848968522792 1.3721717924774155
1.0136429344834412 1.0873010034635149
0.8120864059007429 0.9237500204434831
0.7543297269400124 0.8622951493526738
0.6754408359617629 0.8039588512693778
0.6356438682045550 0.7862978397968214
0.6300546373986615 0.7945765212613350
0.6634143946663812 0.8129191349190226
0.7260357305823913 0.8428005965910800
0.8180914037933681 0.8964739283070925
0.9513698680688347 0.9849510749757858
1.1487027302456614 1.1145014067116685
1.4250067566787117 1.2760738102095324
1.6903865064380947 1.4167405668170951
1.6873596176852310 1.4379252772550037
1.4534614406686139 1.3345345930720758
1.2622018899209206 1.2136729220424980
1.1689691274662684 1.1295647372069533
1.1286058950630535 1.0803050926140216
1.0993742675587035 1.0491382698776339
1.0629062829897358 1.0245602444970301
1.0218865404499313 1.0042580517984556
0.9854092992687877 0.9897554832288248
0.9533309013148942 0.9784843721078055
0.9109269246425439 0.9597548782353423
0.8420443676382224 0.9196785634281577
0.7551733199097747 0.8550947332366827
0.6810508374196842 0.7824472342874718
0.6323623221917692 0.7230488717605982
0.6048018821337612 0.6865747171941299
0.5874508018963466 0.6743719282089417
0.5646167514249798 0.6885842325006117
0.5130473359686536 0.7490890569958634
0.4169944634162315 0.9490283334517960
0.3180312196637693 1.6182870033258534
0.4977902694503528 3.7404581867754008
48.0003473112556449 10.8101963206394167
0.1688337835290597 2.7058198863775407
0.3913962261578608 1.1322773544003775
0.6063846413538565 0.8461654411240814
0.7171846317186429 0.7979629538904996
0.7535089968632538 0.7890008919638498
0.7568262785559237 0.7890378331287382
0.7552452032701632 0.8009737163795756
0.7704022755107089 0.8368289297047978
0.8290465312187038 0.9157067041444354
0.9866049472403008 1.0667027310462229
1.3947571538597727 1.3252067278621686
2.3601757449178882 1.6712873638835422
2.9563509041324965 1.7983390292967094
1.8984074242023659 1.4964886718291315
1.2063286930408683 1.1839823677293346
0.9015196827693065 0.9795165775845598
0.7936080288714850 0.8843433249044879
0.6966313942923185 0.8081816530113574
0.6395807907256308 0.7614720994437784
0.6169356842227778 0.7408275382322431
0.6276306167944260 0.7441852372344462
0.6694983257255037 0.7732457397235166
0.7465323875457610 0.8348069549468174
0.8779812573781406 0.9409507422003415
1.1166978203003468 1.1095924880051176
1.5835452684697207 1.3555304195870670
2.3882953695168911 1.6383886179866252
2.7910449220553755 1.7513862778249261
2.1596462204258797 1.5813910389975707
1.5993505065145275 1.3622029248911891
1.3207607419427276 1.2056910928386775
1.1810095573954917 1.1076070280382511
1.0937769576574570 1.0442275739122575
1.0278683737104055 1.0013717340515562
0.9806524160721912 0.9763885379291858
0.9577753480137265 0.9717144607876322
0.9577639763546429 0.9860874874790373
0.9574588914255809 1.0052315890214791
0.9092302815350795 0.9975721319646788
0.7978178347548269 0.9342749869529688
0.6958074068965689 0.8345209566474546
0.6336001652637974 0.7493723080871686
0.6036471602785899 0.6978217444296365
0.5902164559566585 0.6789385762650729
0.5769112650056172 0.6893081660547900
0.5418297653978634 0.7355553995547001
0.4624397986039479 0.8587816093682598
0.3521694174840199 1.1830091936088281
0.2619957521371211 1.8951066759689810
0.1662926651368783 2.8274161190805041
0.2657324959217839 1.4545599600417867
0.4747757378671660 0.9483732660085078
0.6491571458822826 0.8252486346038215
0.7366930557692077 0.7998453195454182
0.7627309713029314 0.7920843155502033
0.7573470360075681 0.7869330896780387
0.7407461675082877 0.7864341629393113
0.7290929015542165 0.7990828675217286
0.7394883144619622 0.8383608065386982
0.7969881225156646 0.9227182205541247
0.9475182148327529 1.0695123403428699
1.2472848993258010 1.2634624766166953
1.5512471344819720 1.3860384736629257
1.4651542689912527 1.3127901763374115
1.1779591698938361 1.1480940371816897
0.9458775295268587 0.9963536536225063
0.8566076433406973 0.9295427267184665
0.7579222254600048 0.8602023607279153
0.6828229741418408 0.7965122453526963
0.6404109236447998 0.7508520125364976
0.6310177415763709 0.7319314232975808
0.6517065028430745 0.7435546808364212
0.7037669520704469 0.7894954396539402
0.7997036516601055 0.8775556134257986
0.9742097245311788 1.0204620337849801
1.2982708651009869 1.2265936185216002
1.8138829029659125 1.4590177784756229
2.1219868716210835 1.5676585160547780
1.8026584885545200 1.4553301593374044
1.4063332787867260 1.2732686452735018
1.1709048364126091 1.1271009642746381
1.0407893014346998 1.0285032215126393
0.9601146448859310 0.9640643302109392
0.9060254856633631 0.9246986244979601
0.8767644995687291 0.9108312482169310
0.8811214037844426 0.9298214593369949
0.9311328571991729 0.9900444961956262
1.0225168349553027 1.0864744869865675
1.0670861876408155 1.1687966482066898
0.9116626000129718 1.1312034460533738
0.7397872253493859 0.9585703182893125
0.6479399950277810 0.8126743052287466
0.6131362598351734 0.7298769850622797
0.6072839215280841 0.6993764517280117
0.6136167322671161 0.7073345815561375
0.6173887946367657 0.7469927692620840
0.5979865989358215 0.8211279746820370
0.5408356575952391 0.9457451750936799
0.4617007882578452 1.1233764108603923
0.3949331596232805 1.2213286851041578
0.4698238783374180 0.9707078737410170
0.5914154603195487 0.8380822142178497
0.6847721257192457 0.7954696850516080
0.7348846680390272 0.7854061022670428
0.7538985275591873 0.7839540674833103
0.7516608531791535 0.7832059505884935
0.7354913906608659 0.7818460169176176
0.7143247504979250 0.7828430531273800
0.6998453712707736 0.7936050577054923
0.7066123132314708 0.8261135330535636
0.7520552229713210 0.8914721160779329
0.8507292323290386 0.9851941177375386
0.9822376341023785 1.0686062680123458
1.0636166603673929 1.0918507307490277
1.0451065287967582 1.0580900300484009
0.9612390617514550 0.9975803153208781
0.9838805998135554 1.0233059326377194
0.9043259910655675 0.9824415869088901
0.7928646244249565 0.8992079134154995
0.7082944951931575 0.8157091825933449
0.6672524303336915 0.7617795507654357
0.6626041648517420 0.7446102038493772
0.6875517330209024 0.7629885821662903
0.7425024564610918 0.8162825395330504
0.8354734325735803 0.9052675484501307
0.9749392135285637 1.0243104339304236
1.1354890503503825 1.1424851098173117
1.2097029972660973 1.1936774257718650
1.1348160607980498 1.1450371146144256
1.0100052890024844 1.0503340300707711
0.9111413235712014 0.9615563626686385
0.8440987219741152 0.8946464709934429
0.7974819005056447 0.8489299442350899
0.7654080500876872 0.8235045908866436
0.7509537874018978 0.8239221744461480
0.7670018937231231 0.8650353558866596
0.8432392016463109 0.9734260754912494
1.0418976099716923 1.1823866297793462
1.3848349050212272 1.4756233636693283
1.2440855416637346 1.5978998427923075
0.8214553713242512 1.1971389022050367
0.6684195614108622 0.9160920874987643
0.6263497210584882 0.7775185602645677
0.6286314591866283 0.7286006277707310
0.6548586163433850 0.7342279328809250
0.6965896732378916 0.7755653660919949
0.7391577575434238 0.8380277744013015
0.7508337832443763 0.9020724508836475
0.7077313142689220 0.9414623134171179
0.6443593070298563 0.9237437532803078
0.6367851747632447 0.8453960367078672
0.6602847916627025 0.7902744506695141
0.6882976774444739 0.7664020329867606
0.7136902390491972 0.7635168039252692
0.7342882270300030 0.7723656892379750
0.7462834416012583 0.7857088428242641
0.7454268200418831 0.7971371338823392
0.7296899957016707 0.8007551265007855
0.7040401372331750 0.7951781976199996
0.6828131177103163 0.7906923701458342
0.6822379711214842 0.8031448676601445
0.7133469611470823 0.8394415904058815
0.7778545746170429 0.8915522900192376
0.8621972087989067 0.9436056626426267
0.9417032210520021 0.9871173030490223
0.9914465597790343 1.0179897139725664
1.2498202695690239 1.1877656349738506
1.2698635440848605 1.2125120286030864
1.0499602347898127 1.0905057793953348
0.8452964878401940 0.9352088934767870
0.7369687277074042 0.8243859732965799
0.6943194820914390 0.7673159743075880
0.6894431843604441 0.7527437401050034
0.7081046259858436 0.7694921341416473
0.7430664072129919 0.8090034793096071
0.7869427840591270 0.8610051385052772
0.8244894809505651 0.9072924035418370
0.8336531353464642 0.9235459816675773
0.8088502175333678 0.9007555704082604
0.7687869066221804 0.8560570949939025
0.7309515425471229 0.8095956782522414
0.7001596013691814 0.7711231251163845
0.6752698057341624 0.7436807607959136
0.6558865532724872 0.7303800307973591
0.6456101746755492 0.7396740556566563
0.6553423809544773 0.7913130058581108
0.7149486887213788 0.9283272091075584
0.9292724834877946 1.2428577452452227
1.8455035998341469 1.9050793691866614
4.7551756483380787 2.8466796786512729
0.9688506322933004 1.5903470452380164
0.6880883844976344 1.0446754470950272
0.6394767964360931 0.8286071733743996
0.6474952033183358 0.7572851188984244
0.6880560057058323 0.7594844681595972
0.7560868708982202 0.8041057930381670
0.8391901440316767 0.8676152417207895
0.8944314307459514 0.9182593098944918
0.8693869308428674 0.9236871945349557
0.7863737717588860 0.8795422650873426
0.7173252985685271 0.8150847407844172
0.6818169660912102 0.7654816709982630
0.6744565482055181 0.7419759730656066
0.6872276125103651 0.7434843246561784
0.7136914295839772 0.7656711871417011
0.7479413767482272 0.8029633446566266
0.7796423062809585 0.8448927905921978
0.7880878811067742 0.8705561895324769
0.7563872140026234 0.8569618780478708
0.7053536290388739 0.8155369683518947
0.6694862067639579 0.7819765509319027
0.6645132094025215 0.7765069626163015
0.6950196051886320 0.8032075125834037
0.7648682051993462 0.8608815845546148
0.8824409009022882 0.9505638640730820
1.0575070425299669 1.0701489064042453
1.7056969394142119 1.3960410650842552
2.1950518540180153 1.5606135507694252
1.6075778375636820 1.3631567499112083
1.0665415833327712 1.0870144800857455
0.8291760485059803 0.8989590683961469
0.7335256726758554 0.7966667527698192
0.6965605871641832 0.7497597071953354
0.6833631505616719 0.7348360666231748
0.6778537651243605 0.7372686813662778
0.6733985398761447 0.7474984603647477
0.6685429616142526 0.7569215158164216
0.6625638352411544 0.7570814087339185
0.6537781550007823 0.7452934225195549
0.6417306975033158 0.7254701268039517
0.6276723777534148 0.7033490693799437
0.6130798012795968 0.6831491394634088
0.5987904613618528 0.6679568909161391
0.5857165530826338 0.6620475506848564
0.5765865616536695 0.6743194673861037
0.5786901001464603 0.7241797040043871
0.6101032344634867 0.8546538676019328
0.7189043298529578 1.1677870337060714
1.0978654022196150 1.9563173375671139
18.1884124475824898 4.4504058932469679
0.8792820010111012 1.8352551884626542
0.7062791109114934 1.1144314310468895
0.6573136366695507 0.8600721444086276
0.6622130420963542 0.7760226391889196
0.7073828701672236 0.7752401825618225
0.7884456770927442 0.8216564332844912
0.8923055236607974 0.8878172383262400
0.9689934115892239 0.9371642785518076
0.9508954563366121 0.9343248872081180
0.8522756675877375 0.8799489124665627
0.7510374001917184 0.8090018385317155
0.6861858823923285 0.7531960774476025
0.6594775891100632 0.7259857620421777
0.6638659053934406 0.7305196172469934
0.6963217201176432 0.7683110438309758
0.7603548346312083 0.8413383079851786
0.8563937056556694 0.9426021673179169
0.9399927963148282 1.0293149276156313
0.9015369833680236 1.0131356944922330
0.7795000216053670 0.9076501267784383
0.6889994449521245 0.8111583247648967
0.6506870474597107 0.7615895624371102
0.6575012624223115 0.7627130084103473
0.7121868306484193 0.8153841782507826
0.8421104153463500 0.9303955217850800
1.1273358428513163 1.1272391062948894
1.8929190332425507 1.4700834379022967
3.1371291178135610 1.7804266932266608
2.1541812258707043 1.5393555822840421
1.2386563245198645 1.1773810970495773
0.8914682668874510 0.9404998420109997
0.7555290554401336 0.8100295955912993
0.6921455925980331 0.7409154938098542
0.6497297884094706 0.7026094692577393
0.6094988223127853 0.6795884538185585
0.5725451407983968 0.6664740278209329
0.5492308503653405 0.6599387563472775
0.5453692421130464 0.6542375740073697
0.5547363935475839 0.6504406448682403
0.5651111182799889 0.6471482479695310
0.5684182576244123 0.6417733129351910
0.5644574420233256 0.6340581399553273
0.5566769737656490 0.6265797370179795
0.5481768807571106 0.6243643348574622
0.5421314342661940 0.6361522020100775
0.5451880017928583 0.6782727597917477
0.5738702773043116 0.7818486701983338
0.6690754422158076 1.0017306287864440
0.9139691280580110 1.4062328903656902
1.1796737426584873 1.9266180054581765
1.0569758151540116 1.4444776521748997
0.7991342453530037 1.0644470168659219
0.6907195007254840 0.8613628506819739
0.6736931594360324 0.7814139174496868
0.7119673165927159 0.7787245216810837
0.7936226269789610 0.8242874686120694
0.9043201506160484 0.8917112188740065
0.9940337008748367 0.9441758448756536
0.9880172454601794 0.9442197299584989
0.8879364371617118 0.8893898511582926
0.7721471925174257 0.8140141227414694
0.6901501312406040 0.7516751694915987
0.6492313459030548 0.7193610229714367
0.6450902806107720 0.7250715354803475
0.6808929074762912 0.7788677638332300
0.7810959408727375 0.8996077669082725
1.0093154164234794 1.1066518234352016
1.3907555077853029 1.3503906572422777
1.3432939318909713 1.3395346636377421
0.9419508132909014 1.0816601457990653
0.7317460023912377 0.8782544042637608
0.6516095915646750 0.7727554299257251
0.6384227501023015 0.7452534030050717
0.6775932442177558 0.7839821075328189
0.7950331460122162 0.8983235045061150
1.0957057317644108 1.1191627251942260
1.3957213919155884 1.2698559829862786
1.9349419316577805 1.4722387090114775
1.6336124722049528 1.3538046201600160
1.1262926272645617 1.1030248074358096
0.8628741276128951 0.9099714205594988
0.7378183875544069 0.7904618096141235
0.6614291436541763 0.7166567684181605
0.5902370546880196 0.6658937109906722
0.5147318825601267 0.6315024978508741
0.4505866242666561 0.6170476507174435
0.4183817285456524 0.6158381951901106
0.4263476899747865 0.6029278509995470
0.4642840462812634 0.6006719124115308
0.5086448789439479 0.6113702458000108
0.5378665363341348 0.6229045055597872
0.5471454135413653 0.6269880038541688
0.5447081141175752 0.6244458234808569
0.5393728185873987 0.6221532504018781
0.5370207885627173 0.6303517301406147
0.5451369730468432 0.6635514218466222
0.5804566709155047 0.7438395187435204
0.6809674630025851 0.9000247408859737
0.9086544531666412 1.1405377432853405
1.1772141690536480 1.3519824615233762
1.1148646021508215 1.2333307229391914
0.8564911214528413 1.0117643100761211
0.7167782724936024 0.8522913330298251
0.6790767531859938 0.7786373247751771
0.7047533426639216 0.7727509240776800
0.7778639593497412 0.8141948070704605
0.8851214158731785 0.8804597055932768
0.9839509757850331 0.9380500561569760
0.9998860910294851 0.9488493374325441
0.9138670294051041 0.9026953824708273
0.7940770664750727 0.8282519629588349
0.6993704472720629 0.7608219208267075
0.6452266860465181 0.7220903622595058
0.6309085449971893 0.7253946646671031
0.6643443620602962 0.7896531305492572
0.7939059429522632 0.9564602192190852
1.2415698810552340 1.3081340714797571
3.0547200519432183 1.9046178588209328
3.1178813479596901 1.9295619129834389
1.2304375151114451 1.3155571443632119
0.7818656846696519 0.9563456077466591
0.6563419354444995 0.7912762917704170
0.6276877328182928 0.7367658372611463
0.6522245643581059 0.7561229245154781
0.7395363497575171 0.8449982486393376
0.9475179458934118 1.0170285828970627
0.9898904908505853 1.0334364794637523
1.1411169609416525 1.1250372465583993
1.0767369099918929 1.0778449398680816
0.9051841024585514 0.9508351786298874
0.7739834252641085 0.8324154709420462
0.6855439805750997 0.7452295664697692
0.6026525231329305 0.6800373698191389
0.5016444183227750 0.6314955385244194
0.3932386606424422 0.6159803872434975
0.3093022409913173 0.6569014250658930
0.2741971947721846 0.7196749194357808
0.2973459904483227 0.6545958182142072
0.3705212441699355 0.6121999803880893
0.4659216425020826 0.6238674874372875
0.5417170700558257 0.6560104405902986
0.5746370369079240 0.6764522495302406
0.5759940457925411 0.6765295545826356
0.5677498863360055 0.6667148741016672
0.5638171592525436 0.6638081317264505
0.5739769751300000 0.6842877631383315
0.6145146086908687 0.7458306037785335
0.7183293884942116 0.8656309944728736
0.9277762564044589 1.0384445752030618
1.1647761860698520 1.1794579073144524
1.1207850832448638 1.1387049843743942
0.8883700318760993 0.9836990590589613
0.7359772442619916 0.8478649846255234
0.6812915636130099 0.7755857163387774
0.6922632100454973 0.7634681730450318
0.7517544526349080 0.7976212265274510
0.8488080972731858 0.8601811026676401
0.9524861628623145 0.9232168199241158
0.9965134321475279 0.9501687013905438
0.9385469049376240 0.9211938116205302
0.8236876797418549 0.8540071474920993
0.7182840914546255 0.7835095134864072
0.6503456768390368 0.7367181903134945
0.6240800899985326 0.7318231206771566
0.6479321627025751 0.7914259808375796
0.7714544311616246 0.9635791847458817
1.2561545424776885 1.3558444012644997
4.0856952455744562 2.1310127468201059
4.8040544456976741 2.2454948686503986
1.3427193685597605 1.4062959107619224
0.7980882616890276 0.9843984160568551
0.6587103149705869 0.7983203179866324
0.6230657008895185 0.7310527810580613
0.6359472230239046 0.7338784560185693
0.6926011232122001 0.7908718044740010
0.8080837575624994 0.8973092079731406
0.7914006916666491 0.8748866723282340
0.8317666388263314 0.9067643976531110
0.8078900247892222 0.8812001972757183
0.7473644802241606 0.8188736183236698
0.6872167170291343 0.7535100230910886
0.6239627390173385 0.6962893252233934
0.5320594151554220 0.6468295919380749
0.4041396496002179 0.6253161150148066
0.2734300694880610 0.7021406144921739
0.1810673450403125 0.9762841432365407
0.1448340072520405 1.3655304759172966
0.1821701219266328 0.9927233670635790
0.2873653882978700 0.7439631499874193
0.4493976420537826 0.7041455663655499
0.6120498268949521 0.7610036319808918
0.7006898231689046 0.8131566957254449
0.7017672492059526 0.8143720337326904
0.6672062653891883 0.7798315827361982
0.6400384500478997 0.7472630935467348
0.6371584142465719 0.7426202932947447
0.6724041030568763 0.7821380985786002
0.7721593548009570 0.8766935353565096
0.9653929546305023 1.0169530379023048
1.1770964133380699 1.1342779037713400
1.1451182074041302 1.1164822667143575
0.9236848853173281 0.9873719992302031
0.7575287766584515 0.8577517133449225
0.6858897338822636 0.7796263189911634
0.6813577510615183 0.7575187108706057
0.7254458873329320 0.7817315930828849
0.8091757259426338 0.8385730809304941
0.9137910155344133 0.9065966581168690
0.9878735557495315 0.9533578497275024
0.9710118176883602 0.9501373413519748
0.8717313067984808 0.8984155667694235
0.7567056741463770 0.8280941491300332
0.6723757500834263 0.7716975041601487
0.6319471656814846 0.7525944049370680
0.6423822172065280 0.7915277108668565
0.7341097689487763 0.9189080473239755
1.0170213155292196 1.1775990733137474
1.7286980810470094 1.5495105454955762
1.8434988932174439 1.5931890860407676
1.0986354962449900 1.2183318564275407
0.7776566753527967 0.9389008230281791
0.6626829640985193 0.7909434211185191
0.6272281624361858 0.7302838371054700
0.6313401310045362 0.7247269221264666
0.6640733074306917 0.7566886076807587
0.7219022757621396 0.8133532896368564
0.6956133587751100 0.7974528451196259
0.6992063627462038 0.7950078617090637
0.6828652658675312 0.7706060709089751
0.6576405078005989 0.7348046532696567
0.6283006559860438 0.6984915951205756
0.5774249200038282 0.6629633817298910
0.4771990481129116 0.6348382933613872
0.3312394113627946 0.6750688983450734
0.1894165815911875 0.9840757074684755
0.1010067068107631 2.0044594479574496
0.0750271448046802 4.0849547932598709
0.1137169085359827 2.0377368783987189
0.2379655056746326 1.0716908368413169
0.4791230725340584 0.8566756133764288
0.8113235677568024 0.9443976561395764
1.0838255528865655 1.0718878383772399
1.0854515125765665 1.0810191828307516
0.9275190210179999 0.9858575231207335
0.8020669882428861 0.8871893308714729
0.7446947095936279 0.8342815105902971
0.7508799885256742 0.8407517324912038
0.8317673922836667 0.9103454266153175
1.0069121232221503 1.0314318657205683
1.2126058592099525 1.1444923523417772
1.2045747100949749 1.1446564219359963
0.9811849112722800 1.0257289030359791
0.7913041327526845 0.8890401686010049
0.6987169048872911 0.7969540143248561
0.6775099133307082 0.7604686765152642
0.7059800834062084 0.7723487072989328
0.7757356266355255 0.8219547220037966
0.8787298028050784 0.8943239941910265
0.9834367879393091 0.9638422255765297
1.0239664786696627 0.9966518922283437
0.9596146582991754 0.9734794348199542
0.8375286083287736 0.9102349708729994
0.7298060195567065 0.8437658155293292
0.6691698516675548 0.8061774086552616
0.6635000123154022 0.8182942172175690
0.7251679216042924 0.8948593784583163
0.8822704314887242 1.0395019423672214
1.1158418987272543 1.2018810468740075
1.1467454163341402 1.2138649669629678
0.9295397853576828 1.0509066105199922
0.7603766177221720 0.8896096152065114
0.6767459593811429 0.7887085576519954
0.6448237864862200 0.7436045808007383
0.6416200837547628 0.7378050838637544
0.6546569210539065 0.7553424481940197
0.6755820861943699 0.7804715879231161
0.6457965118397223 0.7943535404332661
0.6346233453668423 0.7611748645810076
0.6223939803378654 0.7259428260561201
0.6136879796966365 0.6971569624936438
0.6025907436043552 0.6752965953032773
0.5638457342170013 0.6546229243055843
0.4646510840797847 0.6451926245447519
0.3115094933012562 0.7486091465526948
0.1607967681613796 1.3759543526974920
0.0775499331184717 4.0799781775365949
62.7404198406329670 15.4270133108352692
0.0923123536535913 4.1154943839106375
0.2203116723865698 1.4783862530064709
0.5253404379141285 0.9882197721631200
1.0944283073211227 1.1185876667805927
1.9388672499541824 1.3943783283194209
2.0836710289427613 1.4513930161807231
1.4716040822229934 1.2533631344149163
1.0623337330872153 1.0515862983715174
0.8814383454377840 0.9322960351733590
0.8288805717844969 0.8983090304969821
0.8745479335676580 0.9427797118629622
1.0282343007661721 1.0535648548806116
1.2540123788269268 1.1814454727780455
1.3132420246332994 1.2168194057049824
1.0858410873373627 1.1066573171505847
0.8511930075670129 0.9499068704706369
0.7266013975814468 0.8331305926938334
0.6851300876688170 0.7763547354723898
0.6975637785027438 0.7730979923652462
0.7534771585511130 0.8138405876144893
0.8528579467855314 0.8891950682038753
0.9875592732160264 0.9829939725014004
1.1084729148569878 1.0637224811028827
1.1242988976827568 1.0911755104920193
1.0124319694024180 1.0514188573070642
0.8677437017545920 0.9780338221463610
0.7708826763949584 0.9189234788637718
0.7419531489709170 0.9030586216600606
0.7808092861002062 0.9381137204834414
0.8800497971884836 1.0112881470318369
0.9875445824304373 1.0774676629330404
0.9869368714559612 1.0653709519320067
0.8781774800844193 0.9731155241422182
0.7727488054059964 0.8732305633209654
0.7100747227127396 0.8067891686077731
0.6817006888974657 0.7797948960683481
0.6715357529619395 0.7832402018523158
0.6643056504281020 0.8008838308942081
0.6530532520586190 0.8111279402353770
0.6240028880315683 0.8855904596611431
0.6064485690596826 0.8004939596260966
0.5994137439525516 0.7366365152965567
0.6040490131141010 0.7009231075537410
0.6109734157101784 0.6842219221927216
0.5924646139604028 0.6711953162996358
0.5088632422946633 0.6569182050083483
0.3592466202890005 0.6972236389376368
0.2054869311226344 0.9964890867799794
0.1068011019287347 2.0042464596999463
0.0703173157632055 4.0729623393090426
0.1000855533034736 2.0182612128637056
0.2196737166939527 1.0554085413090317
0.4793938858549270 0.8708184871563905
0.9724349196535004 1.0537580335454433
1.8317669370687244 1.3698469077792312
2.3453650078909041 1.5172074560541355
1.7439201442589736 1.3439694644888385
1.2102280950059594 1.1213375800600587
0.9551925965920591 0.9769378073432642
0.8596784555255935 0.9225392594814287
0.8749982604067515 0.9538936017734553
1.0140976690045227 1.0678442586253605
1.2960109830813127 1.2348154761490475
1.5165162930225551 1.3408373523303672
1.2948958636305046 1.2469734181442724
0.9611872864039547 1.0498505082644189
0.7779237677314107 0.8919386299508645
0.7078227068456583 0.8068165722596209
0.7024885765917438 0.7850535252880851
0.7442997894995989 0.8147031813303820
0.8367434889903995 0.8894559712294008
0.9937071258773091 1.0034126901977869
1.2112387146371617 1.1374672080042889
1.3959191200849577 1.2433456150468858
1.3781195515961815 1.2615950331426373
1.1905218240174977 1.1965458944192353
1.0223839953720175 1.1172034481416375
0.9493719046771047 1.0739931049065279
0.9621118279977023 1.0744094021191348
1.0211164575820892 1.0954554400838517
1.0557386109413287 1.0974571556807571
1.0062870484508082 1.0499882623878420
0.9045156348082700 0.9669884088844616
0.8160401949989884 0.8898478021877164
0.7630871844021631 0.8448853829441455
0.7384094895440245 0.8393803608706428
0.7237243859953179 0.8693839662592567
0.6947790060392035 0.9191247853764427
0.6466649721554065 0.9491188210305060
0.6417462737087124 1.1380277279971451
0.6183914889689122 0.9282955085968001
0.6131700347896885 0.8010335180207451
0.6278909571929294 0.7421702236204978
0.6521599010121305 0.7224337231579747
0.6593391410666197 0.7132209960475105
0.6034134031209156 0.6918887040787585
0.4667859407341051 0.6695089420569621
0.3061921646462795 0.7248596068619144
0.1875030484925989 0.9721584809847242
0.1314071647540168 1.3382069768303861
0.1524397453594047 0.9507465851692893
0.2460202261296181 0.7033388061955179
0.4205088787174519 0.6973971171337421
0.6850218850759258 0.8458513692371128
1.0292637439264976 1.0480362262107803
1.2850588282107358 1.1717932982022545
1.2335317686678233 1.1363212709661226
1.0441298368668612 1.0278236358241783
0.8955435635931551 0.9366651808769028
0.8235379420932213 0.9015232045312757
0.8368645438958286 0.9410893960695561
0.9781801826716382 1.0736086784939920
1.3531252401842189 1.3019388965091412
1.9120489728047816 1.5251726084334181
1.7308729417405659 1.4607482096941935
1.1522366031716043 1.1888488252313791
0.8576850970545729 0.9691580222666133
0.7462626232181006 0.8484270923886211
0.7209028116332655 0.8060790802208143
0.7481083387571666 0.8225148145690800
0.8279712513916020 0.8900170219313658
0.9840308712331933 1.0087316269499054
1.2564914535028853 1.1750585968881713
1.6414242837790158 1.3569462240454868
1.9092465206078693 1.4710419456878761
1.7989896822095703 1.4571567745039495
1.5548989730540619 1.3819359418763282
1.4169194810072918 1.3253904231182652
1.3848475331716892 1.2985543001089372
1.3632392014355941 1.2668267608028916
1.2672905011454663 1.1979176475182245
1.1111391825841994 1.0958660939142852
0.9649845398326730 0.9918375956726697
0.8658607148148491 0.9154246160299025
0.8124794424810660 0.8827561600118511
0.7895461359451413 0.9034531697537524
0.7732565737311055 0.9897052731273150
0.7306787046018596 1.1544197080879723
0.6514832746357848 1.3414438244069153
0.6954165748199418 1.6592309796999938
0.6817305933052209 1.1429737822852857
0.6746075694355190 0.9071420213453947
0.6900623762332260 0.8111245358581586
0.7229343926730308 0.7807208297863344
0.7495276985027952 0.7707110906052648
0.7209549802041608 0.7458359490467740
0.6035703299328918 0.6926368553716319
0.4414199223527888 0.6413931911374608
0.3087711820875944 0.6394746563267507
0.2400869519042809 0.6672816540982771
0.2406756341335264 0.5815036460264954
0.3010065598152034 0.5384643692740396
0.4074577855117504 0.5797736426816438
0.5440229333032426 0.6812567408857353
0.6923416326561181 0.8015788445106218
0.8157847374581405 0.8907353649762064
0.8645296394299086 0.9149789171604406
0.8407180369941423 0.8919098768451503
0.7934947977740974 0.8622206681136793
0.7667829602782860 0.8615921641904698
0.7972443689758556 0.9210201975627300
0.9528606314272479 1.0765542675634820
1.4254962319273197 1.3634457577282459
2.4979281880703366 1.7178583957778326
2.4437894818850010 1.6936443463109092
1.3950818039157502 1.3238035195281626
0.9479502495058251 1.0405450368556919
0.7924380330604903 0.8890347263232852
0.7491986002121191 0.8302415803968641
0.7632894853076694 0.8341420786504713
0.8252539770717264 0.8873978432623721
0.9491134677960896 0.9875489405423763
1.1667308386883566 1.1338700727503284
1.5019701282175995 1.3100120918662856
1.8617672368486431 1.4617306796271612
2.0130764178804017 1.5258357098389206
1.9732161226298344 1.5211899979989594
1.9412555170611794 1.5066791410608549
1.9209920617452496 1.4844041880520293
1.7647933569758354 1.4102232749055785
1.4674714869156413 1.2745864810830250
1.1828317550686083 1.1220035784507492
0.9870071088461251 0.9949710877097399
0.8713980191314480 0.9131021829513298
0.8080216056008436 0.8851915218416244
0.7677389473326002 0.9278388336423322
0.7140642752883101 1.0976717344012004
0.6304000269285708 1.5664625096505129
0.5728459505437592 2.5598960540894891
0.4586112945568243 2.4234341537658755
0.7235947839685019 1.3191863177613745
0.7730550356537111 0.9982761685096299
0.7847786402148714 0.8805585754097365
0.8103117380031262 0.8395433335317890
0.8367144365236566 0.8228788645418562
0.8171092089013040 0.7920927322070035
0.7138806563590420 0.7261706676202340
0.5591498175064513 0.6392203510500586
0.4223520541988627 0.5653819747768866
0.3418469705686567 0.5180524500178079
0.3225193952651927 0.4802464093754343
0.3521003072861569 0.4780704404542079
0.4139317254499276 0.5176987176404225
0.4928696936914351 0.5868948830712887
0.5776124072169475 0.6667404074401301
0.6556066265995453 0.7359934539277450
0.7090839144301300 0.7786466420132676
0.7291799196875210 0.7960783069384061
0.7291386832714888 0.8060553120077892
0.7365743919820329 0.8342783047575784
0.7890183233064706 0.9112492328057500
0.9591836300034980 1.0754073886050188
1.4442530568814016 1.3656532888478266
2.5520119022448706 1.7261761427096933
2.5466927884816695 1.7141490213342649
1.4575872177025200 1.3452658272260298
0.9895331276616023 1.0615814696394195
0.8262332550357652 0.9097196646369313
0.7790321697601270 0.8492242144786057
0.7869411952935803 0.8470588405479937
0.8313159488923004 0.8845210302299755
0.9080599950666588 0.9515864462808679
1.0170355972921283 1.0410575154286588
1.1508459206013724 1.1412299890221866
1.2799655390903892 1.2300794654519072
1.3736324713008969 1.2890785982624462
1.4577256855341758 1.3286781170669135
1.5736097403788603 1.3661994639550412
1.6652999882928905 1.3820740739024622
1.5854335581256560 1.3294712764720744
1.3403555275531396 1.2054107820069886
1.0919832739594479 1.0613943485940511
0.9169085989482466 0.9411087186031073
0.8072715537319037 0.8622659037751543
0.7343692805167955 0.8327552880284491
0.6589543799120284 0.8759815501794943
0.5180892682810281 1.1140087104168592
0.2862002978224665 2.2105611993396295
33.8641756868094532 7.6924447109207561
0.5547116963932814 1.4546561430432692
0.8256409603880877 1.1469282025843548
0.8801072787344817 0.9939808065146346
0.8751630827689088 0.9120130030999848
0.8789405560819070 0.8717778930807956
0.8834714034615427 0.8454346928213332
0.8478218869904520 0.8034418214216206
0.7439564531839613 0.7289722199802002
0.5995574708069951 0.6330818149470046
0.4693711952545552 0.5439658314011191
0.3855534824615883 0.4814819668821127
0.3536291424128865 0.4491551716651447
0.3648537521436689 0.4495521089711028
0.4067861097917695 0.4809187414337707
0.4679022971343744 0.5355280358691022
0.5381012218964725 0.6016431198738507
0.6062877635513028 0.6658012692599008
0.6602749805033076 0.7172339336000741
0.6943125753061165 0.7544040391448512
0.7168004773731594 0.7873813953397027
0.7488181263554295 0.8346948086106569
0.8226223239378134 0.9197373355712608
0.9940640622129716 1.0677786508168552
1.3605803240143697 1.2888254172662799
1.8800521808761919 1.5027106021794849
1.7699576548820699 1.4628626540260741
1.2375282722818004 1.2184908044614180
0.9437489985419112 1.0135929853056773
0.8290200765222709 0.8996684286075908
0.8004264349770449 0.8570178702301967
0.8151720137575122 0.8601191723901682
0.8501584561887791 0.8880195991437944
0.8859299831978671 0.9237841257211089
0.9077801980037489 0.9565688074234699
0.9136618698476500 0.9833210201165261
0.9134709044433534 1.0054499181693153
0.9243567190150017 1.0274175646080372
0.9655982568486138 1.0572425416931424
1.0430074649412318 1.0960707875836595
1.1229995257007754 1.1240298899604080
1.1324161751966226 1.1076387082265928
1.0433856421679037 1.0370177181889191
0.9140286910239556 0.9394889675456879
0.7996608811745176 0.8476371765159119
0.7137923593420602 0.7799190244310159
0.6473414333242687 0.7457582840413270
0.5791999119092556 0.7590118980521392
0.4734124593902405 0.8664223448395865
0.3131323858123046 1.2307023473811838
0.2495707568231307 2.1464321899707945
0.6020864271121158 0.9761617235958512
0.8011938045830805 0.9553162308037937
0.8811130808609452 0.9235849282580311
0.8915641773292812 0.8889181633355256
0.8842175749841510 0.8584512547517266
0.8619018838270249 0.8240883372563981
0.7992512265138935 0.7695690920938170
0.6855046525908136 0.6879525079666252
0.5489650452310110 0.5930350947056532
0.4298983908907871 0.5094536981209878
0.3510014942096301 0.4542081037759683
0.3175403397614720 0.4285949254955966
0.3256374198100980 0.4260756175961901
0.3678008240692711 0.4508228801130103
0.4351936261990776 0.5019415633925393
0.5167539667054594 0.5701787949798569
0.5977543447823294 0.6418325908103824
0.6638227908108720 0.7051927612295726
0.7108719185210409 0.7572580908391826
0.7500487475617558 0.8056171111192346
0.8021205629478314 0.8639913727214237
0.8906849542810396 0.9458579947048172
1.0369826627013821 1.0573145989583592
1.2317240163674623 1.1816506775180295
1.3473775518709574 1.2538195419243587
1.2126829776391161 1.1922300484586543
0.9894471094715833 1.0491166191828583
0.8528728641491186 0.9293005490040014
0.8025276310012270 0.8661777353153269
0.8073648209293619 0.8533548187326349
0.8432998096495513 0.8731341947854282
0.8831802842213221 0.9028689458369686
0.8929167071709440 0.9189577754080529
0.8569089430151701 0.9100579198414257
0.7975431230701154 0.8853564677173738
0.7477828508986473 0.8624712117691999
0.7267506349984931 0.8542015033827893
0.7402651436238182 0.8654471705142516
0.7835163372820100 0.8916502722008844
0.8361068675054956 0.9164812732542390
0.8619060647859089 0.9171671279833401
0.8364819454705668 0.8820246580695010
0.7726259157972009 0.8208205944672490
0.6983207917500671 0.7530594025411064
0.6299072059871521 0.6946034887356324
0.5707815122870438 0.6559336025116353
0.5171740465209559 0.6467682436944743
0.4605773568609786 0.6829174774016601
0.4017553548071066 0.7949956854267632
0.4044348527748799 0.9939523364771563
0.5562467301526874 0.7400411813362836
0.6962064863393050 0.7908364257864061
0.7905277127271056 0.8176403550481897
0.8277484287219870 0.8199959040859798
0.8237516120118709 0.8027822879946981
0.7834126921095541 0.7650288180258522
0.6986379589356663 0.7019798512239049
0.5758333195524062 0.6180437631257463
0.4449921480739764 0.5333832631576986
0.3364203519316214 0.4737004378325537
0.2653969150460792 0.4520022108581049
0.2363818305377647 0.4513858606193568
0.2487878297558763 0.4331237599141490
0.2992896683289789 0.4356710763416121
0.3824101469303794 0.4777830613533083
0.4883792002748400 0.5519605731172577
0.5992322105356888 0.6392449184915732
0.6935882066682260 0.7215174592905766
0.7630757711163775 0.7911063770632801
0.8208508514049686 0.8527901186061954
0.8881298897880355 0.9156177324006561
0.9742764738288966 0.9824902547719786
1.0619661292255966 1.0444481343778642
1.1029860723467710 1.0803020301072388
1.0511151677303761 1.0649267070028070
0.9306405711436075 0.9943141542350939
0.8217097961787296 0.9066100536183243
0.7656103169055870 0.8442475283281035
0.7611357903844731 0.8231965849228887
0.7986338177241138 0.8412739964563654
0.8650607487890062 0.8855436683643230
0.9276636067398146 0.9307217342720098
0.9301237507613419 0.9434285844562110
0.8529703364698699 0.9086834983680659
0.7509919597269559 0.8482769326294537
0.6766872490447201 0.7944717611431267
0.6437740170558354 0.7647871122481850
0.6473851532453321 0.7614587532410761
0.6770040636462430 0.7768008921891653
0.7159740022472095 0.7959649605981355
0.7406598381254744 0.8010659683556157
0.7318126220873687 0.7803607423510058
0.6893232349157010 0.7354397262230419
0.6277524973443240 0.6777570310527352
0.5617879615882091 0.6206589901343476
0.5008053583392501 0.5755949050371515
0.4504634152789755 0.5522098889796849
0.4149174072596322 0.5589806464908572
0.4017307208467886 0.6024387675512189
0.4355902806764824 0.6783080021288701
0.4527108463889262 0.5916127615173765
0.5631420907694247 0.6516102518642441
0.6628502294773102 0.7014154384029923
0.7224527559945128 0.7276471596364409
0.7301100131701875 0.7239441949978934
0.6836653425843878 0.6882327976269933
0.5868286730314956 0.6237512023373332
0.4595872752200586 0.5469691604874671
0.3339061828683704 0.4907900698855530
0.2342734156411062 0.4952931933011394
0.1707029381193140 0.5804685267913657
0.1462529698021244 0.6767004487430028
0.1630732119712743 0.5716953604509003
0.2198994041904753 0.4800315313968314
0.3155580016004311 0.4746875752223943
0.4453906357318247 0.5407055275271488
0.5928898931275718 0.6427704831934645
0.7297292403186337 0.7489584471093694
0.8357039938223345 0.8411751002067214
0.9179523058225998 0.9172992269150787
0.9923048120540757 0.9793443224583835
1.0491774204246425 1.0204979836425974
1.0531901823480467 1.0278580174288461
0.9872288862327468 0.9962825864419320
0.8807714477473561 0.9348937999589465
0.7813534029123336 0.8630897622981820
0.7180637902135594 0.8038372913138138
0.6968971554397572 0.7739087070738933
0.7157469308050879 0.7803303885846951
0.7746733203015519 0.8234118832157847
0.8716333352074799 0.8953172046874899
0.9755456177920081 0.9704715991225518
0.9989396252302731 1.0020541697628282
0.8915208821763722 0.9589280135809225
0.7475423259359883 0.8704954227787637
0.6522733586485761 0.7889572726824912
0.6136759363616243 0.7402545073323206
0.6160473062873224 0.7251387276524999
0.6432857701082372 0.7326127138490488
0.6782595093675833 0.7466384169682080
0.7002848845833698 0.7500003334633167
0.6913530938396607 0.7302874277533997
0.6472271573320697 0.6856464962458813
0.5783579746451798 0.6244920792021482
0.5005371466741566 0.5603036967343897
0.4276559944692157 0.5069301436583173
0.3700381639161764 0.4758209758457205
0.3354477458523528 0.4732244393326281
0.3313873935630352 0.4968783607914488
0.3676874381052784 0.5375916052208145
0.3323288960173448 0.5009158932825862
0.4286224712978868 0.5414278912153796
0.5308776444180303 0.5927955957426309
0.6081167330357469 0.6322300081948828
0.6323377834252599 0.6415196667244775
0.5906107646409122 0.6133111760784967
0.4914487868162079 0.5558294273983422
0.3643285571449024 0.4999332747200516
0.2438662248309496 0.5062417655087826
0.1522947854653391 0.6712308111747721
0.0958686748925870 1.0974497485810446
0.0740953152169647 1.6341993588491495
0.0936801954384943 1.0959779761222075
0.1511406457253795 0.6724232113510936
0.2507459096175479 0.5191474654822880
0.3940874855939351 0.5398683656880121
0.5703071880565330 0.6439068795808958
0.7510894936680858 0.7721599607842600
0.9042934710644023 0.8906034514867274
1.0204061702406577 0.9850883685023445
1.0962622441588343 1.0458718073911837
1.1017782624493133 1.0568580265964687
1.0198565561927631 1.0130266761827060
0.8929324881281845 0.9346392647910394
0.7760927993310789 0.8500898581280452
0.6951631408306125 0.7797599149785404
0.6530434994716537 0.7348970705511905
0.6456241544254571 0.7211604393378914
0.6716479244163085 0.7421387058094489
0.7372594420842081 0.8014517853299263
0.8538925816249985 0.8994414201912370
1.0118453948954054 1.0188665306685492
1.1069194026970135 1.1039333704445229
0.9937029311681352 1.0841384654769264
0.7909832473349122 0.9705821077221838
0.6654675404771312 0.8509032710044867
0.6211773559444903 0.7755565431925169
0.6265625455202329 0.7458940233809299
0.6576653124006572 0.7454616791843170
0.6939595283654897 0.7537828841405299
0.7126680215567288 0.7509125864197480
0.6936832512720800 0.7225474844542403
0.6318192951200499 0.6658777878925126
0.5402399270480426 0.5906395653088281
0.4401447634458713 0.5143268141403321
0.3497569658257633 0.4562969882444188
0.2808611690112607 0.4326964083114141
0.2403889534748425 0.4478868873143321
0.2334492985747518 0.4796515992111304
0.2638610716218256 0.4850869746825808
0.2231778531777572 0.5020721294501279
0.3106433168628022 0.4782933210896102
0.4133340852008006 0.5073565506980730
0.5036715560474709 0.5488141429592297
0.5463511652067338 0.5693037390816530
0.5177914987425699 0.5529003289595859
0.4247270855604967 0.5096576268048130
0.3015111503625518 0.4873705327967616
0.1857068545979879 0.5993423345776013
0.1003492792314285 1.1046479866147016
0.0534567054683720 2.5450433152342127
0.0387285132549619 5.3050602866568770
0.0541443715399893 2.5469632601072671
0.1050367295483547 1.1135000627822860
0.2023974006586928 0.6262964829768122
0.3478462291040209 0.5516519646222573
0.5351006385625956 0.6391796263429247
0.7428528741004472 0.7804628754389921
0.9394402699394324 0.9243464866590465
1.1018264857401889 1.0444424496686862
1.1932352010578962 1.1142651302367048
1.1496467359491349 1.1025812519368456
0.9940439589079255 1.0159766000810493
0.8309354119907012 0.9030517661019919
0.7140392345306463 0.8033704077497776
0.6450733764125065 0.7326154560093887
0.6129187479222791 0.6935300425410016
0.6093255279643740 0.6858759942271441
0.6329939969385323 0.7117139333302771
0.6923448020888621 0.7779919307623275
0.8094626752718075 0.8957756289453357
1.0151042775010126 1.0695436611396212
1.2673036711905727 1.2617148662832898
1.2610677338907559 1.3468940604958375
0.9438243266976108 1.2117821391524122
0.7447247567788824 1.0114518491417652
0.6826148689185817 0.8820406428596469
0.6895625901219286 0.8254122703197916
0.7263141900382006 0.8118780741699954
0.7646944828769896 0.8108632439522208
0.7750573233087448 0.7959505737444375
0.7329962042723658 0.7497920021058512
0.6369860726157581 0.6709667039719499
0.5105159172968147 0.5749921409584234
0.3831848731441306 0.4881579235797879
0.2753658939903516 0.4418655081723000
0.1969017583097187 0.4684117476369385
0.1510389707623662 0.5801693520111277
0.1396133934854893 0.6990051195224534
0.1644203802415102 0.5995366730911648
0.1410058449201913 0.6791508365157185
0.2208483301178665 0.4893066528172032
0.3219174711908211 0.4584810175801626
0.4206475728929003 0.4878204748245929
0.4805527828685094 0.5156571349598732
0.4704172976216695 0.5126614747220253
0.3904200366539763 0.4852321851815569
0.2745080142403637 0.4914895882030130
0.1624754015484335 0.7004527860693508
0.0789692649196155 1.6452760263987585
0.0389095038516586 5.3081275606151603
80.4010752544284486 20.0782693937452699
0.0406957553148844 5.3093211479790208
0.0844618930856940 1.6529190854855604
0.1791399414816019 0.7269164692212535
0.3194432704033439 0.5588245944078233
0.5010206316340066 0.6272372805508974
0.7105815906205457 0.7728393511165883
0.9315114407816405 0.9377908935657245
1.1531660133864388 1.0935895022784548
1.3110082577686815 1.1973907061874702
1.2523446847128947 1.1844106928013907
1.0212564931856551 1.0608943279358594
0.8152201201172070 0.9128819290296979
0.6894223897583435 0.7947327256479344
0.6230167633918157 0.7178613003444427
0.5934965885226962 0.6778366460713947
0.5887529252567645 0.6696601340232705
0.6058524722155989 0.6935715319738265
0.6516899463020738 0.7582221079536864
0.7500509877587163 0.8843029299817409
0.9647285836629681 1.1077503027496083
1.4515061911079181 1.4664900192462025
2.2081989565467950 1.8792365541452811
1.5818184416494399 1.7583010144671103
1.0037949559467996 1.3248327144160827
0.8517825104814155 1.0732318613506717
0.8384822043265330 0.9638815062298999
0.8714480255677119 0.9262402793630431
0.9035369767490116 0.9089058713906707
0.8916738607161503 0.8746832277148252
0.8072367935980332 0.8025803338921939
0.6605441265950928 0.6951052612121945
0.4919471714757107 0.5773764195420770
0.3377946472793198 0.4898923676797248
0.2159921039688552 0.4909994396833973
0.1319947026464172 0.6707982184000183
0.0841011573540886 1.1269277963567674
0.0691079837416090 1.6951789770258900
0.0902325799884728 1.1337860397627384
0.0900337185155337 1.1296288902203153
0.1637430101211415 0.5853360419403972
0.2623883995965469 0.4486816956421544
0.3653104602230696 0.4532370444114367
0.4387744546760419 0.4842978903623602
0.4486721244278803 0.4938826953827826
0.3868155215280539 0.4769212662704742
0.2811950917432418 0.4743598932651429
0.1733897904192913 0.5979065557775612
0.0924157437014671 1.1077344821908801
0.0484347444721737 2.5485617921849100
0.0356949214001333 5.3067551047684960
0.0503467350926176 2.5449163712846099
0.0969063148934033 1.1057678062081597
0.1859211123066240 0.6109362541763915
0.3165937437139644 0.5274503925300668
0.4828047879153177 0.6088697651973488
0.6758038251355022 0.7570080627050776
0.9001556906607207 0.9373596285492081
1.1899423682679449 1.1375205733741109
1.5106123069453081 1.3115579287935333
1.5229592882364280 1.3346129004210179
1.1669838146043856 1.1727557193085525
0.8678946980528296 0.9757881608360001
0.7081820560132970 0.8280331352772494
0.6313818926222485 0.7372197282892259
0.5976989743075436 0.6905861957941000
0.5888422259467844 0.6774535780998797
0.5988728884557237 0.6948989368806308
0.6310358755952261 0.7503509607735729
0.7022656176247444 0.8674313144362271
0.8695756688628494 1.1030542988450394
1.4183784646795530 1.6008949606833753
6.3360170529335456 2.7302843918146080
7.9746650771226921 2.9594628059036001
1.7188324030738431 1.7709222506613678
1.1790399824562041 1.3029760000463952
1.0800764502671709 1.1210629356487265
1.0799922856681035 1.0517316616514978
1.0859426319155767 1.0134938879726629
1.0350007974291786 0.9575212490541399
0.8960995705773558 0.8596778390256175
0.6952386809247525 0.7267408322764782
0.4879751535746629 0.5936462354221780
0.3121901003803494 0.5195172235219853
0.1800507861107983 0.6156122254234710
0.0927684630983200 1.1396791100258379
0.0481106084670134 2.6455961427804167
0.0355662290850619 5.5246741254536174
0.0491061374683072 2.6434654674428928
0.0692708773105132 1.6906594314653525
0.1405106994561874 0.6880421967597037
0.2365797366474672 0.4544196533756528
0.3395492409596886 0.4402589555418105
0.4205531579448504 0.4749962777164332
0.4474501427015740 0.4974549773844489
0.4051966138350414 0.4920206995369926
0.3114675015907690 0.4776641992273279
0.2077716797658002 0.5097429341783724
0.1292222516854165 0.6826649313444122
0.0832607313133874 1.1083787322432228
0.0682127781512922 1.6409331361044839
0.0878210442863853 1.0955088175615626
0.1381365555214344 0.6616605341431524
0.2231918156923722 0.4952109000832166
0.3423764724022719 0.5017849930620834
0.4882881008447019 0.5981897215487747
0.6556270729970464 0.7425360886527268
0.8665046421683397 0.9275294898180749
1.2095198412603261 1.1659052698442394
1.7916542319740358 1.4340758249591405
2.1015506737334229 1.5477949678383576
1.5187059612703853 1.3511243497331973
1.0193786334537804 1.0907184514163708
0.7848472523880891 0.9041547798740145
0.6810965958517471 0.7945002279609369
0.6358788417303409 0.7383730459946597
0.6202425601487724 0.7180147856809916
0.6239294291357291 0.7260222100699857
0.6465127667769707 0.7658479904540780
0.6978153876941393 0.8544041276573757
0.8121820667247980 1.0303954744761226
1.1227108210307430 1.3690508465553763
2.2542385121920039 1.9484509491677673
3.4398051028749577 2.2282130108598373
1.9063098619803005 1.7036083442129630
1.3617567018097834 1.3459529930861283
1.2127194698587296 1.1743552083817888
1.1822992845791243 1.0988149245915095
1.1671881174922916 1.0528959908220081
1.0992015941783793 0.9905063020692491
0.9426542135170217 0.8867571903919439
0.7224005662532715 0.7477221636327306
0.4983351569248424 0.6117261353336484
0.3114048946318669 0.5520049532981299
0.1725733586877658 0.7384856105389880
0.0811611144595229 1.7139537729006000
0.0396342998693441 5.5318345048616671
83.7243334656030243 20.9190770009840179
0.0354595088819198 5.5230013249299841
0.0840601059494569 1.1230089637830296
0.1521385829034161 0.5733529726834797
0.2437243741622876 0.4333427860090597
0.3418643898233384 0.4404310300617198
0.4218336974715621 0.4854473719473290
0.4566598170098142 0.5227764596096693
0.4275637610472662 0.5367134841044611
0.3408761806479703 0.5323191597527634
0.2405319416159980 0.5282382816691280
0.1737010702848891 0.5338671784701874
0.1403495070122951 0.6090780615436617
0.1345228248640304 0.6954501740698716
0.1563760575590009 0.5795566805317613
0.2068543610279772 0.4745594920360365
0.2867145784233918 0.4536076455783112
0.3921767912946004 0.5047340305920603
0.5148633969759413 0.6018885692981464
0.6519854335905848 0.7314523597701994
0.8312512919310695 0.9015879744602358
1.1543155075485543 1.1393299796981740
1.8296931619632444 1.4487240530889987
2.5534798956358662 1.6628199992130344
1.9481581347125063 1.4965684647778996
1.2510616690278065 1.2127607965519507
0.9285472131804100 1.0077287420749128
0.7899282816016560 0.8896922129328708
0.7291528615223483 0.8295131807405440
0.7044806076153773 0.8036322374986178
0.7001998082717503 0.8001900167026590
0.7123198167455130 0.8186597279617940
0.7439928200660653 0.8679756839123409
0.8062275999856605 0.9645876866700184
0.9223980005186569 1.1262165403072482
1.1132539005241622 1.3357922365772301
1.2417998570862472 1.4299219015598750
1.1670576218760333 1.2984177428610537
1.0735717804785958 1.1535326319107586
1.0359829835353394 1.0633596674815604
1.0358906265042862 1.0175100602045499
1.0405321769954359 0.9875683620829849
1.0091552115046050 0.9437836190256987
0.9038520761529903 0.8636492534398881
0.7249418468886775 0.7457625823960063
0.5194385419477681 0.6192079931473797
0.3359750773054618 0.5443385310730003
0.1959160535019637 0.6361912004500492
0.1031323290906422 1.1551227006524374
0.0549976404058912 2.6559059725229419
0.0385022725382592 5.5295474376541227
0.0473504690939414 2.6425616963107705
0.1307321637249676 0.6671361385420039
0.1971033647914527 0.4654800130266278
0.2819700334348875 0.4270773216432251
0.3690807878022832 0.4607886405630852
0.4373568864901631 0.5158711031530430
0.4649474562649161 0.5701643374380928
0.4305903611794586 0.6203274289103432
0.3338456823723048 0.6783837565754575
0.2337999595892361 0.7348658536105898
0.1950981090064315 0.6059590262602815
0.1985157398371616 0.5247921349282054
0.2165406979608214 0.4956118905063782
0.2471785504386844 0.4601897573235289
0.2970491323741665 0.4469553323981955
0.3683681370980109 0.4727146076281264
0.4563688375662529 0.5327840554199111
0.5527168311903452 0.6165737454193535
0.6555763149589842 0.7203491521927976
0.7858748420681694 0.8542549590761347
1.0051951078435972 1.0388103751002014
1.4120168575260645 1.2752361239605985
1.8875368472448704 1.4637851080639011
1.7772089642701281 1.4209901922432300
1.3613857088956693 1.2451188096915962
1.0954698350765253 1.0963057600584689
0.9687457996917718 1.0095561279775731
0.9125151530171158 0.9675497598754322
0.8845760713032986 0.9459455047548571
0.8649327828716438 0.9296047481745825
0.8501973054441547 0.9181203768549874
0.8438183796210341 0.9199679991270949
0.8471949999231400 0.9430946413272420
0.8564640758144960 0.9879546940877232
0.8613796172108263 1.0376261169772580
0.8503675371404600 1.0484230725589858
0.8308487871947888 1.0018580901139964
0.8157473480200398 0.9447829925421135
0.8164497282006529 0.9051572914319905
0.8316830529969181 0.8851517409028592
0.8519632677820851 0.8740592698160784
0.8573719171699531 0.8550427337937647
0.8167268226019526 0.8097435846908475
0.7083233179207205 0.7288606147151941
0.5499300288680955 0.6256426432968567
0.3861924067073013 0.5393984576778499
0.2505780733371811 0.5338933663458636
0.1554689767853816 0.7041681397068322
0.0995748139486247 1.1500412305153886
0.0771775224889679 1.7073619474051578
0.0899874386166726 1.1341509911300915
0.2124359828706150 0.4872500987080632
0.2750078501723186 0.4436266470844836
0.3493368283801055 0.4598921001780307
0.4189581054187959 0.5068140132261461
0.4657836868225613 0.5670293119289270
0.4702933685563771 0.6427905310174051
0.4072868332605669 0.7678602121877710
0.2809231138594200 1.0377521032104371
0.1886213371586438 1.4944632986880786
0.1735545066282485 0.9415035338789682
0.2352163027621106 0.6315990546921419
0.2966013982134894 0.5203197779464732
0.3455757536743563 0.4864840375471505
0.3958172989882491 0.4907196855935183
0.4554983777202162 0.5222682494628739
0.5219954403458610 0.5727435762118921
0.5881427308445923 0.6346439229163839
0.6523693287889875 0.7063706081505262
0.7276044878706778 0.7948699943518238
0.8400660878001056 0.9102183549952854
1.0099126188265397 1.0488302195107317
1.1939590656801768 1.1661068026844510
1.2600787238116102 1.1955785562393977
1.2123080212646142 1.1586536094495199
1.1682736242263563 1.1227396826380649
1.1730578983890654 1.1172119998672869
1.2073096954741720 1.1319452156478926
1.2187671375433529 1.1363343758293889
1.1686488928755561 1.1073525083253646
1.0778225071436875 1.0531756183612697
0.9870075639427613 0.9976210300971251
0.9114784138423114 0.9553035074089895
0.8473132477524344 0.9271582486487018
0.7889920550320924 0.9049560281526648
0.7391535434878956 0.8770550245086101
0.7050123332450682 0.8409959491258785
0.6874616674675343 0.8079078214607941
0.6855965014016548 0.7864262322142986
0.6971298135427509 0.7777923963890052
0.7179416589391191 0.7773831035102778
0.7383604127845064 0.7756856500454469
0.7379279431374378 0.7590328428566571
0.6905974448800785 0.7148313567835191
0.5891273290756085 0.6429148023219269
0.4591166159638700 0.5632687831542963
0.3362673065254160 0.5112705093804624
0.2424396211021124 0.5255702574992545
0.1842058409432708 0.6223070520241604
0.1614672666831427 0.7241684100075744
0.1723930609039626 0.6054961447057466
0.3322246178681637 0.4870800777217803
0.3866843412924497 0.4986432172104090
0.4453916817787826 0.5320858673328981
0.4927643461584796 0.5777849790195261
0.5145656798286028 0.6365510570819692
0.4917717558479833 0.7356762652293901
0.3938029741823889 0.9853530444628334
0.2513727924798621 1.7880426852369888
4.6284554240044242 4.1272853167732775
0.1613441480488904 1.6793826377583974
0.2607184637631810 0.8373404130905084
0.3676241855698146 0.6067337842675008
0.4378672216079765 0.5531549398122095
0.4883031662794916 0.5540971449594729
0.5338880236013993 0.5778336864405051
0.5747644798479860 0.6117695031467231
0.6045955459302094 0.6487503231787773
0.6243292375337863 0.6883386968829202
0.6491256096444198 0.7359548393771207
0.6964781849179688 0.7959036525027325
0.7675746697190448 0.8685334695777450
0.8473011251084525 0.9384125929919042
0.9176085889916414 0.9873857700311902
0.9868410763659111 1.0241099862268919
1.0894226141515808 1.0748032091339708
1.2550360132689957 1.1534301901641058
1.4689561466509347 1.2439593392688468
1.6078465562960760 1.2950422716661090
1.5278128218164164 1.2606659064596872
1.3101073572998339 1.1631725487834885
1.1058973295492680 1.0563344898128173
0.9570491870431816 0.9683539016473441
0.8500332305871376 0.9021784502870087
0.7687582413841380 0.8512377974223299
0.7067337914481560 0.8088894492724980
0.6630618995126462 0.7727860778423242
0.6367140972065066 0.7448127993920682
0.6265131254306583 0.7274081015152239
0.6309967106089345 0.7213811663476720
0.6479629985357314 0.7249338791215887
0.6723869256724455 0.7326652612440430
0.6920731473545569 0.7347910308935900
0.6861035339437730 0.7190415766500881
0.6367237105566399 0.6780080472299655
0.5490301435674280 0.6179146828144613
0.4495309631452432 0.5584684906767993
0.3646200904662055 0.5219839283487522
0.3086733915992180 0.5178372489835433
0.2862656628723828 0.5255466933762543
0.2956298684843367 0.5023963575358614
0.4890204290021897 0.5787535898442319
0.5313860842943752 0.6029915822680986
0.5701151822563210 0.6337034399287526
0.5937578153922769 0.6677804383121040
0.5949325604871103 0.7135468973394554
0.5560307237140163 0.8051171376807963
0.4317915422945518 1.0769024030348229
0.2132246734527134 2.1728380187520524
33.2230801954171113 7.3717172768172547
0.1477297257718741 2.0605668678253184
0.3047608553846332 0.9200824786579784
0.4384845382189206 0.6646141296128917
0.5171875523373756 0.6110673732419873
0.5624747764446428 0.6094693701180335
0.5906449366872628 0.6239462590771355
0.5992889356332491 0.6410612268406015
0.5814380950953968 0.6557191434950790
0.5486352182530503 0.6725666340877524
0.5323342339270718 0.6958636752919024
0.5546361132408355 0.7151304345842148
0.6081463139036776 0.7488245062184838
0.6732188666943555 0.7950861642437147
0.7406660030617532 0.8457074912386134
0.8223280491821470 0.9044587776699892
0.9441977629523736 0.9838206426661080
1.1328947516309873 1.0898853458509157
1.3805061717468328 1.2049633145026997
1.5633627920878121 1.2756590313518492
1.5096182902701871 1.2506457028360642
1.2937561778508462 1.1528177322944113
1.0877099163875346 1.0424100297598964
0.9419791321008292 0.9518473598996186
0.8424086879328628 0.8855881687967924
0.7695580431617517 0.8375862089547566
0.7124784639372693 0.8010280847969996
0.6675363946275780 0.7715181772094623
0.6352302154414494 0.7475232699619467
0.6178029136788051 0.7302291130893415
0.6164665037965145 0.7225461238877563
0.6305248352791079 0.7260060173651371
0.6569222141536731 0.7381006887325662
0.6877737229396454 0.7512623944338410
0.7075262522964534 0.7540301503557528
0.6974771004315959 0.7363027511336242
0.6509618238697632 0.6971736947906105
0.5821423188540639 0.6476393345444629
0.5147700890578276 0.6039783680548161
0.4672270078525337 0.5774667442400614
0.4480790094093723 0.5677199447491553
0.4573425984863517 0.5668337849383251
0.6702436255100249 0.7042042931385928
0.7000077948963678 0.7281933936606675
0.7178952710233605 0.7499897910994509
0.7178341571827722 0.7675015961287855
0.7011419988250103 0.7882222502090922
0.6595915846314367 0.8309829288284903
0.5534087536237662 0.9398923511527573
0.3603524269919550 1.2526600726261652
0.2079958489346426 1.9971991391206496
0.2723691343863229 1.1436654612486004
0.4060931158694073 0.7784090686742077
0.5141940295517836 0.6682415827680454
0.5767357384602843 0.6430387448666799
0.6086676302280665 0.6447040751213123
0.6144131564850017 0.6530491747669800
0.5805099427343525 0.6589359706041520
0.5025350576093335 0.6680792172601717
0.4160527387741454 0.7029069593981596
0.3726341366597166 0.7533085083194283
0.3961069919863999 0.7102493676858500
0.4721185995016759 0.6931661919234788
0.5671939835115836 0.7201301676653526
0.6546805412130622 0.7686281865514062
0.7367478336062021 0.8274377678067082
0.8332833050777568 0.8987066553132684
0.9586140799478169 0.9827030706576370
1.0980618897357997 1.0643413988765602
1.1868547982367048 1.1101638976888493
1.1616188555542586 1.0941387846068327
1.0582209069408719 1.0321256987263052
0.9524246367779934 0.9615393876579281
0.8753128226283881 0.9058120006016718
0.8241611139391283 0.8704551611553438
0.7877200500399066 0.8519235586697519
0.7560980714197002 0.8435028170105442
0.7236097680252227 0.8371970847151933
0.6911325592016975 0.8255860093566969
0.6669224417120745 0.8078333427621452
0.6593370768605895 0.7934958513540825
0.6716112102970705 0.7920678450304531
0.7018171025008320 0.8045854400746905
0.7422399885281435 0.8231148349030707
0.7773678744793397 0.8340897432299872
0.7883571585939992 0.8256920913517100
0.7667727532990416 0.7960336672879215
0.7223394690385756 0.7543267866643819
0.6746457734093161 0.7145324952839029
0.6408192462541636 0.6878551907231950
0.6299455521346661 0.6787110932076653
0.6423207620171973 0.6854032221497202
0.8312439034940781 0.8158110049546651
0.8577509377358691 0.8420061692615286
0.8642199932301543 0.8603357549917098
0.8422409699076047 0.8642732282387469
0.7978872431839686 0.8566765439681063
0.7400353894914923 0.8490121947105023
0.6488033217850924 0.8543432268745222
0.5117896180495158 0.8908222052015656
0.4029321092876501 0.9595597986217836
0.4270847603038397 0.7940539121137904
0.5016315055771081 0.6941270057346871
0.5651541371302593 0.6581822043658360
0.6045022227747220 0.6523100821457980
0.6207911164964178 0.6581388599064790
0.6003540029372237 0.6654878935939526
0.5182798925541817 0.6771286957010966
0.3837540271386103 0.7368552569446041
0.2613659075146540 0.9354792722709483
0.2048925544087555 1.2357765270956507
0.2412400312674242 0.9313513474763375
0.3491875598947913 0.7404168462513628
0.4940036005427799 0.7100714390645595
0.6239127731739044 0.7485827904529178
0.7180588803305558 0.8006834940993280
0.7897792738484308 0.8516146387088529
0.8517367806835413 0.8984659821916395
0.8983199296471092 0.9338453538874828
0.9122956233818025 0.9457068480297554
0.8887063182149796 0.9293074763566905
0.8479466101367702 0.8966181404246606
0.8149674965181722 0.8669162353304255
0.8014014159559998 0.8537507004710033
0.8080335325351603 0.8627031764669394
0.8309272011809984 0.8940291793117210
0.8620818994210153 0.9426507380469727
0.8849729284222352 0.9931866515773156
0.8768149018634017 1.0170887779448288
0.8406823873182137 0.9966154565620921
0.8118276756494495 0.9604214969103546
0.8146189960221736 0.9418808045527532
0.8500516594352031 0.9487219731826119
0.9026482620064330 0.9674407189941844
0.9424293569778315 0.9745670382239915
0.9426855802200443 0.9540399975611337
0.9055224715778263 0.9097159145405734
0.8541169686062565 0.8578323976655894
0.8098022270726289 0.8138711307643558
0.7844763457144913 0.7871278409219936
0.7823280592350104 0.7806080176835570
0.8010056120268857 0.7921906557648000
0.9001200459735782 0.8744614566294416
0.9390439108693043 0.9116833462767234
0.9556360016576629 0.9408130091597214
0.9203702003266987 0.9442058736396132
0.8381089892752231 0.9154438559189793
0.7570058513740144 0.8649256212706734
0.6736446515522982 0.8142941435560647
0.5843800822836073 0.7725855202925418
0.5189415286686342 0.7395291800626351
0.5191457502742984 0.6860135322691551
0.5495996301172298 0.6533203567084119
0.5810771887069218 0.6426306297041521
0.6033882321879379 0.6456268600777133
0.6062778484799938 0.6550745291822548
0.5628217753384698 0.6687007238069450
0.4441341622216529 0.7172778348659429
0.2771535247749070 0.9484253637723420
0.1491056903542842 1.7439007421014634
0.1019672215495934 3.4413757979360877
0.1391457196186072 1.7442911003027222
0.2667753783781954 0.9632563441293160
0.4611559112980835 0.7704301831913145
0.6435683675870031 0.7785974548940250
0.7591675298640952 0.8206218867289951
0.8107767317470806 0.8496415552547562
0.8212602213544076 0.8604051735300483
0.8058204428300141 0.8553761858254941
0.7754346955792224 0.8380987922395435
0.7432761064925530 0.8151185693644044
0.7226957286579371 0.7966038218473351
0.7221754032516638 0.7931300368906076
0.7465786083720956 0.8133503650238454
0.8021663124418279 0.8651565469923254
0.9022520739536664 0.9575044198849761
1.0698557303449050 1.0969791514485401
1.3104094266266300 1.2670939117554003
1.4848654234580745 1.3845532666770992
1.3897937372758293 1.3465352236533061
1.2226476370773722 1.2423844862476916
1.1553366817596258 1.1770015431588239
1.1845772084500479 1.1673285823694108
1.2533048257420134 1.1817081741181350
1.2712252200140457 1.1712961937541246
1.1897969840381291 1.1112764467646989
1.0621816765201393 1.0223284039719729
0.9522474627544784 0.9372219083753227
0.8809784907484381 0.8744567306785747
0.8465927900780326 0.8392425303033747
0.8428817151950868 0.8304372861090458
0.8634574478638725 0.8441826605660702
0.8553761743367959 0.8720229669105233
0.9033702194492061 0.9253685221671705
0.9336659067217736 0.9805634002926549
0.8834523966343483 1.0092811647310553
0.7612822107307897 0.9895366016681083
0.6885298828495208 0.8936784431399967
0.6386830638600081 0.8025313881217522
0.5918869870287985 0.7331862354432827
0.5581811515130933 0.6839247286999564
0.5523477281920568 0.6492767374743454
0.5627910947078208 0.6311426757852597
0.5776666412785252 0.6266872638809327
0.5894544158229118 0.6319362952386383
0.5845836263375203 0.6433029522939683
0.5325063188424782 0.6656557924175194
0.4040167822726448 0.7629420725783518
0.2276513701306490 1.2544433611939050
0.1086197279356333 3.4498424495444899
53.1172254208162045 12.9333168218832881
0.1155010991122637 3.4631581502827400
0.2540318346940285 1.2974250937172196
0.4910867034596408 0.8623029764037007
0.7174265008669540 0.8356196322520086
0.8503956861832778 0.8691492681200552
0.8801293077056626 0.8796403395081818
0.8439595982877323 0.8607089244741994
0.7800091106867968 0.8240017578606128
0.7163284426257672 0.7834964648467321
0.6717746571175752 0.7515590517464857
0.6557629710311115 0.7372817135968515
0.6691536921916120 0.7471204980450386
0.7135256640739248 0.7872241391144842
0.8007264746848486 0.8679385776961287
0.9681968228638757 1.0086393620174854
1.3221258132503293 1.2394176804526607
2.1256250888910202 1.5765238509941779
3.2753567918397608 1.8792855906313630
2.7578112606519052 1.7762472877766091
1.9162823694753637 1.5271205016528928
1.6099510831136365 1.3854187245357501
1.6042376952856077 1.3550836095606031
1.6992534792975813 1.3690526702088064
1.6686827324227860 1.3406684060124536
1.4358732446779021 1.2337803095042954
1.1715597101662258 1.0941066272069648
0.9855190972927689 0.9724440004985323
0.8781258081029015 0.8877925420420612
0.8254424165462665 0.8402150378413242
0.8097344100484066 0.8246396423281946
0.8213877907234995 0.8364480140446624
0.7575072017763969 0.8370806444093871
0.7867261057012114 0.9067192184475340
0.7863499700894975 1.0057021618276030
0.6786393337397538 1.1304334251669454
0.5197020342775461 1.2602430428994185
0.5125888187862431 1.0087787110017086
0.5536148794726647 0.8306203967651090
0.5702979729208092 0.7318311659665725
0.5677085863134473 0.6743462140336368
0.5654087416237588 0.6403133124913036
0.5672721732495011 0.6221010839518555
0.5714086886531078 0.6153742228563870
0.5749914067101494 0.6175593510858023
0.5687955686250022 0.6262724972792959
0.5274863441276310 0.6424986191883669
0.4205256677716318 0.6981285123380059
0.2655176173392138 0.9383332256191013
0.1431430421948150 1.7419360721983723
0.1042388916186094 3.4487814484311397
0.1613291388937834 1.7664641947223128
0.3227116228408339 1.0063580603339066
0.5709449056015179 0.8382250677444224
0.8082813716110654 0.8650975985466571
0.9411195301950863 0.9069184857959433
0.9528935810098381 0.9102520131835483
0.8827239960258998 0.8749919616412618
0.7801213849895965 0.8187429861893118
0.6857087941659823 0.7626961253853493
0.6266619720285392 0.7235017116639320
0.6132261038000844 0.7086092514920054
0.6378407343016523 0.7230624144015595
0.6939435264162456 0.7695134257519501
0.7892052281641110 0.8547655874979943
0.9564237829230003 0.9942036560856624
1.2782847352730549 1.2089040101078008
1.8928718099993522 1.4936791166104837
2.5000051664633678 1.7035096655027933
2.1119164026467105 1.6081681949436495
1.5918073604454430 1.4136817962425148
1.4034397584080522 1.3052713949028858
1.4414507328556982 1.2947448454982207
1.5767435595793113 1.3275001140077773
1.6049182617311604 1.3194862282492716
1.4086874855498426 1.2248590388249478
1.1459980051708101 1.0856257809567427
0.9506912120193477 0.9584674723075641
0.8335097868832206 0.8670055854438948
0.7706989662656832 0.8127816851544406
0.7429673533031119 0.7912150522008961
0.7400302194830630 0.7991824683294619
0.6733159221153838 0.8068172125977814
0.6608063836607770 0.8979955094911080
0.5826950743708602 1.0920120994947469
0.3895116217430529 1.5769057545692218
0.2369248890512095 2.6692910360541400
0.2896296214698939 1.4668859250438653
0.4427430281879871 0.9450658680770948
0.5446394363926768 0.7647299206590972
0.5791224293053880 0.6898604857053517
0.5825581323695270 0.6493423672247560
0.5753884905275719 0.6241060262821863
0.5649925642499178 0.6089224155692943
0.5557295258420315 0.6031240298182455
0.5471846084989894 0.6057662825662684
0.5245370517090571 0.6139386507752429
0.4594325405753305 0.6335252370354238
0.3480423200229174 0.7057793348127780
0.2416852853735858 0.9166518062353139
0.1989849424297805 1.2298496118322924
0.2615667186457206 0.9446162131562865
0.4159971190939640 0.7811164064794223
0.6279272998573606 0.7825056917899820
0.8223639041248030 0.8445973587522098
0.9377588079139473 0.8947944775446293
0.9540894988004640 0.9048580918610254
0.8813303080224468 0.8729914599675852
0.7558602658615090 0.8154472030088039
0.6324212772843449 0.7593740446227837
0.5598291830421517 0.7236737033192616
0.5565908821317277 0.7029857765538813
0.6028120233240546 0.7134732067151396
0.6740080107314212 0.7551107635741336
0.7620408221427972 0.8243443658860561
0.8740789670683125 0.9219126827689244
1.0168561295038214 1.0454531900669559
1.1606868314586483 1.1699317070413640
1.1963920072443572 1.2294054028860655
1.0848503202568309 1.1796418689761834
0.9751411861592587 1.0987891701635832
0.9510030537497007 1.0604174217376967
1.0148129076110934 1.0785374402033803
1.1368253737025440 1.1271111344494669
1.2268795851412746 1.1528401788748144
1.1813767762794909 1.1122077979575635
1.0356771344531199 1.0188513379065633
0.8913668868698468 0.9170854558718562
0.7896119323801630 0.8358463471529227
0.7274477772999580 0.7837184682417592
0.6931020122172643 0.7605549492051732
0.6775705370540256 0.7664521464444327
0.6433407690377607 0.8034646724985416
0.6053091899267831 0.9240061257706070
0.4834301348372987 1.2855566127048834
0.2730400380884788 2.7490846092183143
41.3061420066874376 9.6448288457026958
0.2068774744375692 2.6431506236785718
0.3986248922946878 1.1571178038337706
0.5519717565956138 0.8204184431888940
0.6085770804559409 0.7188494841305397
0.6084473934957196 0.6676175659189375
0.5815966174531493 0.6302596390592751
0.5445197020818765 0.6019913377010310
0.5120146398493470 0.5858273874467887
0.4944762164625882 0.5815917905039253
0.4874585876603890 0.5821978778435094
0.4678052616738881 0.5870405558320673
0.4168664378794497 0.6021178640543392
0.3546478395509933 0.6447713848200473
0.3294765134845138 0.7029312168545481
0.3756877162780005 0.6710220811473521
0.4849224087546761 0.6706373938910104
0.6226654576238883 0.7177337233261610
0.7479769510223879 0.7805886085128781
0.8340443292231783 0.8312396067574281
0.8575514116337246 0.8526055168159449
0.7939576160637047 0.8383744375715987
0.6541003636162840 0.8046159390829538
0.5072516784635893 0.7905960584075646
0.4286340101843624 0.8032104790145886
0.4472330296467586 0.7439276234089189
0.5324792653076543 0.7206842476583419
0.6346731935576148 0.7431678240135479
0.7216314869031588 0.7880999536743085
0.7867681143165298 0.8407042610583024
0.8272117325240580 0.8913075452470939
0.8317223492526910 0.9256814727517791
0.7952470018464241 0.9271385962753044
0.7428080943059590 0.8970321845060411
0.7106066753940193 0.8660589176247152
0.7181532780729398 0.8622240705540382
0.7722607064184303 0.8936869972083765
0.8682618021174655 0.9481643129183489
0.9677487019622510 0.9934674505255271
0.9984631059253332 0.9942959904137444
0.9403023416519521 0.9459073864460043
0.8478112380264481 0.8758236806236434
0.7679188325871701 0.8120859572202966
0.7128432721409619 0.7684157948966738
0.6787754170890029 0.7490979515161832
0.6588886630270775 0.7573802375213200
0.6894530622938613 0.8245507895514558
0.6863454338791257 0.9315058036003010
0.6405516624727313 1.1593409649344282
0.4936261560742218 1.6949129017952234
0.2940181321206146 2.7956816534156994
0.3543836237415953 1.5653049787833053
0.5151522791488058 1.0149572402215989
0.6244103967381860 0.8209716726691114
0.6544179579197434 0.7366268866448216
0.6273540660367410 0.6793977406713315
0.5633025616734595 0.6294065719318924
0.4859244134291479 0.5915591180412747
0.4228986388093189 0.5761192520269718
0.3931825341335717 0.5757035105666523
0.3976456920123702 0.5604704771176647
0.4171849317961334 0.5507013735162701
0.4261932615136157 0.5517830277045676
0.4186517474055577 0.5615405555089107
0.4178131147906342 0.5771626603730239
0.4493821662239860 0.5874788019504972
0.5111552658526700 0.6137996792853951
0.5854934429923317 0.6572686188548048
0.6558028347200922 0.7067674451001116
0.7078746041034120 0.7504048603730523
0.7141946268290168 0.7774506197882846
0.6360102926956023 0.7884126155398096
0.4787021089589160 0.8271155545428166
0.3236771282778027 0.9916064524635266
0.2475672608028953 1.2630202919291793
0.2915631565116350 0.9649905919466530
0.4177017339226187 0.7811331519401219
0.5634374844730904 0.7409189388679157
0.6677459738222280 0.7550017564264427
0.7169450695113172 0.7752376979453324
0.7239929320218991 0.7867672597626165
0.7021446310229050 0.7849421828941391
0.6652715549316863 0.7696434114693488
0.6303491185020580 0.7483618891521109
0.6107780792836961 0.7354062984612321
0.6149620622931405 0.7436107375860884
0.6511952476677524 0.7785177127530073
0.7258575798564715 0.8334208467477799
0.8228952671341627 0.8851062575223324
0.8861871329596623 0.9071226927371847
0.8774540626067158 0.8881063200182528
0.8231835557900511 0.8439982278970487
0.7655633647491130 0.7988909887247022
0.7235429317326049 0.7681203756428456
0.6991380457293594 0.7584287811384680
0.6893505287112361 0.7743336057693673
0.7815498655987304 0.8612948401332489
0.8153009127604623 0.9449071914742337
0.8192857854461763 1.0617796605214755
0.7248183726237926 1.2127226200404602
0.5496465678026015 1.3481930809204727
0.5495842837809922 1.0781815011999623
0.6201711772205469 0.8885532502824424
0.6694615943984871 0.7900191043479391
0.6668374196872869 0.7272724227552169
0.6054489382573933 0.6698475724411620
0.4981008205655499 0.6181000237419570
0.3822788147993839 0.5994972260420152
0.2961261665271806 0.6410752015094137
0.2590291414060796 0.7018927608036372
0.2726910721412043 0.6199832967636771
0.3212309487905006 0.5481702801565017
0.3785790061672987 0.5243960833085708
0.4222560379180736 0.5285254417720705
0.4510641777945163 0.5420168115595504
0.4794499412169702 0.5588695222418627
0.5140827815238721 0.5830603270197032
0.5527564666707199 0.6149016896051850
0.5896885356059661 0.6507122982135418
0.6119358549240022 0.6848996653924958
0.5887682915097977 0.7145635379362968
0.4837470287230681 0.7670634459999863
0.3154929572940010 0.9831238477621387
0.1753345632064757 1.7382426913639839
0.1209229630158896 3.3810036433487558
0.1651816301558068 1.7324612347994408
0.3044187916337114 0.9757164266603229
0.4816778996878503 0.7659323030071494
0.6094015753768804 0.7314280567737996
0.6637832787609035 0.7291431767969763
0.6685528364434016 0.7236753907739933
0.6485054362834799 0.7106889828486953
0.6186913320834815 0.6928417031079064
0.5880293550645784 0.6759586783798103
0.5611905841727626 0.6683283118606407
0.5435922099707128 0.6796342647915568
0.5489746549727224 0.7173589866564618
0.5972091582119640 0.7737575699156588
0.6889947651830820 0.8158533106308707
0.7763067763814270 0.8394043888948919
0.8090035757786899 0.8360758009068048
0.7926711944170588 0.8125678375237245
0.7627712699656387 0.7867269064678429
0.7423182978780244 0.7728397354621968
0.7386101081046460 0.7783032282535546
0.7524702218351859 0.8068417130577031
0.8749864164914133 0.8949370393769358
0.9207596491287146 0.9551280791735255
0.9010909361104849 0.9957190855818516
0.7886531750666819 1.0021714904201127
0.6504981334128216 0.9674390853878251
0.6133388103069919 0.8667736890318354
0.6320064795450343 0.7870952931120725
0.6495503677270816 0.7349813775511419
0.6254573634279577 0.6896508655979098
0.5363693450271769 0.6409642028861817
0.3994594721619561 0.6169835607467410
0.2657181205178384 0.6984237040875243
0.1738474987333984 0.9847938491774660
0.1344230496992913 1.3795600853879493
0.1561069140485693 0.9660708043081697
0.2207751112873324 0.6534556070268090
0.3099398956811721 0.5351938855741474
0.3944171357194273 0.5182070957844903
0.4537524657917448 0.5330248313432354
0.4906374413732548 0.5530089141724239
0.5168404510561635 0.5744407949387733
0.5400066536691374 0.5986038426353361
0.5599320623986466 0.6251979267219382
0.5646332981300501 0.6520933063958112
0.5245273716423666 0.6843631639917656
0.4091774210473205 0.7832273182118390
0.2402613180171786 1.2562836554443124
0.1206143330919953 3.3820951412146880
52.2784037293192227 12.6567077805746671
0.1246144255387186 3.3905689741572642
0.2548417280619375 1.2726928563129631
0.4405253071977843 0.8073605838275493
0.5730416947837107 0.7184637180118575
0.6302973096852258 0.6999788208680703
0.6390137480893787 0.6877965454558286
0.6248274436164378 0.6728897298813581
0.5983870823815524 0.6560126688698692
0.5603494727387650 0.6405382933483179
0.5081600455584471 0.6347193516013198
0.4485279411917540 0.6566064763126900
0.4076263214489323 0.7270009782528947
0.4207770015255737 0.8199495496100639
0.5009024950942940 0.8035649976446798
0.6098101635450731 0.7841802208255898
0.6916226902014764 0.7761947428201111
0.7260360794150786 0.7681001231795861
0.7347464823092208 0.7622316282337300
0.7443367451309438 0.7677893359342444
0.7694337566336681 0.7915983316207797
0.8150482550050699 0.8356196074789636
0.9214577921139836 0.9059180017944752
0.9664334555512195 0.9504298402302468
0.9136140793387889 0.9474321478546471
0.7820303051752140 0.8972568462867649
0.6598085224345948 0.8262069880398460
0.6073909795855126 0.7572610249325298
0.6014107699324226 0.7093129147435365
0.6003760744988306 0.6760711773931504
0.5610060629860993 0.6421547939023259
0.4568262197145148 0.6119156940079633
0.3106421356633642 0.6570430511064750
0.1775196006729471 0.9885784163894050
0.0961123949403076 2.0536721164950671
0.0666824190484541 4.1893317474643261
0.0847941687350729 2.0431575621693288
0.1519079286126684 0.9624395736985054
0.2591311997830556 0.6072619875411462
0.3718426836664872 0.5352906674184573
0.4569465465509326 0.5454806173857889
0.5066483480773701 0.5689380741020930
0.5340523312836484 0.5911590052990194
0.5530280092400492 0.6129394123130761
0.5679817996663870 0.6354566570095252
0.5706721534917458 0.6575592490739648
0.5371084659716535 0.6814024997003295
0.4396175020325845 0.7394989666782634
0.2928800596170625 0.9723532173060372
0.1732754229712701 1.7476526344332035
0.1343820079111720 3.4054679603359554
0.1847237665486360 1.7605042568962557
0.3175285445204329 0.9928332739045121
0.4752551012031744 0.7613065156893745
0.5791750196492312 0.7032242898793885
0.6204316481580422 0.6833606510523191
0.6258345652781591 0.6688034586979599
0.6129138930980541 0.6538602109632913
0.5827945019016074 0.6375373669707467
0.5260238630879107 0.6229133522458478
0.4353659285395798 0.6287167892230141
0.3276195983165497 0.7102848614025483
0.2449391985218955 0.9531421415486430
0.2252215546852410 1.2990829434123432
0.2926579719100169 1.0013111190698289
0.4098032500742999 0.7908956937373601
0.5332953005031336 0.7205225702539595
0.6215170187108292 0.7109752054787908
0.6732565991656396 0.7207700646568658
0.7136420851366895 0.7437540219993888
0.7651634790810312 0.7838849293855189
0.8381110133854970 0.8416061346901220
0.9024056650321425 0.8888291829503709
0.9513343209779944 0.9304328565028142
0.8931749224155745 0.9142865988220378
0.7617867606145085 0.8472681914469365
0.6473298040971167 0.7666614257835431
0.5886608410218613 0.7016267903138244
0.5701844976733239 0.6599056343933096
0.5581145859583354 0.6316904694284007
0.5120431705718579 0.6038587868809323
0.4069950504079865 0.5910527815566547
0.2650647052258339 0.7085106530936187
0.1361902113790186 1.3803643220970141
0.0672206466206748 4.1885459804366958
64.0875025787017876 15.8283281177362749
0.0662689801678866 4.1903862036740698
0.1323784216379699 1.3804968641755784
0.2532316049454994 0.7017531054552250
0.3836152688447014 0.5752377474657850
0.4857738380362421 0.5833822209348263
0.5458905804960983 0.6124274989645524
0.5777649035925851 0.6391316522842518
0.5991257005975311 0.6634224067827718
0.6173086515427175 0.6864337329894570
0.6277098911193413 0.7067365656108783
0.6139940089503300 0.7234558575274501
0.5535644982620479 0.7462892719921453
0.4459532767555183 0.8181646392138582
0.3393747075216069 1.0214931757985686
0.2925625734371698 1.3198548919244455
0.3486307186127837 1.0266831764399531
0.4591070165524362 0.8199264408509690
0.5596011904133701 0.7354733974263764
0.6113467810630281 0.6997700059462593
0.6253855869626639 0.6777142538795436
0.6215665577231688 0.6603404176706028
0.6052484729899157 0.6445118880417536
0.5672150469581883 0.6282584272262912
0.4896074569792313 0.6187550768237815
0.3660003341841009 0.6632985936256951
0.2275218430377673 0.9232808683760962
0.1308418939951760 1.7797809736054833
0.1057276602633167 3.5553713163118661
0.1502548232824350 1.8038422703749937
0.2558542250015284 0.9617908389835844
0.3962088470639330 0.7056046451903338
0.5173076237230030 0.6597357350820314
0.5988248340254650 0.6724643354526214
0.6588433073401045 0.7049393181860573
0.7236100267384478 0.7542127266040656
0.8082188080789456 0.8197955722262195
0.8432733182720960 0.8574281004086108
0.9061047822972068 0.9101464461490485
0.8679858720837030 0.9058827702737869
0.7468632458822275 0.8431392160291081
0.6372802786108921 0.7583088534024250
0.5759641173018298 0.6873554289287966
0.5520786404281962 0.6411096877515945
0.5371143367879405 0.6108309291232048
0.4955037384572744 0.5827501916503800
0.4028339168541725 0.5626682182628020
0.2747033289922082 0.6208765058734285
0.1568982934471511 0.9654608500934501
0.0857826637655988 2.0424001820226638
0.0670706579897775 4.1902934569762618
0.0967242037677191 2.0582464207498870
0.1769551998300476 0.9951039303975115
0.3054485485311144 0.6621942931172224
0.4462607628261345 0.6147999088448389
0.5572183260404191 0.6474194217288568
0.6243497666782972 0.6889735133355910
0.6641620588549414 0.7256626471453075
0.6955635711593356 0.7582151397775805
0.7239205154701761 0.7851399847458850
0.7430671610411881 0.8026501363636328
0.7424985773069418 0.8098325845819356
0.7113212522756639 0.8114314887405326
0.6467090918697312 0.8203684449265163
0.5730029533779969 0.8553751403042819
0.5370720641493419 0.9003464153134111
0.5649133968732055 0.8429339170446515
0.6162635171443446 0.7845662026099181
0.6453754340905236 0.7420815304166688
0.6464568459105031 0.7079910850879169
0.6353740809306658 0.6803143077776068
0.6213139154084908 0.6587687320251070
0.6007157519928630 0.6410853209990638
0.5584268922339053 0.6252241815028667
0.4725823120476055 0.6233664936430163
0.3375110145207950 0.7162617325672050
0.1875300845002399 1.2424315804512989
0.0945840426282434 3.5366431059689991
54.5195117232564002 13.3077218922980940
0.0985732479537873 3.5463350936127211
0.1888436542703171 1.2552480592066055
0.3298730826667527 0.7255979232922806
0.4551797475536403 0.6283406429962630
0.5418301317920921 0.6330857728910347
0.6036936095696140 0.6651889583526326
0.6665622605028496 0.7151094703022065
0.7478046346643018 0.7826512641578013
0.7788236493097075 0.8321667419008048
0.8618828940870860 0.9110905640513743
0.8562250673200505 0.9440200640090597
0.7404417106011856 0.9045788774814921
0.6368386122958828 0.8085222196922434
0.5754934353954678 0.7175067491825896
0.5503222054381451 0.6558623132434871
0.5379446340031979 0.6176203148466975
0.5084706212592207 0.5868331502048372
0.4381342027899142 0.5573570592482372
0.3325165246742061 0.5563291737512045
0.2275465476958088 0.6606464224637524
0.1566882343438893 0.9681384742408822
0.1352936551763859 1.3845725024816622
0.1778020260950074 0.9972531653414697
0.2737661263343348 0.7194860319126083
0.4124080823226523 0.6461051197362309
0.5593244475845758 0.6788459968291097
0.6755995447826737 0.7400405938179240
0.7545001872797870 0.7997412495967009
0.8166327449008604 0.8548865819207577
0.8764263674599729 0.9038157246885765
0.9243630428233369 0.9362366031483884
0.9395543864687929 0.9421668737965591
0.9176762001247636 0.9249231161740366
0.8722048596859812 0.8980069205948766
0.8163221354960752 0.8742254784511901
0.7628720467200059 0.8608889389365965
0.7314948908072957 0.8538280343756816
0.7304507925453356 0.8312579619203132
0.7291020351543314 0.8001453634601740
0.7081543271562246 0.7628205087250610
0.6758702622803924 0.7239032403559253
0.6458788632971016 0.6894828788166651
0.6225501212477615 0.6626490154526066
0.5999728429291760 0.6424097058208321
0.5628943614616823 0.6261518682973591
0.4894818315585705 0.6194131526602759
0.3699018943542192 0.6674538199090387
0.2333976530580085 0.9297579317369746
0.1370647208309481 1.7858858770326818
0.1069844514087159 3.5563458269235420
0.1385712956973117 1.7940514314615570
0.2277675740430528 0.9380302532716436
0.3483715997014327 0.6674845946591121
0.4509293375374266 0.6094417982367488
0.5180863353940712 0.6128227311805441
0.5655925526261780 0.6379967328264575
0.6162505598228548 0.6821532720389186
0.6863088387116995 0.7483280286721229
0.7261108117111671 0.8270437619291835
0.8278315289530520 0.9515387659682569
0.8541446578435813 1.0677731924345255
0.7165400023106107 1.1134029150871370
0.6465488504593275 0.9597947671228341
0.5950777680838711 0.8092741645184437
0.5698244588831070 0.7106146655477136
0.5597608534046598 0.6542990512156553
0.5422537509617283 0.6175591793976480
0.4965529322467833 0.5844652191708821
0.4200096312832901 0.5581942128279943
0.3358812928246825 0.5646984494186389
0.2760307350171670 0.6305615035157763
0.2636067105489233 0.7180333451104026
0.3098151301068138 0.6710136978498934
0.4123533301770739 0.6483883713768855
0.5537345937484537 0.6889960008211160
0.7000288048248423 0.7648616762651493
0.8242477237475403 0.8477330186892000
0.9330221986317110 0.9300658945031938
1.0508311907190857 1.0131537728076534
1.1755589712766294 1.0860043252387768
1.2484030776641561 1.1197960873762689
1.2117340309956013 1.0957045189984032
1.1008038629012304 1.0322932017363988
0.9865901135345051 0.9634766683904702
0.9014424018404145 0.9101741471105155
0.8479885073393472 0.8773675782615866
0.8217485143583472 0.8597459294681670
0.8117177508846184 0.8450013785371319
0.7922422387620138 0.8229244389637379
0.7514616747419471 0.7887962265473584
0.6998623310233776 0.7467517165158329
0.6543566570172911 0.7055728451533037
0.6227055162322089 0.6723334573651417
0.6005919352893200 0.6490063096670221
0.5755334043751394 0.6335307542116075
0.5296212837659061 0.6254967554927562
0.4492784851092373 0.6396071577865662
0.3471180852650622 0.7274490804201110
0.2644481203683767 0.9714405204317422
0.2358657903439914 1.3100189794778823
0.2789189930144398 0.9940147089684623
0.3579391527919821 0.7575106005653079
0.4396333234728540 0.6601582971523089
0.4949093044922178 0.6284476098093936
0.5252372840904095 0.6218885748354162
0.5493049635820029 0.6330616197926655
0.5835053923755773 0.6666528580801375
0.6397347298356185 0.7297057537387436
0.6856674512326765 0.8433029074562001
0.7828474619663097 1.0371401389193700
0.8064673794718262 1.3557408445770653
0.5842957388605114 1.8515305897884691
0.6715071210700468 1.3230495294802502
0.6563209023335670 0.9895382557012034
0.6248419795170400 0.8117016371108537
0.6083186601534898 0.7219114634040880
0.5934067808188475 0.6728370304570626
0.5637689632030127 0.6371286588685084
0.5137950330709679 0.6057549163626502
0.4558635154704789 0.5858128003936399
0.4143151563888395 0.5896660151482152
0.4119026474611412 0.6143201592738032
0.4607143455026648 0.6365833311264375
0.5584900713504192 0.6828455689427503
0.6874823544273629 0.7571537412847927
0.8226520106029742 0.8458391149532458
0.9545554097119868 0.9394270441813013
1.1027750366932094 1.0395747678399769
1.2918964115294493 1.1455853121040414
1.4857267034213182 1.2324370199939483
1.5400950456278877 1.2505126474961341
1.3857227989897243 1.1816770563322947
1.1639855448391971 1.0713984112909916
0.9926931018717027 0.9705114542408142
0.8901016416448917 0.9007656203608643
0.8408182851913563 0.8633233834916448
0.8272668431484207 0.8501194351119377
0.8294663565461936 0.8479789770406244
0.8197957172564473 0.8413418159003018
0.7792259409712757 0.8185519748195045
0.7155369360422416 0.7788211776173991
0.6558040378249613 0.7317665065693530
0.6181743218743703 0.6904484465044531
0.5995080214353822 0.6625672228031031
0.5883552296197968 0.6478896902737183
0.5720131230096611 0.6439179957289212
0.5401348304398383 0.6527748329201146
0.4946180958445661 0.6874758104256009
0.4591314102503679 0.7648172329653774
0.4649554251933108 0.8548336246131183
0.5133180732234058 0.8216461573286368
0.5643928555462248 0.7732612437249812
0.5839893892073164 0.7329064549189953
0.5744585441864021 0.6966346677483758
0.5595133760908805 0.6685888951920274
0.5567150526274519 0.6584191512316210
0.5731818335014481 0.6758370607794223
0.6137688656081556 0.7318147304868944
0.6589028454515085 0.8655793329119430
0.7105670867828985 1.1344369897606479
0.6680101258319054 1.9193825941876475
23.2239288682276737 5.3240535547883461
0.9034319826361970 2.0655215220377898
0.8188296202854699 1.2437960315043208
0.7391935590478612 0.9441153556270022
0.6958019881058386 0.8142265830972212
0.6677513624685346 0.7500944043835882
0.6376062552345776 0.7097416574322489
0.5996095504506616 0.6775062820460338
0.5606009005321236 0.6532867037798503
0.5362631823635170 0.6445877021831738
0.5429551556096281 0.6569819916145223
0.5897585299395677 0.6898533989917616
0.6732273779012559 0.7455394897857515
0.7791547819249055 0.8187461613571411
0.8927757423546729 0.9007015870382208
1.0139492586816052 0.9879114273249071
1.1593606983141986 1.0818612545786264
1.3345634709677123 1.1757098601301748
1.4738885110184337 1.2377459766452221
1.4455878763146106 1.2233602853923837
1.2532065282802063 1.1321059675799423
1.0441461922726469 1.0150279726335496
0.8976769224424015 0.9161287130869262
0.8159192205061636 0.8517910183505597
0.7829537102421875 0.8220335511154119
0.7840891302797285 0.8202421442751531
0.8024066587054540 0.8355482229020682
0.8109374232757732 0.8523866066409326
0.7804260011055599 0.8536258993228644
0.7095805120475214 0.8285625946139843
0.6370817868487841 0.7789104235030740
0.6012498906508713 0.7241381334447232
0.5941392593141106 0.6870771128106070
0.5991447104099871 0.6703095217038317
0.6059591519948824 0.6695503537505272
0.6109904191645046 0.6830409650183986
0.6177561805231085 0.7140920639937564
0.6400897113983770 0.7672907125122680
0.6955963168980175 0.8334861347417476
0.7732650759400318 0.8775628797215175
0.8126102091837895 0.8934441021757704
0.7773959500352559 0.8736599341972906
0.7012838585859810 0.8255206767998827
0.6342318924464372 0.7688083372094521
0.5979986369595097 0.7265288014769465
0.5924174947063862 0.7165560540077490
0.6134006579850032 0.7537541429478728
