TIMESTEP:
3000
TIME:
30.0
DATA: p c
1.0001983888895654 1.0031403090236537
1.0317705312531202 1.0217245477328105
1.0624205999185201 1.0389733867683966
1.0786459549285565 1.0476574578188009
1.0741240532552314 1.0447318806250054
1.0539703690156392 1.0328798976743490
1.0291294224991197 1.0178687861452063
1.0080519447121430 1.0045717720467517
0.9934164964229210 0.9949629344346131
0.9837490246350202 0.9886006218465450
0.9767184461107959 0.9843219111226388
0.9716298535439944 0.9816793005972385
0.9697634194239030 0.9812114434127885
0.9727307148087304 0.9835915482252041
0.9803816575679659 0.9885147218810667
0.9899635685179423 0.9943209328137145
0.9974259490614297 0.9987986392210112
1.0002396569865075 1.0006713989563272
0.9993588008734373 1.0005100223575922
0.9982380479986708 1.0001315557092958
0.9996636589564395 1.0009080744188172
1.0031104134323714 1.0023907680864128
1.0047086683416795 1.0024120411553539
1.0001981615120108 0.9987786384518273
0.9889200233009124 0.9913856377623254
0.9752833016904930 0.9829833555453678
0.9663522104987808 0.9778996705291637
0.9680031156252633 0.9797409560162015
0.9821913250036755 0.9894840603639103
1.0056562536068838 1.0046556403481892
1.0301042568506771 1.0198941484655619
1.0451633277859036 1.0291115147295327
1.0441979217666306 1.0286019615976265
1.0285658930794950 1.0190046515879609
1.0057425062721321 1.0044535560637371
0.9837946521239066 0.9899300964759827
0.9678623692822947 0.9791762893689018
0.9601183684088728 0.9741731109365958
0.9612108454639487 0.9755861179106878
0.9712449937012794 0.9832149369559974
0.9895366001090783 0.9959417877731026
1.0133851954887794 1.0113269394604145
1.0369977148702243 1.0254917584378707
1.0523033372166728 1.0339683296186624
1.0526219452711214 1.0335601867075983
1.0372031833343700 1.0242258352401949
1.0125158800483194 1.0095817114766452
0.9889506523088092 0.9955432456898490
0.9760952207472549 0.9879709365251558
0.9796892118671855 0.9905051493675695
1.0006787826742758 1.0041298537441694
1.0156185135030611 1.0128602470517889
1.0338830347653019 1.0231940312942014
1.0462175635518327 1.0298623345484186
1.0473456376244790 1.0300571111407457
1.0389508405345438 1.0247532411659417
1.0268832240872527 1.0171896882743177
1.0159305957073734 1.0101528748865294
1.0072037977518140 1.0044680512510544
0.9992357993172380 0.9994609400883701
0.9908551425657193 0.9944996424737366
0.9831928668014805 0.9901462927200035
0.9792152661756085 0.9879705547410247
0.9813753494028813 0.9892676477205103
0.9893169508191932 0.9937632680023361
0.9992629774661985 0.9993343145495825
1.0058609356996051 1.0031177475966258
1.0057664900584609 1.0033903012960210
1.0001295390691267 1.0007416884010276
0.9934133377062998 0.9974249934315599
0.9895977611509885 0.9953984602958600
0.9890942883546049 0.9946948577743316
0.9885408559301964 0.9933835199541469
0.9836472734298701 0.9892291366549062
0.9732180455600488 0.9818891897912001
0.9609656742463267 0.9738743842839505
0.9535580810571546 0.9694626824252518
0.9570122930051839 0.9724712585740712
0.9739297378903664 0.9842742365712431
1.0019324940882628 1.0027722314282381
1.0332199604781098 1.0226324357395324
1.0567143075367109 1.0371899907450757
1.0638520046717201 1.0416914405610658
1.0541490917211254 1.0358203854379984
1.0344749297674567 1.0232719574664813
1.0131407741316727 1.0089709303053334
0.9953917998347055 0.9966178650024672
0.9830723099704742 0.9880678527784263
0.9765730161199905 0.9840460798592727
0.9765765202482416 0.9850027310236081
0.9843397997934178 0.9912874085893314
1.0004913413100205 1.0025594301275591
1.0231536926488849 1.0169650145999223
1.0466823129467264 1.0308599389870428
1.0626413143328748 1.0397034726562566
1.0639208329347336 1.0401197651243179
1.0498138418894893 1.0320393600313369
1.0272696355216924 1.0192112741230472
1.0067740374655412 1.0074357572298329
0.9968183638242835 1.0017332897120392
0.9976968953490379 1.0025720067270145
0.9955346594493455 1.0009882201593296
0.9995990532977701 1.0029816797340123
1.0049182877279890 1.0056503714703027
1.0084159496576472 1.0072201304709343
1.0103180401406420 1.0078459450027049
1.0125558809905659 1.0086812664637346
1.0158581636622066 1.0102167307189356
1.0183492098190949 1.0114703384304482
1.0169561566807348 1.0107482005913697
1.0105038774783766 1.0073134817664213
1.0015638139229786 1.0024231591638495
0.9950566816948896 0.9986889175440442
0.9948401398442742 0.9982568946625294
1.0009840682565487 1.0012306891161169
1.0093657442865620 1.0054413303261578
1.0140323590106854 1.0078053153034636
1.0113424328107359 1.0064791958895285
1.0027095229929031 1.0021655529637685
0.9931960155210499 0.9973850503704400
0.9873033040065452 0.9943307848788532
0.9856384811852540 0.9930893441778136
0.9846578070491604 0.9915640102520635
0.9796212333389263 0.9872239184206351
0.9688978720279843 0.9794903303769121
0.9560541723255113 0.9708541631855276
0.9479267313244111 0.9657972638778928
0.9508853812451942 0.9684664528372824
0.9680068623622993 0.9805944172755576
0.9974891933915928 1.0003805336409959
1.0320022319912086 1.0225968814431414
1.0603860040535149 1.0403483030983058
1.0732291643752196 1.0483451615817596
1.0689622555121696 1.0456984881765246
1.0537881599458176 1.0357185763811569
1.0356342703669061 1.0230416684081223
1.0190861700673544 1.0109521067967424
1.0049644069495054 1.0007587838125307
0.9928655974642140 0.9928314037317648
0.9837016374035382 0.9878905540017745
0.9803497042251517 0.9874135252471051
0.9862522060761303 0.9929035831534860
1.0030316143824096 1.0045771025386951
1.0282628674742846 1.0202994784607340
1.0545142640137475 1.0355298069184518
1.0713745286470520 1.0448205152792684
1.0712116734679702 1.0446053888662630
1.0548148142757361 1.0355029956342250
1.0308661303189712 1.0220207959480978
1.0097060875420736 1.0097831011940661
0.9944867817300342 1.0003923621820239
0.9797087407515528 0.9909708063181832
0.9721844439548533 0.9857195553137198
0.9703222497619512 0.9839022418262453
0.9732275605388250 0.9850760731731524
0.9811862083847238 0.9894150084130604
0.9943564454914311 0.9969560930512399
1.0108081775246256 1.0065021766469711
1.0257610847042338 1.0153071559534386
1.0335105270476403 1.0202186624059384
1.0314353554446056 1.0197349175199562
1.0224966382415948 1.0152418752729158
1.0132600970079670 1.0101194550211192
1.0092419047720207 1.0074040992078903
1.0115186351000180 1.0078702485956470
1.0164574236036028 1.0097783163356269
1.0184619589822774 1.0103576550030158
1.0142634862318427 1.0080279126182674
1.0055236517092647 1.0036588646446851
0.9972728367199278 0.9997625831567254
0.9936739171701322 0.9982978879772224
0.9946619620009717 0.9988712163149699
0.9956834762357930 0.9987177428443685
0.9909910487845298 0.9946901260677369
0.9786268881033836 0.9859951399646484
0.9627742177862920 0.9754434320931309
0.9512741817975844 0.9681244547276324
0.9512269055911858 0.9687319393105556
0.9660208137834952 0.9793259148931299
0.9939466302640312 0.9982355703518628
1.0277290010960298 1.0202328327614967
1.0562707112147358 1.0383482343911832
1.0702264635384582 1.0472079133457484
1.0680966227592561 1.0458808285459922
1.0560492244147697 1.0376267434258708
1.0416100718295409 1.0268592616032226
1.0283717265676640 1.0163284886838082
1.0156629655312930 1.0065492706187631
1.0016844059179866 0.9971501246390380
0.9868906342452077 0.9886065852089081
0.9750499390336620 0.9829289069339223
0.9715506153505371 0.9828715096348210
0.9805225518253763 0.9903006793944746
1.0022671188521297 1.0046731631979307
1.0315849585256813 1.0223630342486063
1.0581077784672392 1.0374567272447062
1.0705664582844636 1.0442909920396515
1.0638968087253444 1.0405999701890847
1.0426437695348072 1.0287367704754546
1.0167013382813810 1.0137784887647563
0.9949857534433527 1.0000429966563456
0.9744144825280439 0.9869175121009746
0.9595770967622141 0.9768918374056438
0.9514722157864900 0.9709500143619294
0.9512257357859236 0.9700477911055830
0.9600518602469080 0.9750008551245356
0.9779828374871673 0.9856857243928896
1.0021923068126473 1.0001565564864181
1.0263009341579084 1.0145509060348530
1.0423796501896248 1.0244483768899206
1.0456979167077300 1.0272834236126549
1.0383301108804728 1.0239678679995752
1.0273981028734780 1.0180694460650037
1.0196177035025948 1.0132074923127774
1.0172389890060356 1.0108683220453709
1.0177616834665877 1.0100735177928009
1.0168133896090719 1.0088299784822006
1.0121629589497465 1.0061914322056857
1.0058312984735194 1.0032960862269578
1.0024303708860443 1.0024690966285092
1.0051822862538611 1.0050792261171886
1.0126344256725746 1.0098008923436705
1.0183635806503053 1.0127153642637665
1.0148838307954930 1.0096960828283774
0.9998955203321434 0.9997137723415797
0.9789973680073751 0.9862353575298420
0.9619613780327441 0.9753834456536047
0.9570509141301522 0.9726370475125247
0.9678402765728445 0.9803632338379767
0.9922374983353033 0.9968311385065450
1.0224719827625013 1.0166125180933614
1.0472718572255744 1.0326340198398496
1.0577695921781858 1.0396840652006623
1.0534339099120520 1.0372278441878953
1.0412361093281903 1.0289077584659283
1.0288527459328631 1.0192449396784911
1.0192932799900298 1.0106915942562416
1.0106224565323261 1.0030610158113360
0.9993549513750805 0.9950427219309287
0.9845179750483991 0.9862933075441631
0.9694277189079789 0.9785125679936373
0.9601174766421461 0.9748232955656120
0.9620967957007566 0.9780442119581414
0.9775390374545624 0.9889434660465255
1.0035458500145917 1.0052494270763195
1.0318658813326862 1.0219316875861413
1.0515257390405466 1.0331016205302095
1.0547200147603912 1.0349464357942677
1.0416347898507918 1.0276501221422363
1.0190935742457323 1.0146289994355195
1.0016408912805681 1.0031606545829754
0.9822564687077860 0.9907229470145285
0.9643095138575736 0.9786962847986865
0.9508280831831070 0.9692573278154164
0.9450694745571473 0.9647731969585142
0.9497519996281580 0.9671399269553324
0.9656801576500259 0.9767768538810924
0.9903184222664280 0.9918181328493992
1.0171851782066081 1.0081288749476847
1.0376112627898362 1.0206932709074308
1.0453908890351780 1.0261013356448661
1.0409758378185174 1.0244309609123867
1.0305451798289500 1.0187446462453216
1.0208021291486928 1.0126357641866004
1.0147246070877538 1.0080305067454542
1.0111490486437491 1.0047805357571591
1.0074416495303196 1.0019320376192180
1.0028912369023877 0.9994411133020923
1.0001364718505774 0.9988638808775432
1.0034203557416670 1.0023470063497315
1.0149360142427630 1.0105658539698945
1.0315557091173624 1.0210536969665525
1.0443616898967079 1.0284214197169586
1.0433686104673154 1.0272457760005720
1.0257074080359934 1.0161627454875917
0.9989504569323578 0.9994907514266329
0.9755253552516080 0.9846763207571211
0.9651911942426235 0.9781518036498937
0.9716411092887134 0.9825858252447870
0.9921071402791785 0.9960623436294892
1.0179288344337087 1.0127860320134205
1.0373264718240196 1.0254633677519138
1.0418635502469609 1.0290683926149740
1.0322830629115451 1.0236481936965875
1.0168605374895325 1.0135282982120395
1.0040397399591978 1.0037187444532414
0.9970508525151273 0.9968219635597747
0.9935577473644877 0.9923574288854438
0.9887560003140720 0.9881906692679089
0.9795519237771559 0.9827475771561222
0.9672221491998225 0.9765216677793453
0.9567766926723572 0.9719583803052382
0.9539257133238357 0.9719955896535621
0.9620271725549240 0.9783097303571217
0.9803048942452365 0.9901613667981706
1.0035466538715629 1.0043191759472820
1.0237576331370373 1.0162650705447678
1.0339226964875694 1.0222894486095784
1.0316482124253838 1.0211491496937173
1.0194051299060098 1.0140254800114765
1.0140729891848121 1.0096422481722434
1.0017871634041362 1.0015040676067899
0.9843485021602276 0.9899276212743634
0.9661488128108084 0.9776973310609586
0.9529107019040981 0.9685809581507948
0.9494611169406982 0.9658705618810668
0.9578907869925289 0.9709714100702166
0.9764977485303163 0.9826236815327403
0.9996232296428536 0.9970661062754560
1.0192648828706949 1.0093957544594210
1.0289905076583747 1.0158607374865063
1.0277618049647272 1.0157055220792766
1.0197639632581998 1.0110083696341630
1.0103655806325522 1.0047212865005373
1.0024451713516915 0.9987764008950838
0.9959279927746432 0.9936873054183859
0.9899770009249412 0.9895522526777873
0.9855451811761433 0.9873153073810089
0.9860827861725212 0.9890570875668117
0.9957340997435562 0.9968655765775801
1.0159893658998975 1.0108499416950159
1.0423276591245754 1.0275034218256971
1.0633593721291277 1.0399741082583782
1.0662435319385883 1.0414234366099302
1.0471420837853525 1.0299987615327151
1.0155381200665499 1.0107978833926550
0.9866415939191535 0.9925941142187796
0.9717850318258413 0.9827923947509609
0.9748083764504227 0.9843791359735893
0.9922807450803983 0.9952595830330480
1.0145975161102934 1.0092425384041834
1.0292690100191031 1.0187232088000344
1.0279699214758677 1.0187273640753061
1.0124739925780422 1.0097939709981816
0.9923875607599696 0.9969857445800773
0.9772801168805567 0.9860510561103181
0.9713049270865206 0.9801794621006644
0.9727186482326018 0.9791297809168364
0.9762965316868663 0.9803384791947822
0.9768773871562054 0.9809324899680935
0.9725097090903078 0.9795212052789353
0.9653728912684996 0.9768408288531214
0.9599980841503101 0.9750494789378025
0.9604083700259270 0.9763077590237733
0.9680673310316439 0.9815250053648895
0.9813632757054900 0.9898702807197041
0.9965409583991195 0.9992237090688660
1.0095479868291599 1.0072358268227755
1.0176012969080037 1.0122081814339829
1.0193415260326071 1.0131925562107278
1.0287245800107883 1.0174053294631060
1.0273522593457320 1.0156513133699405
1.0132732689608057 1.0062990854705325
0.9912871669762362 0.9921636085502794
0.9698279502960290 0.9783133529477835
0.9564020695198622 0.9695822006678602
0.9547192959652855 0.9685438335773956
0.9640306797609606 0.9747287158151241
0.9796988061526162 0.9850054530917803
0.9949302255096887 0.9949604825280606
1.0038864001002068 1.0009121732565975
1.0046318950797692 1.0015148040326185
0.9992836985379047 0.9978032121584361
0.9912939271650608 0.9918066441970610
0.9828179561408328 0.9851421603635684
0.9744245930372810 0.9787299876719648
0.9667514929103247 0.9735364577021525
0.9621784436217373 0.9713750800489958
0.9648969820614041 0.9748246546896076
0.9791103956786902 0.9860069578565264
1.0059951267416609 1.0046821016830019
1.0402779532412927 1.0266306585795457
1.0688713397803877 1.0438902789553317
1.0765048933804595 1.0483922525227489
1.0580326189369667 1.0376646947655772
1.0240402000961635 1.0172333770925022
0.9918696479904781 0.9968709404551823
0.9742113637836902 0.9848091741575676
0.9751980203270387 0.9843968894418655
0.9910760046832231 0.9935201039569683
1.0116338909823612 1.0057488222668656
1.0237222233101468 1.0131804470628671
1.0186932262692026 1.0106854012614528
0.9986867106442573 0.9989746721754207
0.9742548644411198 0.9836421378240381
0.9561714583561468 0.9712189923161303
0.9499484329140112 0.9657746490106889
0.9551973472140491 0.9677867852073179
0.9673038906879143 0.9747925226772940
0.9798046004022173 0.9829096360241477
0.9871414747050794 0.9885893297136580
0.9870378197047843 0.9900297464707974
0.9811582101433074 0.9877082643035794
0.9736329488854005 0.9838291650910898
0.9686779669430198 0.9810707716247031
0.9689740220963518 0.9814142832675918
0.9753888495367864 0.9856248671801960
0.9873857061455396 0.9933040892580475
1.0031014443769271 1.0030075093040611
1.0187883477920237 1.0121824045189365
1.0397497168260577 1.0230330793282509
1.0496803879022782 1.0276661638633111
1.0404750661230926 1.0213138480974384
1.0164413886045152 1.0064500770036489
0.9884176581729468 0.9891631510629451
0.9665668899503829 0.9756331387970851
0.9561328439431506 0.9694319093818372
0.9570943469273752 0.9707173754124740
0.9655154050026034 0.9768593659990689
0.9755681057297997 0.9839106644545417
0.9821279381683400 0.9884178475847734
0.9829351641607961 0.9887596412831132
0.9787163390772710 0.9852432770122095
0.9713714376542717 0.9791364745203243
0.9622951003303745 0.9717067993255627
0.9523773331793770 0.9640938091559849
0.9432476379922365 0.9578613080210996
0.9382279033038977 0.9554295966029657
0.9419400067473309 0.9597154311609469
0.9585802113188393 0.9728719562355680
0.9892079208003181 0.9944892188672693
1.0283909494395296 1.0200171449929463
1.0624246273181330 1.0409168748270654
1.0746413178061465 1.0483134826076077
1.0585444117343199 1.0390809380948995
1.0246697306142891 1.0186854208013558
0.9913637556380468 0.9973641480964008
0.9722760759037982 0.9839220261581177
0.9720450798649184 0.9821360441283031
0.9871408119802736 0.9901485665313454
1.0073971312700141 1.0016163259923185
1.0193659690244015 1.0084969081545452
1.0136913713044613 1.0053104189641204
0.9919078475903963 0.9924607905131642
0.9647328936268303 0.9756254139293226
0.9439535599413205 0.9619391677661177
0.9366460629087467 0.9564562174228431
0.9442376474730952 0.9607055937972045
0.9635717143756746 0.9728389171344319
0.9880110148687099 0.9885007296755282
1.0089202921156026 1.0021819305104125
1.0185859564874460 1.0091307627242425
1.0140128272822218 1.0073911442283239
0.9986480957483134 0.9987404034832013
0.9800986248780228 0.9876595697352827
0.9660935272035154 0.9791314923556241
0.9619913900551205 0.9768318154520444
0.9702013254095302 0.9822899266828126
0.9899141613616963 0.9945606343900331
1.0162180617749836 1.0100552032626833
1.0415751830839373 1.0233424804917548
1.0589697019585729 1.0321828512750055
1.0539732012305072 1.0283560317645526
1.0303271199077926 1.0140696017526507
1.0002051308525453 0.9959781032133928
0.9752466364746016 0.9809654700740855
0.9613984186413672 0.9730199478960292
0.9587850362904944 0.9724481826629766
0.9635824177000278 0.9767088382517056
0.9703305216026376 0.9820208110304742
0.9743780005969346 0.9851193951392528
0.9736030825339037 0.9844169257649903
0.9683246108373391 0.9800189859987253
0.9598102039210917 0.9729013046188077
0.9491275675885323 0.9641938206834381
0.9373824024188488 0.9551758179248132
0.9267384761350401 0.9477344605974297
0.9209330951357498 0.9445837537469601
0.9246434793162143 0.9487600792682462
0.9418856764988038 0.9623864881930383
0.9736180623305337 0.9849992050269766
1.0145922080354302 1.0120444401378723
1.0513732561129303 1.0349326312900327
1.0670038710430481 1.0444770390009344
1.0538787964205547 1.0369581257763685
1.0215021292036550 1.0173231445311406
0.9880978936892868 0.9957045317587276
0.9678429404719223 0.9811930333778124
0.9660743706143343 0.9780590420294257
0.9800528372757098 0.9850195693304130
1.0004487217873761 0.9962423461235208
1.0141658462631737 1.0038444815413361
1.0109958126946614 1.0018992933339521
0.9907928954768414 0.9899736054864594
0.9632775629976820 0.9731879016771532
0.9407225196472062 0.9588736480792045
0.9317540198971584 0.9529705866825201
0.9398042531735480 0.9582041259859150
0.9636610103195812 0.9737222003631472
0.9975731652637080 0.9953118556680491
1.0311105833639445 1.0161381858084544
1.0514229888649895 1.0287360704522477
1.0497600762375998 1.0284122081634561
1.0278728059216602 1.0160650093298396
0.9968259424131575 0.9977104225636371
0.9695851536697094 0.9810931502713445
0.9553897927084024 0.9723858901894668
0.9585334345947014 0.9746010206825509
0.9786458039014208 0.9871507416992361
1.0101229824110936 1.0057949610191177
1.0323523254893059 1.0172911768679291
1.0504127656439839 1.0267173044592690
1.0467380374583763 1.0238109759833052
1.0255252354739781 1.0110503726782356
0.9989787312113398 0.9952176006319663
0.9782811223107714 0.9830299986507178
0.9687178453405952 0.9780749026812485
0.9697024127597608 0.9801411251293644
0.9767315587514336 0.9861898988904221
0.9839183239712712 0.9921409612199921
0.9867042103880288 0.9947670986486005
0.9835421643854645 0.9928074874234879
0.9754172035036948 0.9867645565257606
0.9640373017648289 0.9778964218779248
0.9507015761442886 0.9674810829728787
0.9366835380476718 0.9568789953738850
0.9242638749656430 0.9480226083814990
0.9171412853009714 0.9436136476458615
0.9197601041659884 0.9466153965989842
0.9358358554829050 0.9590859222174339
0.9662198026298867 0.9806280941853138
1.0060466749101282 1.0069768168485136
1.0427760820234848 1.0299553108935819
1.0600733654558918 1.0405241858273364
1.0495663419846535 1.0344674621956393
1.0190152731141811 1.0158203687695617
0.9855629879937972 0.9940740342847486
0.9635087996739331 0.9783133056593899
0.9590263019629560 0.9733445391016734
0.9706316534002520 0.9787523526590695
0.9905559143605074 0.9896459114883047
1.0068455338239231 0.9986908633088553
1.0086751493686141 0.9995800519294756
0.9933826018465869 0.9906131899188607
0.9683177990440778 0.9756343527455946
0.9453142234287941 0.9615641808601680
0.9342536969675991 0.9549176439723009
0.9405167039881314 0.9595604243905167
0.9649052872441971 0.9758194332910867
1.0031688438214938 1.0001521382699483
1.0446564241286309 1.0253073585727126
1.0733159791424589 1.0420811510520100
1.0754363388223103 1.0435169559565500
1.0503034994784570 1.0293667170017640
1.0111136936441645 1.0064360694170871
0.9748073980611585 0.9843429493849024
0.9533363110678365 0.9709186821847079
0.9518650555045715 0.9700107282919908
0.9697569816695941 0.9810775099526036
1.0006525716332004 0.9994277233137359
1.0157030330842600 1.0069715383026603
1.0277879520550390 1.0133065362819118
1.0217021467478582 1.0092040958048871
1.0033827006193490 0.9980878891104815
0.9843261275867258 0.9866527556429338
0.9738784851573631 0.9808025220309700
0.9756148316084039 0.9830558978040734
0.9874253684549760 0.9920669479167169
1.0031536305065736 1.0036755347343500
1.0154021704183895 1.0129597499984173
1.0191375448266999 1.0165253068069811
1.0138222627284583 1.0137179189398391
1.0022142223849666 1.0060128227411296
0.9874444478033302 0.9954488479650033
0.9713971309336211 0.9836150355580212
0.9552594539601699 0.9717691772951138
0.9409170774732339 0.9615350991394429
0.9316325301233873 0.9553011511339734
0.9314902572401144 0.9558435478748325
0.9439794343363882 0.9652371417314385
0.9700164597509714 0.9833822500058598
1.0054316724414019 1.0066583341539932
1.0391834779169975 1.0277584390632095
1.0563391037734466 1.0381985650608916
1.0480262881911926 1.0333303155338065
1.0195726521183452 1.0158811959056426
0.9860834051742537 0.9941555024016094
0.9615562419420025 0.9769179698009174
0.9531080405381100 0.9695185958861202
0.9608608664833009 0.9726406482533743
0.9791205653022078 0.9826926937636895
0.9977792722079935 0.9932835658025965
1.0059765799125884 0.9979625368388068
0.9982748050480287 0.9935787232228499
0.9784359016643147 0.9820793443433649
0.9566008133568490 0.9692570625586673
0.9432658842127590 0.9617017947412190
0.9454964476709081 0.9641811672001350
0.9658940420430341 0.9781942407963181
1.0018127851156928 1.0012165127246093
1.0436737373065164 1.0265066340289803
1.0751391803428076 1.0445616721168633
1.0804439677619915 1.0473935661469238
1.0565973684874366 1.0337155274150298
1.0163559628562546 1.0100528589536117
0.9777675852402172 0.9864504812778925
0.9538098992515439 0.9712531871289544
0.9497816584150097 0.9684541018685073
0.9643892013881550 0.9772556157378015
0.9904150436601221 0.9926359900517111
0.9990679683310624 0.9968661398133066
1.0011246090424963 0.9975458063675625
0.9896977630164997 0.9903654056232429
0.9730643364699942 0.9801334832775708
0.9619509155348978 0.9734636062831247
0.9636913225773908 0.9752473738454243
0.9800070499360015 0.9866713309646864
1.0069222326633716 1.0049139203558983
1.0358075995193783 1.0242513872054539
1.0566548013190389 1.0385146108941230
1.0633916912329220 1.0440455218460227
1.0569811852353077 1.0411046187734230
1.0429482365473541 1.0325983480038106
1.0264422445697221 1.0215976883800491
1.0097638966659301 1.0098767162333835
0.9932790186626770 0.9981538847062803
0.9776541446266130 0.9872259461165744
0.9652655768320220 0.9788299452242699
0.9599236336349359 0.9755394793150980
0.9653456157438312 0.9797163708218962
0.9831041014101047 0.9919886466241573
1.0103755263384764 1.0098688240152249
1.0383479939055267 1.0273939429301007
1.0541393819389211 1.0369649117736766
1.0484311720031207 1.0334787370207481
1.0232680631556308 1.0179121571558463
0.9906128384163096 0.9968003592366479
0.9636569295792637 0.9782391748128889
0.9505678156445480 0.9680948787825121
0.9533624640635113 0.9683109345473568
0.9687030647974518 0.9768394254475926
0.9887730158644722 0.9885529683048844
1.0034086635356765 0.9972088746740724
1.0048369423532968 0.9983412778449960
0.9925938499745239 0.9916670448593350
0.9738021490363796 0.9811811140939031
0.9585803085722544 0.9729240086696229
0.9552427924884941 0.9721871114364418
0.9679488981666672 0.9815123370106856
0.9955778542360126 0.9995770044475253
1.0304036590684751 1.0208667789472483
1.0582976081316198 1.0369249556128228
1.0647905216190763 1.0401648445510321
1.0457845556488550 1.0287284969804320
1.0113641328918430 1.0079810918965628
0.9775316803574863 0.9869391406519730
0.9564270587028463 0.9732936771441975
0.9528558161845566 0.9705318172597796
0.9646945564593881 0.9773383212623264
0.9839151288122245 0.9884391755877862
0.9902518869071631 0.9918974427538682
0.9810276395986411 0.9858376802299862
0.9627056922981819 0.9743613672579482
0.9457745872890178 0.9637558947973214
0.9403482177909794 0.9606136702177718
0.9521587124753497 0.9688805877415597
0.9814012628742388 0.9884301792208187
1.0222757895995049 1.0149098547178104
1.0634225537295681 1.0409658314931640
1.0920029003638290 1.0592616356390969
1.1012740351185935 1.0662092163218062
1.0945580303169968 1.0634200175267454
1.0806973449042938 1.0554634612153102
1.0666492889361094 1.0463147922948079
1.0542587947914595 1.0374776377932065
1.0417711859301819 1.0284580019524481
1.0273237571221780 1.0185368805481869
1.0117151728317457 1.0083833543888994
0.9987648857095381 1.0004142191088385
0.9934101158915324 0.9977205252201428
0.9990339532326360 1.0022602334690374
1.0151145052267327 1.0132277148357711
1.0357019301546930 1.0263866669818722
1.0502372795861130 1.0351880259551502
1.0487628552172368 1.0339691597799867
1.0292126485203907 1.0215551101122065
0.9993094451939882 1.0021876695002960
0.9708730817874059 0.9829541960916200
0.9532182715104403 0.9701812498786020
0.9505161542779808 0.9671601914271436
0.9618870873160548 0.9735009430203352
0.9819482743217024 0.9855310534227384
1.0018745852600139 0.9975867006806419
1.0125371532394434 1.0043078360543467
1.0094728810071005 1.0032622454108169
0.9958058681356710 0.9962211798479952
0.9800425969154929 0.9880408547235684
0.9710841993326779 0.9840507583472746
0.9744741079062592 0.9876157918538467
0.9906556366453487 0.9986685030994464
1.0141432846920742 1.0133211105968256
1.0342044539057185 1.0249750839278562
1.0395799915318504 1.0274414137822994
1.0263642954343029 1.0188644912507190
1.0013999695289462 1.0031740304573309
0.9769226586615660 0.9875158281388112
0.9628251929500485 0.9780972437691398
0.9627344832272419 0.9773587895905947
0.9734211336038705 0.9832015360924133
0.9860408505029933 0.9900755257798604
0.9945974121542279 0.9953952106665658
0.9746529515353771 0.9828010399343740
0.9489664173927436 0.9665829981897482
0.9298692014591695 0.9543651282485750
0.9269481613493028 0.9527180578650049
0.9445611321446119 0.9647030778779538
0.9813696452073178 0.9889035600616911
1.0295789706890643 1.0194887014445064
1.0753421405707735 1.0477904706732628
1.1043383550309871 1.0660481717204635
1.1112687168007964 1.0716634710483550
1.1031017552989260 1.0681261829395472
1.0916786771072857 1.0615632402382684
1.0846839423168879 1.0563855837201472
1.0824364938661131 1.0532839082528338
1.0798841540821136 1.0499735143228575
1.0712094308355209 1.0436064636415390
1.0545850382414885 1.0333342663515803
1.0339540606346631 1.0213831408539649
1.0166107974123770 1.0119433708620105
1.0090436909989338 1.0088002477653697
1.0138110235087792 1.0131817778283094
1.0279389090498801 1.0226889217751387
1.0429425837855659 1.0317757841130879
1.0480224525767050 1.0341368415601837
1.0367031658789694 1.0262994615939072
1.0118225259696958 1.0099552541739742
0.9833384097400669 0.9909575532154374
0.9617289795553964 0.9760120850185281
0.9534803734367420 0.9697400573934399
0.9601093041014608 0.9733667958808710
0.9785233256967336 0.9846928518495143
1.0015998732404523 0.9989164727756411
1.0200317317199055 1.0103661914666313
1.0264735868972488 1.0149765026857476
1.0199023069634756 1.0123012726215503
1.0060516061462137 1.0055359757036959
0.9934038917137576 0.9994836968851871
0.9885304334806170 0.9979651004578101
0.9934830120625282 1.0020394055467690
1.0051124936498168 1.0095011351805305
1.0161234416484792 1.0158212107247546
1.0187320523125232 1.0165784509163780
1.0100084488611007 1.0103693966665910
0.9943665942752860 0.9999782418110896
0.9803936562023561 0.9906390696644437
0.9752775722595178 0.9868058479553922
0.9809175249846872 0.9895676711552444
0.9925311740314928 0.9957953258649400
1.0001830154387268 0.9994992258334905
1.0131047477090178 1.0075540432044532
0.9842426077465510 0.9897220758089481
0.9516231765480681 0.9691567704689751
0.9291431835935673 0.9545631671104589
0.9259210225786313 0.9524424253949265
0.9448694626424171 0.9649672987892224
0.9826536824819698 0.9893914269847506
1.0290301660336465 1.0185116782720416
1.0683525072535121 1.0429476804213531
1.0873692091123950 1.0556701244409339
1.0850224317936739 1.0561369651583812
1.0724683703909195 1.0499438460482875
1.0630946483906787 1.0442628332798012
1.0639695731592038 1.0433689447126839
1.0736485466954642 1.0469208952312226
1.0841121779668461 1.0508826349509552
1.0854835208438771 1.0502619621140226
1.0725385367192135 1.0424822616607701
1.0486768724618676 1.0293234741715522
1.0235186983673514 1.0159360985484265
1.0069029435180759 1.0078635556554336
1.0044334527338374 1.0082288762018716
1.0156537129314134 1.0162307784320996
1.0336746267324366 1.0271421456011236
1.0469788063223422 1.0340921833756105
1.0452841620339226 1.0316017878156598
1.0268087477317434 1.0190302500112580
0.9994859952862467 1.0010153547487564
0.9748116660735031 0.9845343030194051
0.9614575751452501 0.9753455264336621
0.9630140870863689 0.9760308848260338
0.9782475826328723 0.9856622264314294
1.0017190759571299 1.0004000951926191
1.0249389555253448 1.0148368587334757
1.0393942862094971 1.0241122496027222
1.0409328050034692 1.0261031486539811
1.0320129400875602 1.0222432688635832
1.0194594694399832 1.0162717925276583
1.0099592801031914 1.0118923882000868
1.0067934005021462 1.0108766554035811
1.0088869923344854 1.0124117781475452
1.0118589669328504 1.0138122777211138
1.0108887479695230 1.0123580632242712
1.0043421294943649 1.0073718453076643
0.9954410221541535 1.0010482827237566
0.9902924243333203 0.9972232982878445
0.9938435634116749 0.9988604994812871
1.0062052251872791 1.0057443253119747
1.0207410030935526 1.0136239444996877
1.0259691523260586 1.0158467092219434
1.0407237066481414 1.0246011051635722
1.0064070179203015 1.0039286869988986
0.9686236025717850 0.9804180225713306
0.9426330861144965 0.9635140464040020
0.9372782758566370 0.9596261821008290
0.9540042652567899 0.9701017471308069
0.9871307302866781 0.9909485994006101
1.0239361157047413 1.0139013787588869
1.0483337312393319 1.0296496029880888
1.0506427708315371 1.0329119214376965
1.0352734381764392 1.0256758271417985
1.0162895617492453 1.0152167415298585
1.0065973405994431 1.0089719158470749
1.0117079601504859 1.0106464687876069
1.0290191845771477 1.0190685758070377
1.0493895206755961 1.0291791863380941
1.0609471997168087 1.0346709805657119
1.0558583526517027 1.0316177453852009
1.0359496738192617 1.0210383087617718
1.0113233571750009 1.0082837953411747
0.9936287473476857 0.9998362152561358
0.9904895795075398 1.0000177075606294
1.0032012891653512 1.0090956230255912
1.0260256908690037 1.0229214640736422
1.0471374473470789 1.0343174920214642
1.0538411016520484 1.0365344246786254
1.0411392523251481 1.0273753359310509
1.0154182006991588 1.0106183143153931
0.9888530277298047 0.9933732136996900
0.9716334677914092 0.9820922307518745
0.9686614489164633 0.9801718533379468
0.9798166981283445 0.9874997286583765
1.0009384071866438 1.0010611090351862
1.0248998024319766 1.0161238029164510
1.0437757414609050 1.0279675368191965
1.0522863194818668 1.0337761117302109
1.0503340969584067 1.0336546168017364
1.0422347346282441 1.0300015059476901
1.0333804683184589 1.0257324542766308
1.0271553741510002 1.0226205074436261
1.0237510358071025 1.0206288707618669
1.0209253573202248 1.0184097320204637
1.0161963170683264 1.0146582288151293
1.0093578720043999 1.0095555222373105
1.0035215668084621 1.0052661897031601
1.0036685059390846 1.0049376303480866
1.0134877369265238 1.0106369082675883
1.0318935176086852 1.0212596508087026
1.0507220283230427 1.0316614165062283
1.0567669400991782 1.0344360684511851
1.0659132677271499 1.0394298827905473
1.0318355157924779 1.0192829553872771
0.9926393787843428 0.9952641227620442
0.9645265340642460 0.9770888344448998
0.9564562138014928 0.9711181446241994
0.9688093730208036 0.9781481227796168
0.9939276136799882 0.9933415807025288
1.0175150514509135 1.0079710924747061
1.0247074281485045 1.0135228210454690
1.0104306374669088 1.0068306914420051
0.9834496871304580 0.9919948640333955
0.9585610633734467 0.9770947269004980
0.9468327941734547 0.9691569622094581
0.9519923857433993 0.9711504278570451
0.9709228348036198 0.9814480263372743
0.9950208413661260 0.9948517504176229
1.0129691031358901 1.0048988773809349
1.0163773142092629 1.0071666510090975
1.0053958193627253 1.0018964991412240
0.9885708210534314 0.9937931283694933
0.9770526740331519 0.9891293151431726
0.9788655453642802 0.9924118400756684
0.9960163472350709 1.0042533633232731
1.0233200240036293 1.0207786969947077
1.0490041737066655 1.0348487473524002
1.0598090981559736 1.0394914303710565
1.0499697662825960 1.0321891684129436
1.0255342657801785 1.0165142950864918
0.9988211479940725 0.9995199728635819
0.9802145856828345 0.9876433646964137
0.9746410835297704 0.9842735357010283
0.9820532679930352 0.9894274452886965
0.9988826153969319 1.0005542933701639
1.0194332484689574 1.0137695401169584
1.0376441113297878 1.0252797330105836
1.0492947685771246 1.0326988942311379
1.0535174302401014 1.0356799944020523
1.0523755130246211 1.0354730360502054
1.0488628881482016 1.0337455269879374
1.0449144083246293 1.0314855850339755
1.0406062222607575 1.0286126485217031
1.0347703929628780 1.0244306336745175
1.0266167319946022 1.0186365926450864
1.0173939756604957 1.0122662753831499
1.0108463133627621 1.0078597031841050
1.0118942094405088 1.0085039319910392
1.0239950898375598 1.0160330721383972
1.0459163359783403 1.0291030720994128
1.0691383943681902 1.0422577668479276
1.0793998910748377 1.0475687477606874
1.0751933033924017 1.0447582781190294
1.0480361531680522 1.0285812040300513
1.0126107109879874 1.0069096916891844
0.9851040333635964 0.9891444165475828
0.9749932860477444 0.9816765916070085
0.9825108933624449 0.9852429109006620
0.9992426740179579 0.9948687336276313
1.0108456683265019 1.0020956830335446
1.0046504387052630 0.9995540222813860
0.9792238274214576 0.9857410523450275
0.9453254645409188 0.9658396532737947
0.9169130484160080 0.9478687355278697
0.9030786158025514 0.9381314337203370
0.9061843863891406 0.9389713464601925
0.9230186677256026 0.9486714457217839
0.9461750611884328 0.9625131664642473
0.9662109678847934 0.9747398859516212
0.9758522066037625 0.9812591288553625
0.9744156302192523 0.9818508191931815
0.9682168884590991 0.9801601196778355
0.9663409552111977 0.9813579911996094
0.9756288751142096 0.9891611565187088
0.9974865836327260 1.0037489688820322
1.0264213531114208 1.0211821130435512
1.0510233589180973 1.0347601036132255
1.0596111064438942 1.0384781154524967
1.0485749104768993 1.0308846503432074
1.0250337114921668 1.0160439175301257
1.0006858899598337 1.0006767879125100
0.9844135431729625 0.9903580617468754
0.9795998184437157 0.9875187501624644
0.9850663404989146 0.9915012385879542
0.9970195430602504 0.9997172163525480
1.0109810009911966 1.0090931228602484
1.0234367497635128 1.0172739095568761
1.0327905107029844 1.0232241209053263
1.0392482172601338 1.0270992077830079
1.0438089707334808 1.0295755395312700
1.0470636727335074 1.0310720830807290
1.0485144494643686 1.0313114301872666
1.0467549324335699 1.0294555592129773
1.0404562444307797 1.0247615332490734
1.0297271540667459 1.0174384722563490
1.0170618891292285 1.0092130166051867
1.0071419275113798 1.0031602419123540
1.0053929583829087 1.0026787700491382
1.0157129395654094 1.0098559723070759
1.0376762969796265 1.0237093356321769
1.0638908422746634 1.0391737974577135
1.0805272316705818 1.0483248929043514
1.0629790504804744 1.0379056228223342
1.0468021388166588 1.0276209385827197
1.0190666172852747 1.0101973845624823
0.9947212900826025 0.9942369365716660
0.9838764573326492 0.9862362066560308
0.9876867926082561 0.9874256652880364
0.9985863239896633 0.9934757463421093
1.0035671394225090 0.9967795710183582
0.9918894403190269 0.9909354136987494
0.9634283974013530 0.9750466964043730
0.9285517097025819 0.9541404296489320
0.8997587057919196 0.9355234101237431
0.8848281535421243 0.9247744690547186
0.8855003771327503 0.9239047467502576
0.8987990714862082 0.9314412081935609
0.9185845579553604 0.9434989086691333
0.9375244526824961 0.9554787790443455
0.9501752176528080 0.9641526726425516
0.9559450393243296 0.9692463757988224
0.9593101183359328 0.9733593717001430
0.9667684008201968 0.9801210688112586
0.9828214854203127 0.9917636830575838
1.0070033619118026 1.0074066456734405
1.0328065737606098 1.0228507329157432
1.0498976459155793 1.0323521240808107
1.0504190344141615 1.0319855281539696
1.0351653538536261 1.0224187941419818
1.0129337857254992 1.0085727769018364
0.9939042864231253 0.9964824512820505
0.9841004849014250 0.9901432933770555
0.9840858779546695 0.9902311448712589
0.9904173905766174 0.9946782694995749
0.9982267921880569 1.0003307179140046
1.0039695951948937 1.0047683710857811
1.0070235162251584 1.0073312345191412
1.0091909380295396 1.0088877233140792
1.0127900566837567 1.0107665879836816
1.0188665364295477 1.0136733305401062
1.0264112137454811 1.0171384016583258
1.0326564760975789 1.0196401760253375
1.0342403573524923 1.0193016989305526
1.0288665635652061 1.0148899760218737
1.0167680438188382 1.0066932363387195
1.0011774093661074 0.9968375084837123
0.9875162259256011 0.9888284405053896
0.9817280393332373 0.9864259999691877
0.9882851050242082 0.9921307375472035
1.0079089231582430 1.0056009170928581
1.0351396037490084 1.0225964363008089
1.0578722968005563 1.0356938236061497
1.0371706457517922 1.0231937742099422
1.0307806872632062 1.0181019621333074
1.0105513247930937 1.0046456826329484
0.9896941920180723 0.9905885266228499
0.9788629989181458 0.9826503887801318
0.9808498056125257 0.9829726161890022
0.9901774069667656 0.9884412995767768
0.9959347144436170 0.9925782808730308
0.9882917135519232 0.9894331899091776
0.9658326535416563 0.9774613183341907
0.9364372110728345 0.9602994832237248
0.9108172137715628 0.9439729925747121
0.8961929120708770 0.9334076968935785
0.8944676824934452 0.9306294123799514
0.9032919609397475 0.9347619162733398
0.9178428644453500 0.9430377810922651
0.9328596210855277 0.9522757904441798
0.9449394763377411 0.9604150171844287
0.9541749629763078 0.9674476759986177
0.9637829315314002 0.9751046988834610
0.9776680199791279 0.9853604347334579
0.9973295881826332 0.9986234027988978
1.0196847626055920 1.0126778771914513
1.0372886794120417 1.0231908130239777
1.0422141594381049 1.0259781880660717
1.0320155809987759 1.0198850304016176
1.0122819968426957 1.0079813753390430
0.9928295375031936 0.9958839453015910
0.9816688499072612 0.9886261347889411
0.9815882881271105 0.9883004015941301
0.9898538992334587 0.9934454219235882
0.9999604931318383 1.0001092317235514
1.0051617810095870 1.0041346055340281
1.0025640738809707 1.0035507196885778
0.9946589063195784 0.9994543800010410
0.9869069573252770 0.9948173211964130
0.9839390277021487 0.9924095900755998
0.9872782683167397 0.9933216531019162
0.9950617974517839 0.9966088671623707
1.0030490651874651 0.9998622504632806
1.0064274754834335 1.0003486071180794
1.0019692340755100 0.9963065955609514
0.9896535227555339 0.9878868073471344
0.9728792901911842 0.9773209704130157
0.9572778383413580 0.9682744759646486
0.9489297297039740 0.9646655655201024
0.9526009420324404 0.9692602181517683
0.9698783989341822 0.9822446165898706
0.9969968926046984 1.0001610611618297
1.0237489725960092 1.0162194242395042
1.0132318921590759 1.0093737922192281
1.0112654556393643 1.0064624725531941
0.9942568833660206 0.9944823529925737
0.9744614479486092 0.9808759718815332
0.9631160053449643 0.9727928120099477
0.9647808643990780 0.9734496255707981
0.9765297193678878 0.9811537616253452
0.9898224850923772 0.9905798335863188
0.9949931437137287 0.9957393374294514
0.9874194754681666 0.9933979780694508
0.9704585064243484 0.9846503021938253
0.9520623639272426 0.9735259183081144
0.9390725880347683 0.9641966011715849
0.9342313750344151 0.9590149134192086
0.9364754859589373 0.9581469421991609
0.9427676362019258 0.9603382326879133
0.9501753811743556 0.9641021221901840
0.9574870739362460 0.9687320541432790
0.9657138144673466 0.9746503900355679
0.9771080325800320 0.9828573051933308
0.9930717183112974 0.9937268732638833
1.0119702419998471 1.0058575052172303
1.0282701725910728 1.0158573477007065
1.0345866049611745 1.0196774594034401
1.0266349058866178 1.0151148771039216
1.0072962500268738 1.0037411902401849
0.9854194529533455 0.9904968842531017
0.9705833011928879 0.9811891592397407
0.9685946811333144 0.9797240912631444
0.9796138270213609 0.9864338983786114
0.9980090120263769 0.9978456717729960
1.0140092592900425 1.0080543858015212
1.0184315615407513 1.0116743366928695
1.0087130666613977 1.0069666218085280
0.9904512052784968 0.9966382186254137
0.9726441956616845 0.9856386642252419
0.9619613053081895 0.9781049514653748
0.9603367047406569 0.9755981667338226
0.9654201594729568 0.9769873568240011
0.9722249299941070 0.9793964924248589
0.9753024552416296 0.9796468823154240
0.9710555963615589 0.9757070112715635
0.9592998750605547 0.9676198905166015
0.9432739353207510 0.9575546703004848
0.9283295040145469 0.9490664652443039
0.9202362776418078 0.9459357279376477
0.9236394260420993 0.9508739724175846
0.9404208891145661 0.9642089924890741
0.9676344285768780 0.9828303939509134
0.9961201532373117 1.0003020294010470
1.0044337498099707 1.0046663896599410
0.9998899341500304 0.9997096250718073
0.9799337231982660 0.9855144133965448
0.9573885278330537 0.9700154102159850
0.9441643685752998 0.9609685017899136
0.9461484012769807 0.9625231646774549
0.9626844962788721 0.9742370407302539
0.9876515094431743 0.9918025742793907
1.0116642378792446 1.0089694774797784
1.0262812232370868 1.0202801670633570
1.0284820036152764 1.0234008824474272
1.0213844002862185 1.0195179421201048
1.0106041125342331 1.0117248504589385
1.0002794278135307 1.0029759421475248
0.9918729333031587 0.9950609052070980
0.9853235487129557 0.9887769735595866
0.9806957004932634 0.9846187864778468
0.9790366444695746 0.9832704824963932
0.9820767414818206 0.9855326449906145
0.9910062586444731 0.9916936569192445
1.0048522423414532 1.0006803929579438
1.0193025927221406 1.0095960512217315
1.0273589045385461 1.0143488231794300
1.0228852217481421 1.0116087545454744
1.0053346649928503 1.0011074165023903
0.9811732281835682 0.9864203497342346
0.9603229608595780 0.9734270302647747
0.9512396877914029 0.9676274291473598
0.9580181097249911 0.9719020706335079
0.9792367228855369 0.9852905110050938
1.0073661188154663 1.0028558724311547
1.0299837806808201 1.0171440444113082
1.0355233120722762 1.0216478514170746
1.0213575380631408 1.0146399704832598
0.9955649543688985 0.9999921044736183
0.9699985472130197 0.9841448295106927
0.9528559018417202 0.9722666266857680
0.9463159024897084 0.9663141150656344
0.9477337005835249 0.9651520174750269
0.9518649906953012 0.9658003302917885
0.9532829524784624 0.9650629753529447
0.9486243519593919 0.9609967603477934
0.9378657859938011 0.9537218120894505
0.9240794502090459 0.9453336183680175
0.9121270846063469 0.9391178286412781
0.9071837200660077 0.9384559499009614
0.9133989373967427 0.9456328460779263
0.9322951205136571 0.9605896853142075
0.9606125061578731 0.9799080764287151
0.9888976371240497 0.9969889539582756
1.0168305886498559 1.0130183428309549
1.0024086675873669 1.0015749857069320
0.9735256962064192 0.9815171968531451
0.9448485404919647 0.9619449443610498
0.9286108940352981 0.9511292100636007
0.9310708440177546 0.9536750249990035
0.9529954762056041 0.9698767925859461
0.9903682790954061 0.9961083988273093
1.0345742582927366 1.0257909185459160
1.0739677503667082 1.0512753060064666
1.0983586057272514 1.0665870509962219
1.1039345927863484 1.0696522646890383
1.0938296181935001 1.0623376588637117
1.0742785237620363 1.0485376818620389
1.0510039746856039 1.0322072135343836
1.0282916659228085 1.0165323742498160
1.0095102669271667 1.0039388793162505
0.9974110666080220 0.9961837463813269
0.9937276711471447 0.9941427491363549
0.9982886619722332 0.9973309834877178
1.0080584310107334 1.0034757815858910
1.0169396270970119 1.0086785867727608
1.0176356172574810 1.0086841578994701
1.0057931557874324 1.0010809355703567
0.9835561710135232 0.9870732834938996
0.9588572839190376 0.9712949619691850
0.9411444826367319 0.9597404386513301
0.9375052439439674 0.9573144972653652
0.9509029693929848 0.9660997160015554
0.9792564563197198 0.9844130182758697
1.0143810289887683 1.0066435795080477
1.0426880179623834 1.0246183987128781
1.0512135552190431 1.0312012782320230
1.0368520645580934 1.0244754466534141
1.0086040783659815 1.0086846406065784
0.9796871989963208 0.9908860285176119
0.9591218102704658 0.9767351696576169
0.9492831298389077 0.9684470158772496
0.9475020520431758 0.9650410144008138
0.9486917223625561 0.9637585372048070
0.9479427796048273 0.9617707152057893
0.9426132747733552 0.9575697243293374
0.9332076452146635 0.9515871284621374
0.9228273655398371 0.9459363941054689
0.9158852781790503 0.9435848639651282
0.9168489573756824 0.9473171689274750
0.9290141109766378 0.9586022092265244
0.9527386919318505 0.9763752304715859
0.9830622174331950 0.9961498992217793
1.0087460789765892 1.0106378359115553
1.0475629452833548 1.0322716501798574
1.0165172632897215 1.0106603811929464
0.9745972804151284 0.9823522956736483
0.9383487257572886 0.9577260063126918
0.9191944586342492 0.9450545772805764
0.9224947850275732 0.9486564080761927
0.9492361739866970 0.9687882080893711
0.9964593177582366 1.0018561630965181
1.0559295662657164 1.0407011489844509
1.1134978851732529 1.0758568460167313
1.1530841058229819 1.0985944937521381
1.1650563978733894 1.1046006688552381
1.1511388555051185 1.0953465309185333
1.1207132299760076 1.0760885796941271
1.0841061434327954 1.0528279334381567
1.0491885722473708 1.0305320257942603
1.0211571183975359 1.0127100211080273
1.0030488622861562 1.0014317953019198
0.9958193220656915 0.9972260476065327
0.9979357309319009 0.9988317432579634
1.0049317488991376 1.0031226688125834
1.0099034052021989 1.0057169403721313
1.0060562816079428 1.0026056555015115
0.9907093897091103 0.9922785501852557
0.9675149661580880 0.9768850025200212
0.9445240405677923 0.9614015133013085
0.9301022442445857 0.9514595364156554
0.9300608229269206 0.9512791612038608
0.9465885551734006 0.9623741122386162
0.9775144029928902 0.9828455383691573
1.0151829894087228 1.0072339402681334
1.0468269697317409 1.0276879622186292
1.0598431198396121 1.0372040150641610
1.0504187193982741 1.0335508253428545
1.0262768272434075 1.0203592581241578
0.9997956342974171 1.0041676522429674
0.9798517712638827 0.9904274146441441
0.9690449576118287 0.9814499503576262
0.9651075698850616 0.9765902316515293
0.9636170788654669 0.9736410694342191
0.9606664524180836 0.9704909526786756
0.9547489537815125 0.9663602392130652
0.9472200844058755 0.9621934801404003
0.9414555923651504 0.9602275033471857
0.9415691843188714 0.9631062863885398
0.9512651526069069 0.9728472607287603
0.9725040389364954 0.9896868770293826
1.0033103897056987 1.0108706297626608
1.0352412867940011 1.0301018613536648
1.0540252400732291 1.0391485607219757
1.0833606898471049 1.0539721463881884
1.0321862395433712 1.0207762726288401
0.9772214253535448 0.9843496149099865
0.9351437544150102 0.9556947780988261
0.9150284724245408 0.9422945580966354
0.9202815929014014 0.9474256464883344
0.9508983103405371 0.9704773897671073
1.0032113093575936 1.0069960058767717
1.0675461468696459 1.0486929702207493
1.1272089306804127 1.0848211809511494
1.1639626820844564 1.1059325077002715
1.1688098976736447 1.1082319489014976
1.1467420750602633 1.0946649254746925
1.1102634151660697 1.0719301975768998
1.0709231448024599 1.0467882475737085
1.0362445694528102 1.0242790401744442
1.0104394085684283 1.0075601609579776
0.9954912954845080 0.9981406773569312
0.9913873632491619 0.9958928188590886
0.9957064513192493 0.9988970120290277
1.0032988536098189 1.0035377253059585
1.0071843460374175 1.0053666503668082
1.0014573197532031 1.0008783154680678
0.9848945205024644 0.9894029364680725
0.9620524374087251 0.9737072735337762
0.9406723485866573 0.9587615025557302
0.9280111690294138 0.9496587052608899
0.9287537826268075 0.9499525160854794
0.9444582584676100 0.9607639253386023
0.9731637203159949 0.9803524062178466
1.0086288677750426 1.0040721533246633
1.0405968484958856 1.0252906348794661
1.0585415035822732 1.0378684373324798
1.0580988861041092 1.0392665700409991
1.0439103167970483 1.0316966011617210
1.0252939769688791 1.0201252517969108
1.0097788241896226 1.0091025657428963
1.0000959191148862 1.0008599325299767
0.9948657903198268 0.9952727201491094
0.9909534647196629 0.9910045052544775
0.9859662534435593 0.9869464448473246
0.9798413161392160 0.9832227595105444
0.9749481858001675 0.9813674903539258
0.9750675456030011 0.9837598336076092
0.9841147124393010 0.9926805537577196
1.0049046587353354 1.0092079638877891
1.0373514472579068 1.0319493858500668
1.0755894912436215 1.0558747244363471
1.1059141175086127 1.0724695865315845
1.1111513820976184 1.0729565547622042
1.1030992353727020 1.0662073154649025
1.0359682863380371 1.0239324698540553
0.9738457070807672 0.9827621587594816
0.9310792371062685 0.9532250217584706
0.9136668118950584 0.9414093113661121
0.9228502019278102 0.9491343537917477
0.9568375340088849 0.9743289584325330
1.0094475465196440 1.0108811908686912
1.0675551309862268 1.0489073827181237
1.1124678314165879 1.0772323999206204
1.1293276679670472 1.0882558871894559
1.1172157216341221 1.0816476695402744
1.0873942353174919 1.0631757881354678
1.0529742895435796 1.0403121723874376
1.0224433084636464 1.0189340911784792
0.9997308539581683 1.0025692603416603
0.9863772667889488 0.9929280567424135
0.9827571148608264 0.9903840854633039
0.9879556194353439 0.9939856098407756
0.9989849755463219 1.0012541821881542
1.0103810867996641 1.0083238165584196
1.0153978210388079 1.0109377257948682
1.0091776617859829 1.0062506078364641
0.9919208456925055 0.9944181005024686
0.9690003810696529 0.9786905118726987
0.9478911910300060 0.9639083352640427
0.9348928396760182 0.9545879372239119
0.9336914500944008 0.9536606845727529
0.9453043469652173 0.9619768668815969
0.9681607913724692 0.9781839928307311
0.9978516510807128 0.9988146516019444
1.0273218959431258 1.0189131875195421
1.0489125160782558 1.0336049270622667
1.0581253623029077 1.0401620957808762
1.0560305249272124 1.0390817792543336
1.0476837276088271 1.0332091444907907
1.0382610585739027 1.0257451704439018
1.0303945232188172 1.0187152867537641
1.0239909851029789 1.0126580481437619
1.0177585105443998 1.0073190416661868
1.0111354934108561 1.0026950375117714
1.0054685886000239 0.9997554777607559
1.0039216471670516 1.0004695231481051
1.0104906490173102 1.0072022280632260
1.0287596502930996 1.0217434359812658
1.0603647238053788 1.0440940031058974
1.1024345114022163 1.0710633172450144
1.1441709983510271 1.0953062382945362
1.1666869619488511 1.1065896354648874
1.1529295217683675 1.0968318793142853
1.0913409987537876 1.0606569939782255
1.0204917766159867 1.0155517128801030
0.9610468974856673 0.9752424493888170
0.9241311350764077 0.9490058708739922
0.9135173955558009 0.9415207900790928
0.9289934019529361 0.9532398680194279
0.9667727365720539 0.9804536681524909
1.0170591657220058 1.0150127986051483
1.0625722085482230 1.0454408773226536
1.0847251410888956 1.0612490829134846
1.0766222570182302 1.0586196013271063
1.0477060865223351 1.0419372016260400
1.0136658534352663 1.0195980078073137
0.9856023998265627 0.9989388758324648
0.9678134746866512 0.9841602129410476
0.9605860966068736 0.9767984891821365
0.9629346507730552 0.9768398788186491
0.9736081918411003 0.9833494900496612
0.9906371864936719 0.9944661028300160
1.0103087658501719 1.0071739740672965
1.0267982774591282 1.0174878412042694
1.0337029667492885 1.0215292898471433
1.0273754581381782 1.0172441860342891
1.0094920958332805 1.0055994612769097
0.9861858030039371 0.9901962015599601
0.9646248728024529 0.9755993889069217
0.9501747317786724 0.9656644400331994
0.9455902736244243 0.9626951223269795
0.9514607651934162 0.9673354412336365
0.9667270947731725 0.9787198483644056
0.9887791126071639 0.9946237898535805
1.0134425035144146 1.0117576680831832
1.0356254830081535 1.0265113776693939
1.0509934469731077 1.0361168808450412
1.0577695747237208 1.0396051016832863
1.0571246068082898 1.0378630030421183
1.0518218856020454 1.0327921554723749
1.0443870933375001 1.0262535502450496
1.0362093045723857 1.0195010123576511
1.0279419148302931 1.0133239196402344
1.0205747221668784 1.0086072815331011
1.0162283632778153 1.0067932599446279
1.0181305371606624 1.0098752135954767
1.0298846641650767 1.0198731261274190
1.0542899218742485 1.0379038589140686
1.0914725503664868 1.0629184372893530
1.1358277112895365 1.0903147019804593
1.1730420097776841 1.1114314785991211
1.1829287937559596 1.1159510852651435
1.1530077153634231 1.0978802112746493
1.0532744971830823 1.0391961917235790
0.9913932936427208 0.9981612384952967
0.9427466829921100 0.9638755037799138
0.9162885741994280 0.9442850199847564
0.9151712149457099 0.9431265702393221
0.9387281457109435 0.9599193381035424
0.9813961018689478 0.9895113160939110
1.0295310624633378 1.0218029747185489
1.0621839254161869 1.0440994584678933
1.0629680542450213 1.0474267320346757
1.0341869502111449 1.0322866115464053
0.9934087537735153 1.0072684148638402
0.9577560702246770 0.9824234868060138
0.9356224187016271 0.9644443829027893
0.9281975652148290 0.9559289489162801
0.9334531417460734 0.9567270332023727
0.9486880468559572 0.9653488608009440
0.9712372740578539 0.9796654266440162
0.9979382076298445 0.9969626058345813
1.0242352242964750 1.0138135845903971
1.0441438203734565 1.0263760194536313
1.0521014074235324 1.0314659627356995
1.0460392302272834 1.0279873555602039
1.0289484790890624 1.0175957437544150
1.0071438628227680 1.0039008249962811
0.9869047946007291 0.9908198527061312
0.9723146296838967 0.9812799532858885
0.9651034500807354 0.9768327422646741
0.9655249780110156 0.9779052574879408
0.9731270972108440 0.9841292441873027
0.9868713287965789 0.9944229834247366
1.0047274067063234 1.0069115054632582
1.0233692550581655 1.0190391389613502
1.0386927406354811 1.0281462372236267
1.0472986856795135 1.0323761756752494
1.0480404948160515 1.0313724246483791
1.0423310528489573 1.0262560291492664
1.0329707710667757 1.0189222775766031
1.0226565082062213 1.0112368253222557
1.0133590024426840 1.0046822092781096
1.0066771100173451 1.0005152374749471
1.0044741853692469 1.0000829817048797
1.0091257830556553 1.0049029204136632
1.0231366281277354 1.0163143883498469
1.0480944397365379 1.0346869565883512
1.0827736209513199 1.0582690842695277
1.1204058960699086 1.0820528286680737
1.1470964503138250 1.0977974408936098
1.1464255693718071 1.0968857733250750
1.1116322399714582 1.0757264090693854
1.0097187992340428 1.0123638202803373
0.9626815436306296 0.9796583460986894
0.9275031462885821 0.9539480121283497
0.9123267107064797 0.9421675448858520
0.9208404671330565 0.9476598216595455
0.9526525136487828 0.9695186463768031
1.0008770353166312 1.0015884736369975
1.0484973289445911 1.0322733589341906
1.0717705480681139 1.0481505022646216
1.0571458173830133 1.0419421303165239
1.0145403931987755 1.0177782036690621
0.9665286031760935 0.9871582377708069
0.9301242745720488 0.9608969019347148
0.9115690549063191 0.9449512069099905
0.9101694183839040 0.9406956307876649
0.9225514306648100 0.9467450225622953
0.9448206605059346 0.9604765192915058
0.9730902168843746 0.9788104507922447
1.0031607677454712 0.9984443667085867
1.0301427618201142 1.0159555033193812
1.0489314547306630 1.0282117838212637
1.0559671854511816 1.0332357455373546
1.0512246585201295 1.0310513109231212
1.0384054346756766 1.0237086272203311
1.0228041650668807 1.0142551345691997
1.0086754741946826 1.0053737730391443
0.9980435372748483 0.9986149853975815
0.9912272921258971 0.9945151474772672
0.9881044901100708 0.9931893654343260
0.9889450546902965 0.9947454808762005
0.9941961755867191 0.9991520890330483
1.0034717957307622 1.0057324926520952
1.0146327374470072 1.0128201229369114
1.0239241968540611 1.0180531121781164
1.0275537112287745 1.0193383026706628
1.0238378417010645 1.0159188468300158
1.0141398086886562 1.0087470991256238
1.0017897409848686 0.9998957326991393
0.9901536879596271 0.9915582951975581
0.9814779147312863 0.9853909048227538
0.9769546616317405 0.9824603251016575
0.9774070760991004 0.9835414980680695
0.9838314757142829 0.9893497235713723
0.9973546877600594 1.0004202410504055
1.0184547473655172 1.0165450912311320
1.0454260277856382 1.0358722849980557
1.0724757910682039 1.0541020563335390
1.0892202535960827 1.0647576486849581
1.0846667695663836 1.0616137807718400
1.0553656966045071 1.0426677064260399
0.9793513700178190 0.9914811580735811
0.9466614181039426 0.9680913594685092
0.9231416718077219 0.9507449166137495
0.9168654498626604 0.9456809247773152
0.9325032466266374 0.9562308264418294
0.9702985929328319 0.9815044274036959
1.0226766141361145 1.0149460013104807
1.0704697905396408 1.0442597723932923
1.0884486183209436 1.0559282861466026
1.0653788273626437 1.0440896049412858
1.0157458906578887 1.0151145897359801
0.9643736061922937 0.9819144014431994
0.9277085147111167 0.9553852208325383
0.9106690443911384 0.9408199838934826
0.9114748272236683 0.9387203395185348
0.9257993265709896 0.9467991590103856
0.9486875541412576 0.9615670683711730
0.9752004316589306 0.9792877292137634
1.0006584843968922 0.9965200568883829
1.0209924588632668 1.0104903278426520
1.0334642103838685 1.0194666394593730
1.0375743681929972 1.0231215453426199
1.0353729030282937 1.0225971015010336
1.0304664524749130 1.0199624721151082
1.0260913811116565 1.0171845646095834
1.0235257233241966 1.0152174404392138
1.0218873559300923 1.0138206302579007
1.0194233596641307 1.0122181055435595
1.0153546877741828 1.0100710723722512
1.0107727159376501 1.0079418049447084
1.0077804355648352 1.0068315139448110
1.0076088587890082 1.0071837622396176
1.0092229776049950 1.0081853350519574
1.0095178961668072 1.0079679685810470
1.0051975810847102 1.0046796401583242
0.9951129028549338 0.9977138850575837
0.9811324987316898 0.9881690060402745
0.9668672201289401 0.9782316045201335
0.9556028510276608 0.9700810716532355
0.9490948499622980 0.9651293787576027
0.9476302834385514 0.9639156017251849
0.9507910444990807 0.9664474365325068
0.9582115655581170 0.9725939107211021
0.9698592588444086 0.9822085226170499
0.9856320072656379 0.9948389075612485
1.0043077217693834 1.0090970234756178
1.0222625552958939 1.0220578192540171
1.0331300121342424 1.0293963629647065
1.0300792859963459 1.0269478628794662
1.0105440820385005 1.0133017555507811
0.9699326893533862 0.9827179450642191
0.9487716407435346 0.9677162634553187
0.9334056092201003 0.9569393908852339
0.9319746216786532 0.9560431416491310
0.9501131081696002 0.9685183351525246
0.9887895516084025 0.9938386693299121
1.0405076155307855 1.0257682834692905
1.0860189248435741 1.0524511391253339
1.1009773192720818 1.0612410999083683
1.0759651038868032 1.0473977493331075
1.0263384211729545 1.0179201436106242
0.9762424597594097 0.9855419061594611
0.9411218204831645 0.9605673721269581
0.9252414441887181 0.9476573046299422
0.9262892699700653 0.9466926810037637
0.9391848748758311 0.9547148008022764
0.9579924876314402 0.9675822346429784
0.9770606568076432 0.9812192924889211
0.9920885699070709 0.9925435613244337
1.0010084973833664 1.0000100693844061
1.0042735681698034 1.0036938049939546
1.0043880844595403 1.0049587496128436
1.0048186497662297 1.0058148977931718
1.0085503292216040 1.0080614316472061
1.0166648812220187 1.0124228249867242
1.0274963402653012 1.0180667757691528
1.0370626571028152 1.0229181979245021
1.0411427472209400 1.0248321726870646
1.0380233670179253 1.0229818119285530
1.0296346532400671 1.0183750185311045
1.0198804173012748 1.0130098317829450
1.0116848413766653 1.0083684577265881
1.0051605462669753 1.0044290483754370
0.9979938690311972 0.9998515718491098
0.9875950520849621 0.9931408746256176
0.9734162391661111 0.9839236787141844
0.9576075450065151 0.9733915065795452
0.9436459245562516 0.9636639374754207
0.9343636446137252 0.9566932750383644
0.9308498333886702 0.9534999364521892
0.9325277746187371 0.9540579449601643
0.9379338186516448 0.9576751034686967
0.9456316303125299 0.9635263406195486
0.9548216017327662 0.9710167396409360
0.9653490336329209 0.9797640157210815
0.9770345147248641 0.9891795535951545
0.9885988644724429 0.9978924840217491
0.9969301035750955 1.0035294465563716
0.9977789851775580 1.0033918620935338
0.9883110845669854 0.9960248312043780
0.9792797291473104 0.9857770616677733
0.9673372280082709 0.9778297610609396
0.9569882190015563 0.9715819932698404
0.9560711225996728 0.9719496227359087
0.9709410694076461 0.9825725170547153
1.0033203849684713 1.0035684091386508
1.0466788062360362 1.0297815511599224
1.0842073265779670 1.0510794646242945
1.0955518789749177 1.0568766542621393
1.0733575121497356 1.0435331638914485
1.0305921972067580 1.0173290744097672
0.9876272178998090 0.9893511263593883
0.9579376466913032 0.9685776737259408
0.9454071297942762 0.9589415554930957
0.9476254838096111 0.9598531884006526
0.9589990524105083 0.9678480052253885
0.9727844567614143 0.9782915836281815
0.9830121981028253 0.9869971476002314
0.9864418325503059 0.9915497654090568
0.9835316266661338 0.9918665532715270
0.9777037391491927 0.9897821626830490
0.9735426354369495 0.9880200781373649
0.9750503174260972 0.9890877702925658
0.9843932032873772 0.9943738451694073
1.0009986949436156 1.0035341948738534
1.0210951794463146 1.0143561113082928
1.0384658644289400 1.0234337620486116
1.0471433265017140 1.0277196902456691
1.0449179620673068 1.0261928048482731
1.0345843136193043 1.0203371719439609
1.0215009730875040 1.0129415515233915
1.0098106815624170 1.0062162722870776
1.0003717528946325 1.0006381796129791
0.9913029024650180 0.9951449587670858
0.9802590610586092 0.9883435642323617
0.9667229328288479 0.9798126430864327
0.9526446883912861 0.9705812148384798
0.9411690002604697 0.9625519133657338
0.9347711489886076 0.9574438742109433
0.9341514569625232 0.9560051630772711
0.9382143402277976 0.9578417388346988
0.9447943522267749 0.9617865314983890
0.9517036979587497 0.9665398759577312
0.9576900962410564 0.9712636112951122
0.9628622485213898 0.9758300322780659
0.9682780457373389 0.9805613326010322
0.9748046676115056 0.9855734794149206
0.9818505743671262 0.9901434201414422
0.9868881369404309 0.9926419470307879
0.9865724694465710 0.9913384523959371
0.9980571831386877 0.9952635765792858
0.9945075720657729 0.9934868026308554
0.9876334891691013 0.9904882441851937
0.9840931995120398 0.9900274301977596
0.9906438765735707 0.9957327152616315
1.0100451532913530 1.0085999339531224
1.0377760875595954 1.0252234274527576
1.0614496567106442 1.0381975228804112
1.0667773848384257 1.0398763064628902
1.0489505019412322 1.0278721041231407
1.0171539286396269 1.0071198202641360
0.9861645931882600 0.9862223456058408
0.9664575278284362 0.9722906833681508
0.9613575790380137 0.9683663157330785
0.9685458359795616 0.9734313450734835
0.9820720846526872 0.9835817168075397
0.9943847900240435 0.9936984052090286
0.9991448690115321 0.9994466937486648
0.9941420187816770 0.9990119844372274
0.9821409710103925 0.9936099377147080
0.9689065731428232 0.9865068166492591
0.9602792177758418 0.9813705159048705
0.9602286118052473 0.9809029019165573
0.9700367761474591 0.9860571901535956
0.9879178850349672 0.9957361981590408
1.0089722748499299 1.0069955930505583
1.0263215284767995 1.0160016972086521
1.0341070361687787 1.0197308824995082
1.0309082013229431 1.0175623724253302
1.0204311073151657 1.0114944635044578
1.0085720982927397 1.0047009766028585
0.9996087239717317 0.9995736685348519
0.9943249273099029 0.9965979411376007
0.9905999250687709 0.9945561785960545
0.9855782078322318 0.9917127301793347
0.9779840172082216 0.9871569709909123
0.9690457538304779 0.9814361437068128
0.9615282933800313 0.9761484592952011
0.9579036280770411 0.9729308709002684
0.9590212971714827 0.9725652489465384
0.9638063077434083 0.9746414214191460
0.9698230552458778 0.9778220106898831
0.9744053442475223 0.9805333741674923
0.9759801575134385 0.9817836731770903
0.9749668388731155 0.9817056388524071
0.9736137285203271 0.9814682893490484
0.9747006111072678 0.9825269558138460
0.9797656658442913 0.9856095635189879
0.9878003209406058 0.9900458817655048
0.9952791518367708 0.9939344273873032
1.0132081474565648 1.0035425584075799
1.0184634200045517 1.0076736162478765
1.0158278335396986 1.0079417312958470
1.0094282357865219 1.0063623101405477
1.0058953798944674 1.0062067324655164
1.0094998963667743 1.0094384463426702
1.0186840434441529 1.0147854967982177
1.0261343503024829 1.0179454565066144
1.0235061268286447 1.0143735789239576
1.0084282439555499 1.0030027288137680
0.9869226357184125 0.9875689585402135
0.9686822204672101 0.9742979455844056
0.9611048204496374 0.9684165064718129
0.9667677723820738 0.9720345711414157
0.9834350415558950 0.9837068837709628
1.0047884512460650 0.9990706358736853
1.0221280911511150 1.0123753727592524
1.0279962375294178 1.0188249374418894
1.0203306374913070 1.0167865313542337
1.0034741787662165 1.0083318641086456
0.9850114768575206 0.9977400086542605
0.9716964601635003 0.9892839263457519
0.9673115571341823 0.9856818468497874
0.9723117327322937 0.9875142860151404
0.9840887506814979 0.9933009340153582
0.9975961752044575 1.0000788224087258
1.0069775527437137 1.0045575594573630
1.0083574523347485 1.0046697828949367
1.0021634652948981 1.0006989377330302
0.9927699892536194 0.9950748069422962
0.9856082191972885 0.9908924600546863
0.9841385010252378 0.9902028185719035
0.9884609631054702 0.9930784489084626
0.9957400989800117 0.9977887448608233
1.0019796521576352 1.0018705879289771
1.0043482402602200 1.0035152165217367
1.0027101738968938 1.0024835046454239
0.9993104083870874 1.0000132346100914
0.9970274756836962 0.9978832027475549
0.9975878592773088 0.9973150548647222
1.0006878385291140 0.9983159922793213
1.0041594504612779 0.9996971579200369
1.0050413502070084 0.9997266487308546
1.0012830807593753 0.9971706446170129
0.9932976415199768 0.9922146900378883
0.9842246364110415 0.9866489517933748
0.9785059739395772 0.9830797452125802
0.9796315370913268 0.9835832831959950
0.9882422874490937 0.9885372818029382
1.0013380703017603 0.9962268305098635
1.0144101402587409 1.0047606189006826
1.0290434652199973 1.0148116348563483
1.0333740658456572 1.0195011258367548
1.0275542323124129 1.0185492093108401
1.0169433352341819 1.0142818322536502
1.0072593487027977 1.0093582744759935
1.0002275239467768 1.0045553030772696
0.9931109972869735 0.9984379373254730
0.9821131311643069 0.9891706315810392
0.9667760713345976 0.9769492632350795
0.9513736522548276 0.9648624638122006
0.9423865364785766 0.9574961841586606
0.9450654813127477 0.9586546130497892
0.9614247666064867 0.9696819374368650
0.9893628092995567 0.9887529349657519
1.0222677167330074 1.0110607831360401
1.0500945228313212 1.0301496464451354
1.0634949028505580 1.0405048321799935
1.0593736205598028 1.0402310651930933
1.0425785641708589 1.0317269781952021
1.0218567123734958 1.0197935313521824
1.0045943111673152 1.0089471496333404
0.9943590305241207 1.0017562671379852
0.9910063385230691 0.9985170158873644
0.9917280595532513 0.9977508806044909
0.9924304026785359 0.9971205334554815
0.9895674931881226 0.9945929241370871
0.9820732919118592 0.9895459517635644
0.9721778608847926 0.9832441842060053
0.9642990011267020 0.9782912228537347
0.9627791083173137 0.9773449301066568
0.9699267111936810 0.9818341513800934
0.9850666673241858 0.9912560039865014
1.0046118498500158 1.0032691061105223
1.0232271748765860 1.0145715928691132
1.0360682922345388 1.0223023459095186
1.0411265595747228 1.0253085449224213
1.0399812551921599 1.0244923986516319
1.0363367151208838 1.0220087859042137
1.0335838314142827 1.0198911541091893
1.0329740778937968 1.0189275634967945
1.0330700721311104 1.0182879858997982
1.0305658896159129 1.0160448944594904
1.0223915838097068 1.0104404765513422
1.0082185027362058 1.0013092383331801
0.9915152259675312 0.9907022011906351
0.9780996168102211 0.9821503448721576
0.9733122077110528 0.9790084144547251
0.9796087099023120 0.9828491635347585
0.9952695782137965 0.9926019370199407
1.0009181661829576 0.9982110531660322
1.0244892149870000 1.0139181583969097
1.0386574951705148 1.0244113393665215
1.0389181939966112 1.0269144832308021
1.0276881196820178 1.0221146103634360
1.0109401323500882 1.0126649971675237
0.9930530019228963 1.0008172217268592
0.9749477275789428 0.9874072033352020
0.9561386113334350 0.9727649552772961
0.9377686427336676 0.9582793202187682
0.9236207528848653 0.9469710054513032
0.9186989079261585 0.9425986776421442
0.9271247670610567 0.9480967082803406
0.9505627418350493 0.9642327985564301
0.9869698047709380 0.9888162560559133
1.0295444824625495 1.0166653738803701
1.0673420295252820 1.0408496722237703
1.0896282149446812 1.0554257134987937
1.0922753914689511 1.0583285998196348
1.0798869854362543 1.0520135392922716
1.0612483378136497 1.0412689035374632
1.0434284311693847 1.0303081714524902
1.0293039220809341 1.0211992515904194
1.0182283518966639 1.0138965117052410
1.0078402971837570 1.0071453028193873
0.9958799707111693 0.9995850873396657
0.9816061574620698 0.9906685094221233
0.9664612981693134 0.9811499231441762
0.9536977747408636 0.9729743414012724
0.9471678530073088 0.9686031641761770
0.9499338671662827 0.9700728158891407
0.9632044961958126 0.9781519680582159
0.9856583045701677 0.9918403750461984
1.0131760747885639 1.0083692648085034
1.0394475133112626 1.0238748118496761
1.0580549377150554 1.0347608642528316
1.0655062907708572 1.0392431415534922
1.0630443154161919 1.0380965693050901
1.0555231211650777 1.0339946096357613
1.0482892011203533 1.0298742497886368
1.0443268964638337 1.0273422615062491
1.0429155390861156 1.0258825376223597
1.0400867823785012 1.0231908606907516
1.0310542301252548 1.0166373608368355
1.0138619299114540 1.0052593883382277
0.9916355150488241 0.9909747615515432
0.9712818063739598 0.9779950605226158
0.9599203925946316 0.9708612033031055
0.9618697324750576 0.9724187604052297
0.9771351083164183 0.9825979197013127
0.9815442917979781 0.9882965087560118
1.0122454759860093 1.0087291236475389
1.0371353392895832 1.0254749350363486
1.0477826949588558 1.0336374811165387
1.0425060722986503 1.0318776327111505
1.0256630834469063 1.0220099406825711
1.0028205605348557 1.0068798102692547
0.9775119628390039 0.9888229190674617
0.9518599200097827 0.9698053418872965
0.9286567125267929 0.9523419837999306
0.9121017106232747 0.9398050271929203
0.9068131366815451 0.9357013619529132
0.9163213006683418 0.9424466544224810
0.9417494307969683 0.9602402717876198
0.9805057499247581 0.9863580129080508
1.0252338533446967 1.0152369221289406
1.0648089693984619 1.0399468512332581
1.0891590664022790 1.0550574259909473
1.0952937197137993 1.0592406250029713
1.0882414880779396 1.0553217756142068
1.0758715060421209 1.0477475808078924
1.0634477368784827 1.0398256001997424
1.0520003942988712 1.0325881483611283
1.0398045104489515 1.0253068927353262
1.0248134162435327 1.0167573426234044
1.0065144595940114 1.0063598183715490
0.9865043219393834 0.9947102577223155
0.9679034584571521 0.9834583699635815
0.9542722684720596 0.9747843261152923
0.9486476656943132 0.9707657199370849
0.9529099219755479 0.9728058481466720
0.9673350250282543 0.9811676658223820
0.9901297181354556 0.9946392862245405
1.0170565147973123 1.0104774874504381
1.0418024132978450 1.0249158916672831
1.0579060516219259 1.0344062955706921
1.0618980941760943 1.0371917490460567
1.0554022756119064 1.0341977590437330
1.0441284191712690 1.0284651320898379
1.0345139751770407 1.0234355491036744
1.0304397813819406 1.0211285395286405
1.0314165990925126 1.0210682060716672
1.0326125218261752 1.0204188400377077
1.0272828751348777 1.0155277275120667
1.0113603156545810 1.0044015541019109
0.9870922872192479 0.9885418231137484
0.9621503831886008 0.9725926383651955
0.9452818235212973 0.9621038147550173
0.9425434125585291 0.9611095601361136
0.9556724051936039 0.9706461596051430
0.9675940302406872 0.9811423300300474
1.0025872556255804 1.0045785699918315
1.0360518668724839 1.0263108279216084
1.0574885147431738 1.0402209450174458
1.0615871193603947 1.0432658130689552
1.0498816724016768 1.0360009350938502
1.0273640303927496 1.0210178691598197
0.9987928099641467 1.0012731242093622
0.9681885340479739 0.9797405411095942
0.9400210674193418 0.9598461960329931
0.9194764629521887 0.9454745302396803
0.9113977105394624 0.9401633847191294
0.9188868040280465 0.9459292124239347
0.9420415812878860 0.9622441925436421
0.9767705633214027 0.9855508817759869
1.0144573104003536 1.0098332526077975
1.0444550435940918 1.0287094195851878
1.0597462415437404 1.0384154148630624
1.0612190521615903 1.0395406309563890
1.0557219967336784 1.0359073838341104
1.0501643700733652 1.0316615419986865
1.0474115833114621 1.0289724688967281
1.0460006062191454 1.0275411254942026
1.0423509475676975 1.0255880790477736
1.0336337636322537 1.0213856122002796
1.0196778457497153 1.0144043290489551
1.0029598727589626 1.0055428606421426
0.9871451136208270 0.9965761171045359
0.9755425621085470 0.9893990472301873
0.9703449892104714 0.9855204761918387
0.9725378973511640 0.9858427507553323
0.9819144018579831 0.9905054851793539
0.9968402301463449 0.9986594079150515
1.0139438268793093 1.0083276013025451
1.0284052315828300 1.0167133603859508
1.0355115412455727 1.0211719771125232
1.0331289432466046 1.0205225717555502
1.0233102076801888 1.0158350263135256
1.0114497231830730 1.0099922169469324
1.0035080646463983 1.0062037607267003
1.0031001789540126 1.0062946895705080
1.0095456502944173 1.0095445791119466
1.0173896135536336 1.0126317068844355
1.0184498999505549 1.0111018892212418
1.0068341098037148 1.0020937001376822
0.9837332884283184 0.9866410458985366
0.9571491152093760 0.9695740696489042
0.9370255573787298 0.9571221403538774
0.9307720732978639 0.9541957821993309
0.9414926683942738 0.9627341191078239
0.9662436373787349 0.9808694425495945
1.0019010184186770 1.0048562922181092
1.0387319628129796 1.0284425296749824
1.0662999924764400 1.0454403741266498
1.0779247290358858 1.0522027242403766
1.0730287640636358 1.0484382286124365
1.0549875735424226 1.0360824820079899
1.0280421554423771 1.0178510659172193
0.9966727506987125 0.9968553438273470
0.9663500499160727 0.9768578548260930
0.9432621911399504 0.9620420689857361
0.9327587393732475 0.9559717862500510
0.9375847573861174 0.9602383746713896
0.9564085940951200 0.9734141282033454
0.9829160334639224 0.9908902048674437
1.0069302214499452 1.0062525862684253
1.0192095019673324 1.0142446210871185
1.0175087713496547 1.0136490144208514
1.0076940546278548 1.0076393426774328
0.9986214409466211 1.0013149555733714
0.9963989367409668 0.9986613584106028
1.0021347231337130 1.0009309116748064
1.0127286037474856 1.0067577350858810
1.0231574622298156 1.0133960432525655
1.0292123604374630 1.0182976251153750
1.0294549448618497 1.0202270313852291
1.0252356668096978 1.0193826170336142
1.0190589483109762 1.0167030895277509
1.0129200548179653 1.0131119399195958
1.0078238565878486 1.0092817159290242
1.0042700384025010 1.0058264369269152
1.0026751459092424 1.0033964867719487
1.0031006923736903 1.0023732428573129
1.0046211890288219 1.0024199256789976
1.0051752182870743 1.0024088244288039
1.0024491775617055 1.0009959229429011
0.9954885593708251 0.9975845490158404
0.9858852489221647 0.9930069741230523
0.9774748306952692 0.9893472005968008
0.9746070561094694 0.9889040495603298
0.9799056573353642 0.9928065470666075
0.9923183423623663 0.9999193963472618
1.0062213859472218 1.0066663997469223
1.0130158996865886 1.0083456935846451
1.0060564670766232 1.0018125143320360
0.9858673066287319 0.9878883352242692
0.9603203361391878 0.9713850199147511
0.9397336622357610 0.9587118901943622
0.9320975224457396 0.9550860417873246
0.9411809094428405 0.9628414642322652
0.9781152931111519 0.9877354871959241
1.0101734601462053 1.0094248680725455
1.0428938101909222 1.0304776886022045
1.0677397910843387 1.0457571033074655
1.0797974572209135 1.0525293557469542
1.0789108087290851 1.0508012182840349
1.0673508622223398 1.0421184073263996
1.0475330409675065 1.0284069819132369
1.0223348292119054 1.0119511167143069
0.9964442287355471 0.9959004742989400
0.9760995456868200 0.9840832074361521
0.9669418822356549 0.9797667013634030
0.9713876496986723 0.9839827213888828
0.9865374434572514 0.9943176393322292
1.0036579894147535 1.0051114834048926
1.0114350078752725 1.0098286201793230
1.0032798248612489 1.0048874126791263
0.9825272260738873 0.9920266154192626
0.9594277010461769 0.9769668110416403
0.9438402376590389 0.9658567684074023
0.9408513178507316 0.9625033787364574
0.9504895009728561 0.9675456286403139
0.9692141611065849 0.9790529986011415
0.9918265228901670 0.9937966252614449
1.0135188484007593 1.0086342559838637
1.0314201148358622 1.0214391149859217
1.0446285909366044 1.0311372388515763
1.0528049788950167 1.0370557158308760
1.0549612139286131 1.0384267360577080
1.0499543420783368 1.0347107244690672
1.0381674566789978 1.0264147503672638
1.0222530556117515 1.0153787878110234
1.0058840429568818 1.0040363492698097
0.9917796759889065 0.9942699827652369
0.9807252908446169 0.9867877750607645
0.9720447727694114 0.9813594778479675
0.9649275885683373 0.9775940160571395
0.9596597122709331 0.9756493208817090
0.9579480073084469 0.9763656925813143
0.9620816715056365 0.9806956890942345
0.9732805777416221 0.9887165610352331
0.9898970888876725 0.9987576358867225
1.0064842888120165 1.0072855483483762
1.0152491947051945 1.0101042733031071
1.0104979035207329 1.0047025622009655
0.9931365660452459 0.9922492665984657
0.9706258688219412 0.9774427610100724
0.9525372672758947 0.9662743860411978
0.9462366370764845 0.9634899870070841
0.9550799685402290 0.9710608222471463
0.9976723575683732 0.9983310253485759
1.0221602040291751 1.0153143790846759
1.0433825345228682 1.0297099729896420
1.0561941015987639 1.0383000571183008
1.0600208153832771 1.0405676154984955
1.0575761308667861 1.0380033675236042
1.0514169742158421 1.0324194611198101
1.0421753597525338 1.0249610858386231
1.0299237643840773 1.0165287136437295
1.0166468649365237 1.0087713863471452
1.0068706942289389 1.0042817531965158
1.0055260974598799 1.0054269540982450
1.0143841720074185 1.0124122756142400
1.0289626436754080 1.0218318839109823
1.0383607801277026 1.0271819487071674
1.0309917749425130 1.0222017904895424
1.0039955574625770 1.0053309265608095
0.9662453203833634 0.9811764935816827
0.9311766035901896 0.9575199369685252
0.9086417838153963 0.9411235560262640
0.9024773434809297 0.9355012787949064
0.9118665570493565 0.9408401920824664
0.9332709320645075 0.9549653322331995
0.9620129993883884 0.9745785636501479
0.9936642674149214 0.9963909698738110
1.0249208226769382 1.0177597739022783
1.0531950224430000 1.0365241776948602
1.0751066416356665 1.0503405480652226
1.0858232849710858 1.0565132258309202
1.0812303119769247 1.0530815313808404
1.0616639190857331 1.0404792742346598
1.0329252701144755 1.0219888868360039
1.0030403305854088 1.0022942638060359
0.9782129709231741 0.9854194276009653
0.9611804278025243 0.9735762568796297
0.9518897086353850 0.9672428370225951
0.9490494212785565 0.9659226766513358
0.9514976638965957 0.9689158603531709
0.9588250103683176 0.9756557653189226
0.9710257023576797 0.9854874818925728
0.9873575411551611 0.9971065998419513
1.0050734049240935 1.0081337908079016
1.0191249517296772 1.0153585417712743
1.0239153345610867 1.0159206834724457
1.0167672999725497 1.0090040760375183
1.0004061275615057 0.9968481047920916
0.9818717958231568 0.9840802009272337
0.9689007596205278 0.9757433744898342
0.9668329137989400 0.9753147680735426
0.9772453003952324 0.9835592236439125
1.0155661112610825 1.0073961480030831
1.0308986476042852 1.0188944337698307
1.0370525917093802 1.0247333225048787
1.0331738149124949 1.0239816987397232
1.0239268041531804 1.0188856234567305
1.0155306900189771 1.0129647818307925
1.0115939784677077 1.0088086018696218
1.0119620813872174 1.0072040602066108
1.0145637988001481 1.0078310980590939
1.0183484641972604 1.0105901158235628
1.0248786713440154 1.0162598031657122
1.0370076543074751 1.0257115197933908
1.0550850204435669 1.0380198263031506
1.0730331763800092 1.0488854764561790
1.0784147115232345 1.0513506143598548
1.0602439731633657 1.0397864891302309
1.0195412736589604 1.0145564452770506
0.9696503196204865 0.9824924684560433
0.9259434959240687 0.9526913604992943
0.8978241734248856 0.9321186428925951
0.8880059243593975 0.9239298888935343
0.8949331153330568 0.9279332623125710
0.9149572487131273 0.9417993167287065
0.9437968151505834 0.9623015401655791
0.9776279996160417 0.9863005097351417
1.0135253432071349 1.0111490836589609
1.0485436520136850 1.0342857763421900
1.0777778150251440 1.0524292934188539
1.0937894904797614 1.0615538564590876
1.0900223778219640 1.0585522792063988
1.0664404447099811 1.0436406191983447
1.0309815236868261 1.0210397172487380
0.9946692019435134 0.9969966799130922
0.9659185690175145 0.9770105209078634
0.9485578822521872 0.9643034768132279
0.9428383664538060 0.9598154653120636
0.9471718886238891 0.9629393559807267
0.9594020011929846 0.9722488895106900
0.9772858856345014 0.9858458220669928
0.9982199025942656 1.0013188775951753
1.0186261152562170 1.0156376990472220
1.0338838965539690 1.0254678465171956
1.0396116599439664 1.0281374624255104
1.0339449445668394 1.0228610733992600
1.0190955935229127 1.0114106540635266
1.0007299521933903 0.9976939778589490
0.9855831168839556 0.9863989934277524
0.9789812575482407 0.9813687127886499
0.9832982240907902 0.9843244335697746
0.9972025498169086 0.9942173021380812
1.0233888003177891 1.0106830210992435
1.0321934223077951 1.0182925951773030
1.0259317199404143 1.0170122936616808
1.0075403534650387 1.0077995951693943
0.9861018756362175 0.9953288939083959
0.9706354159945191 0.9850228597608863
0.9658247535226163 0.9804470422152816
0.9716265306375191 0.9825150921627575
0.9852260054723285 0.9902624573507284
1.0036649370004094 1.0022327734491951
1.0257137738636342 1.0174277269250875
1.0515109490513463 1.0350359360962442
1.0794764287652101 1.0529617305494341
1.1024276580452641 1.0664005163572765
1.1077680045075682 1.0685952261493141
1.0858490185327174 1.0548159634551166
1.0401671745525025 1.0266849979109478
0.9859891302911082 0.9920024006955173
0.9391386249825638 0.9601810532802779
0.9085657387383645 0.9380121809616052
0.8963699027423305 0.9283093865417269
0.9005138723449178 0.9305828965788311
0.9170719174733020 0.9423541657662182
0.9417744612000560 0.9604585942577488
0.9711848360283327 0.9820424470257743
1.0030834195344345 1.0048813667959533
1.0352915665240641 1.0267877605722611
1.0633662524813920 1.0446004513215057
1.0797043307630696 1.0540490065127475
1.0769499029143581 1.0515114957921352
1.0542034615962854 1.0367426671003253
1.0191890389607619 1.0138892230869987
0.9834295167940685 0.9895655973065646
0.9561044584390900 0.9698740809956800
0.9417485179574495 0.9586389937445897
0.9411677129145858 0.9572332307364648
0.9530610364504206 0.9651666832517554
0.9749858820470039 0.9806394246937279
1.0033753202235487 1.0007236866368503
1.0329259834149735 1.0213224734655910
1.0564355465874311 1.0374834949527707
1.0666470505019412 1.0446819771594427
1.0600967733730327 1.0408240015558772
1.0397724734408753 1.0275250491638028
1.0135981102906262 1.0094758165997066
0.9903372890559730 0.9924466880664726
0.9764865766267800 0.9813371444422185
0.9752037399006247 0.9789536942690946
0.9860954872240354 0.9853769172767285
1.0048658274898961 0.9977317786595372
1.0188795643359656 1.0074320379372630
1.0273188694861239 1.0146189152544920
1.0162268175735272 1.0103489072660157
0.9900894708601282 0.9962981243419390
0.9606748605152233 0.9786183487527415
0.9391416549206231 0.9642280923892789
0.9313806124838039 0.9577548894495729
0.9380010252564350 0.9606259937903626
0.9563030734903152 0.9717712088997600
0.9824690753329598 0.9889328971952971
1.0132900565726513 1.0097636772662233
1.0465313482682550 1.0320642138653471
1.0791158031077248 1.0529687183707130
1.1042124911271309 1.0679225686014600
1.1113323672651994 1.0712665089020155
1.0929910720840381 1.0594120109932672
1.0528134702211471 1.0342827803296872
1.0043784070624384 1.0030642297789660
0.9619519136984543 0.9742959488753417
0.9339093471151498 0.9541433355618613
0.9222894126252672 0.9450727066030374
0.9249350483973879 0.9463753294592835
0.9376144114820574 0.9554354150823721
0.9558523459883805 0.9691494701814621
0.9765326869493337 0.9850814648963763
0.9984789703125615 1.0018075027287932
1.0211271898247798 1.0181652418191409
1.0419098580723949 1.0319873653232889
1.0548598894420660 1.0396659171336098
1.0531171701531488 1.0375988105734906
1.0345182616417878 1.0248359322237175
1.0045883268709201 1.0045007683194904
0.9732998467586802 0.9824858484239053
0.9495461760858710 0.9647592986424899
0.9384119776858477 0.9554627992847829
0.9415299410128778 0.9564522274981820
0.9583588027681808 0.9676278823985214
0.9868351427905544 0.9872555723847677
1.0228868492825829 1.0119129122049670
1.0592228773555259 1.0363026087869702
1.0852513241841630 1.0538010460379108
1.0908090795455208 1.0586160765950632
1.0729353379901274 1.0488908726297308
1.0389207807180052 1.0281506239620726
1.0015450584493444 1.0035099462056927
0.9720281749437415 0.9823542359770956
0.9568215606672790 0.9699726456241859
0.9578548013733874 0.9686754581329148
0.9732366945051532 0.9776077328611771
0.9969877060106567 0.9927358957672171
1.0069296616633749 1.0005965718119239
1.0216807789400770 1.0111428650848349
1.0146156549608312 1.0088493855023026
0.9885271448853152 0.9945482249647238
0.9557955221725003 0.9746256458154003
0.9294983947841351 0.9570406036068654
0.9173033418086849 0.9475959171697026
0.9209446879263691 0.9485526715777161
0.9381413873864517 0.9591121551076798
0.9646308557036642 0.9766547676657876
0.9958566490959924 0.9979861870687387
1.0279813052984204 1.0200652066202534
1.0574678131181943 1.0398919270549787
1.0794451570262427 1.0539339666148535
1.0873688606043430 1.0583371352390472
1.0765924852910393 1.0508066225928219
1.0494003083972976 1.0328735449453452
1.0150804428695346 1.0099297251691552
0.9844034359711906 0.9886380439113458
0.9644951857441826 0.9740239333945909
0.9573819746646687 0.9680632428666408
0.9609205267734914 0.9698175807426079
0.9705646112609532 0.9765344955939229
0.9816402505315198 0.9852177759296551
0.9916283196945842 0.9940310686162721
1.0009668305202506 1.0026914776202671
1.0113594734351654 1.0114985415437288
1.0226910299313889 1.0197353874925923
1.0311239055473871 1.0248550257429798
1.0305906047053361 1.0234696615666699
1.0174188756007121 1.0137361644738390
0.9940498822594304 0.9971878715008072
0.9679058582965303 0.9783286480268684
0.9470273276971363 0.9625261935969073
0.9369258415725328 0.9540577120574296
0.9401322213240907 0.9552967376794806
0.9570347804465094 0.9667344302835496
0.9863707582519693 0.9871019227953891
1.0245292766003078 1.0131473535629192
1.0638836519445922 1.0392675958724449
1.0922686090298854 1.0579916891547667
1.0972458768561966 1.0624720597879733
1.0747939155863453 1.0503360742470826
1.0335811617878659 1.0256235918278422
0.9889050631144174 0.9966317548312386
0.9537407608111067 0.9718423460480039
0.9351274324179457 0.9571710778974366
0.9350387511281070 0.9551606031208404
0.9516567775650769 0.9649915941447955
0.9791530410128295 0.9825062623572338
0.9953289310832425 0.9946126501567564
1.0206767556008809 1.0110080396633778
1.0246194065143610 1.0146459620054677
1.0052364606411783 1.0041239189183921
0.9731296377433346 0.9847500366551700
0.9429814732202914 0.9649729518196375
0.9249874026943843 0.9518455542267785
0.9226121761175077 0.9487444901346768
0.9342210303565576 0.9554413763945037
0.9553083394629819 0.9693137863763492
0.9804992171258379 0.9868124548321137
1.0052440280516657 1.0046424651363484
1.0265047025478546 1.0202123979070155
1.0419619263875552 1.0313470324190477
1.0490025553451854 1.0360434895594903
1.0455575529943499 1.0331373305552973
1.0325475772795187 1.0235366758852220
1.0148653232723202 1.0105600103669625
0.9992100512207179 0.9986543469181129
0.9907513517625552 0.9914031420260677
0.9910370379059475 0.9901065785324032
0.9976925863011553 0.9935099190253290
1.0057364448553150 0.9986973457578154
1.0103726794285866 1.0028222685441730
1.0100424487951511 1.0047776550493064
1.0072755329588938 1.0055942022991877
1.0063010423749983 1.0071631153599159
1.0093458621094851 1.0102624221401244
1.0143715850875064 1.0133887550473344
1.0158416941777628 1.0133231109097431
1.0084893537735722 1.0072301136502801
0.9915455459701988 0.9948412993186323
0.9696150489861218 0.9789884823340728
0.9496866362317010 0.9642211800753330
0.9376696243149459 0.9548732833605620
0.9370189541033797 0.9538677475676192
0.9490662152967975 0.9624060040751509
0.9735041764316652 0.9799567253561916
1.0078787286022757 1.0040043865070347
1.0459238222202829 1.0295856702495472
1.0763925735195521 1.0494782782502940
1.0860799609773650 1.0563155675669178
1.0682546928989325 1.0464798886216353
1.0289387633347418 1.0227829612529127
0.9828409264947304 0.9930809379016490
0.9440500998606685 0.9662532484188189
0.9210921374764138 0.9490295687007063
0.9172440028154129 0.9448597996858848
0.9320078597844399 0.9538370641760844
0.9611307115178832 0.9726471315582594
0.9896421086161753 0.9926107485692575
1.0259577695138618 1.0150327909725594
1.0441424626930955 1.0262928403059648
1.0360009143965083 1.0220744757027060
1.0078513958437820 1.0054759967453002
0.9748901270862631 0.9846686129214898
0.9502168126226063 0.9677830895135050
0.9396740327218243 0.9594608828420694
0.9426798358508367 0.9602994925822402
0.9548596435447486 0.9680277122867301
0.9706683906509436 0.9792268174857349
0.9856962933448947 0.9908607249241176
0.9978902934694888 1.0010275157176338
1.0069481985517541 1.0087316950253367
1.0127126632420391 1.0132576326092750
1.0145140235653956 1.0140604097912442
1.0122474135225386 1.0113881052948470
1.0077566098590103 1.0068439354179104
1.0046165160006624 1.0030188544947114
1.0061811362896926 1.0022260484389529
1.0133252254447993 1.0051447274935961
1.0233064207679579 1.0102421347811694
1.0307076420491965 1.0144822969615830
1.0306789056015953 1.0151815585502535
1.0226364238533805 1.0118999647472966
1.0110280776307285 1.0068212162838450
1.0022069091472092 1.0031919344264058
1.0002105902583818 1.0030338917372592
1.0043150421636613 1.0056941852585148
1.0092965898519000 1.0080457010598383
1.0084132215301091 1.0062835386104458
0.9978589538627354 0.9983477755080699
0.9794090431954020 0.9853306265715948
0.9589705449654843 0.9708918518563583
0.9429635240301830 0.9594225232199338
0.9359136843585846 0.9544470514355794
0.9401384470597185 0.9579401466447758
0.9562607472368779 0.9702154237646285
0.9831393897284182 0.9897694076463684
1.0166380702557503 1.0128688904549616
1.0481010777527824 1.0334283862393823
1.0653902674009641 1.0443184716831300
1.0590257445439848 1.0405623942674902
1.0296398123328718 1.0225202861076090
0.9881946721136253 0.9960472064979076
0.9486539476411950 0.9694710547470998
0.9215217155408852 0.9502205033916604
0.9123628763000192 0.9430508162758029
0.9228099395525093 0.9495511417065816
0.9508857382682382 0.9679063923794116
0.9908480191582992 0.9949297975829365
1.0340255572838373 1.0208997862137392
1.0645746688385949 1.0385491873144954
1.0689468724015263 1.0410480045118071
1.0476331633396567 1.0287449273013147
1.0142439160412284 1.0085845993866067
0.9839518613912861 0.9891128684293439
0.9651319375814960 0.9760153751494355
0.9586957064888958 0.9708052790539841
0.9609597024628719 0.9718613323783347
0.9669253636080934 0.9763236931158379
0.9729755037166608 0.9817972377064006
0.9780976994873345 0.9871398561053858
0.9830633186646988 0.9921274602516971
0.9885101687651787 0.9965895001961206
0.9938263779354630 0.9999770667244630
0.9978469988108746 1.0017962654299606
1.0005253666952887 1.0023971630739481
1.0036760445245965 1.0031686437505476
1.0097544387439987 1.0057052168301504
1.0195081774272996 1.0104628604208399
1.0303031686739621 1.0159341278996863
1.0367431288259732 1.0191716390849292
1.0340685452199696 1.0176698159200346
1.0222000811557599 1.0113908304228001
1.0065380963463173 1.0031875356360329
0.9945652234936193 0.9971436355722931
0.9914471398029263 0.9961330900405682
0.9974727054153339 1.0001601924192862
1.0078102579097392 1.0062056385812630
1.0146096325204021 1.0096562780208012
1.0113246292757594 1.0068080049918660
0.9968730927311676 0.9970330959350158
0.9759818646818119 0.9830575644271429
0.9556913750420963 0.9693259556229236
0.9418029662748146 0.9599910323162574
0.9376901978294855 0.9577928629209611
0.9447624309501114 0.9638345694526432
0.9629105139601929 0.9775944323569038
0.9899496779958672 0.9967067961126169
1.0202349853273069 1.0166857763957178
1.0441739448130483 1.0314197750950553
1.0513041157358860 1.0352277426784542
1.0367839293071917 1.0258492328007298
1.0054832041074206 1.0060646997676337
0.9689560742599249 0.9824434019176981
0.9390265436400687 0.9624605632999497
0.9239761656421188 0.9521152898429507
0.9280729213650155 0.9547217590894942
0.9518129481695005 0.9702831180317024
0.9959011949116620 0.9994336233142818
1.0379033611396014 1.0243124760607318
1.0734993175065703 1.0443723953289346
1.0871718882215511 1.0516930812602574
1.0744620807990513 1.0443043959071145
1.0451290049624962 1.0271204599460930
1.0138338017791311 1.0079148629641566
0.9902956897696983 0.9925998368317075
0.9768624767988534 0.9833078674440409
0.9710072305897777 0.9791528114943371
0.9689037216963013 0.9781123289153809
0.9682007153690448 0.9786921647190512
0.9689167470369863 0.9805385558419211
0.9722611477705314 0.9838935019332075
0.9786167166080528 0.9885988853769209
0.9864825710573527 0.9936314184672570
0.9933402104417780 0.9976419192337925
0.9977829803424192 1.0000516101184298
1.0008843474251372 1.0016374113922033
1.0052425650223129 1.0038925960815059
1.0123488931282576 1.0075682573657421
1.0204435297432604 1.0115858820911694
1.0247880441199009 1.0133472107515165
1.0208839860749801 1.0105341005537700
1.0085459400869083 1.0031888122107269
0.9929789554223045 0.9942804501163416
0.9817354727007610 0.9881785621804788
0.9805099087210990 0.9882376433139629
0.9904731665964787 0.9949874078458263
1.0074643875130769 1.0056227558386337
1.0231009402305995 1.0149981985311625
1.0285642969810036 1.0180295736722071
1.0198821161560310 1.0124484266224703
1.0002855814217773 0.9999667795469561
0.9772870515670479 0.9849792438230976
0.9579971789478361 0.9721791672892696
0.9468162802684517 0.9649468822707753
0.9457074598304833 0.9649806772784882
0.9551525759006835 0.9725128234654516
0.9743590669829360 0.9863916506228197
1.0003846148335753 1.0038498400859410
1.0269855096084561 1.0204233484030754
1.0451184897396271 1.0308153009338128
1.0467318955283180 1.0309815810687764
1.0300582445874722 1.0203769619654364
1.0014189027284153 1.0026068842137170
0.9716926121460350 0.9839614558065407
0.9512864747356707 0.9710254352117271
0.9473232967953819 0.9686827873916222
0.9628356929046893 0.9788187636376228
