TIMESTEP:
10000
TIME:
100.0
DATA: p c
0.0000163497111971 0.4494563189195037
0.0000074688809500 1.1364631083874064
0.0000026234872976 2.8834944084097192
0.0000008025249195 6.0744282886904646
0.0000004661856071 2.8800499899614533
0.0000009329381159 1.1264736377796252
0.0000017176462397 0.4238904220383353
0.0000024898820020 0.1752020494212891
0.0000029867713760 0.1081626141383532
0.0000031835717659 0.1209244609264618
0.0000033163007983 0.1695262100005810
0.0000038237031546 0.2070716752252837
0.0000051905644511 0.1764821951252011
0.0000076138673698 0.1239008535408739
0.0000107382713796 0.0803268386741890
0.0000135624228837 0.0576469930336836
0.0000148396697389 0.0656726019861019
0.0000138347071116 0.1324304214024208
0.0000109032439961 0.3421257032720023
0.0000074141108011 0.9197586415841420
0.0000049482398879 2.3552077061788244
0.0000063078008470 4.9677174689014798
0.0000134650632794 2.3561268947759926
0.0000272981771336 0.9207069062187162
0.0000493301943588 0.3413831971441083
0.0000750452527094 0.1274810191140939
0.0000968375836816 0.0529646602936366
0.0001074116696592 0.0328086067265102
0.0001031062251513 0.0409459690472698
0.0000858521996653 0.0788475310388725
0.0000626182483283 0.1669858509249742
0.0000417902822339 0.3376277187809236
0.0000280894099746 0.5967773616109567
0.0000220614067381 0.8058391124885319
0.0000233987625719 0.5970915432359054
0.0000304471512849 0.3388892757251663
0.0000418326260403 0.1708078832657707
0.0000543867883328 0.0883354926569113
0.0000631204945566 0.0606309042860704
0.0000643526479811 0.0659524195328696
0.0000575166970097 0.0921978530315463
0.0000450130708005 0.1330910853897361
0.0000311221789065 0.1997971972086846
0.0000203957820056 0.3542976980683451
0.0000159792348703 0.6659724440851895
0.0000183795832969 1.0442622258379464
0.0000248129027873 0.7768884683477245
0.0000297398655952 0.4457926572283539
0.0000302553541147 0.2576165523882524
0.0000253004622697 0.2384647041384680
0.0000086238555731 0.2957392751648472
0.0000043595330117 0.5665545828313918
0.0000018233373853 1.1316237575220516
0.0000008152003390 1.7796420873481507
0.0000007105202604 1.1263093161687403
0.0000010148948419 0.5510872919301127
0.0000014808825831 0.2545109866207704
0.0000018999555588 0.1461336628561973
0.0000021069321785 0.1537777134932314
0.0000021275952601 0.2544044156065396
0.0000021882882348 0.4318659615243581
0.0000027544554499 0.5792884353954485
0.0000044369688311 0.4319045384982380
0.0000075431283046 0.2489113040906756
0.0000118517863187 0.1285798562951009
0.0000162163601242 0.0696403161629685
0.0000189809519874 0.0562219817279353
0.0000190127149157 0.0885413972835441
0.0000164635254816 0.1958523301986154
0.0000127343304604 0.4470389894463523
0.0000097580028349 0.9215657467467002
0.0000107266672441 1.4573966357873853
0.0000197356829048 0.9253484122822060
0.0000372916046399 0.4525949004282726
0.0000630441335475 0.1996856375856991
0.0000924717740919 0.0865517411833965
0.0001171421165219 0.0428040092079722
0.0001279956442598 0.0354321860276299
0.0001196612878324 0.0597833691195495
0.0000941411045120 0.1387484215957659
0.0000612603882727 0.3373434226279156
0.0000338163514860 0.7840749160327898
0.0000179147336173 1.6226743866893374
0.0000115920086458 2.5680223661328072
0.0000138474861171 1.6228925028075576
0.0000237885827551 0.7847819804550595
0.0000417652229205 0.3391815882544201
0.0000637151998623 0.1428620905842757
0.0000810203600456 0.0677897292510077
0.0000868865578113 0.0489749482889462
0.0000795133194255 0.0630030623308784
0.0000620579629284 0.1165895830361252
0.0000407052877164 0.2626729854797245
0.0000220922584019 0.6565878145916041
0.0000113407606699 1.6302382743201134
0.0000089885703767 3.4156142286542157
0.0000111587955616 2.1007314552197451
0.0000136397552966 0.9960286697941044
0.0000144533208010 0.4476081191246993
0.0000126898283264 0.2568536311249153
0.0000048274919226 0.2058237148501705
0.0000030538234756 0.2689466819675229
0.0000017826390377 0.4284365102297801
0.0000012302840197 0.5658653655627844
0.0000011912857922 0.4207777717569776
0.0000013748376283 0.2481470910155041
0.0000015737753442 0.1514444077319441
0.0000016329636357 0.1471765089021814
0.0000014962536260 0.2601861553692680
0.0000012662839715 0.5654523616042840
0.0000011414025683 1.1561095744855736
0.0000016187323648 1.8255984520791044
0.0000034220106776 1.1548364164928162
0.0000069614156468 0.5601622480870870
0.0000124575043102 0.2440059346704982
0.0000186493043002 0.1057322681952307
0.0000233590139003 0.0572317736649458
0.0000249297416681 0.0581788163174356
0.0000231980088130 0.1015363813778109
0.0000195860057920 0.1980061158493759
0.0000165815054711 0.3481813461165254
0.0000176960398728 0.4723510587296008
0.0000268955769336 0.3606079198648437
0.0000461667286830 0.2171926915958650
0.0000750893723715 0.1178246592002584
0.0001092289517618 0.0626786693937566
0.0001395361220852 0.0389328805687793
0.0001545597437604 0.0416141407467133
0.0001456709199093 0.0836513008906317
0.0001133225982768 0.2176649184457666
0.0000693167293820 0.5968596026543651
0.0000324187186381 1.6227485352757394
0.0000140029468616 4.1645993645005879
0.0000076238455666 8.7888832110576800
0.0000102467816537 4.1646743320463386
0.0000229915736428 1.6229793686206204
0.0000493091757131 0.5974324936209191
0.0000817330642517 0.2189384759422743
0.0001071552943129 0.0863889710153360
0.0001162587001645 0.0480287307157987
0.0001067791061093 0.0571601478104999
0.0000833127639892 0.1241086898178116
0.0000543529900352 0.3403449449030936
0.0000283942407291 1.0357119256216334
0.0000129439462591 3.4130248920888127
44.0574920203190530 12.3028738326220246
0.0000045726712350 5.3151377889321667
0.0000053188203402 1.9860056390890937
0.0000061132330151 0.7275285384469723
0.0000061147953375 0.3024426742592425
0.0000030012397028 0.1619858830710902
0.0000024184742667 0.1439174594597595
0.0000018954335717 0.1757489250932948
0.0000016864591270 0.2004747802804668
0.0000017442909738 0.1635701001943779
0.0000018740703177 0.1174269603256379
0.0000018835457677 0.1073869805845724
0.0000016590246921 0.1781172912476338
0.0000012320531827 0.4345235293099480
0.0000007876723086 1.1565622708975769
0.0000005462176271 2.9576337713925454
0.0000010648748048 6.2377618750263943
0.0000028234652296 2.9565162120956541
0.0000065397258517 1.1530502415554276
0.0000132168205451 0.4255398804424927
0.0000212095014348 0.1577597673569525
0.0000277867186377 0.0659964110987981
0.0000307910353348 0.0435534666911879
0.0000297430715959 0.0556163434662595
0.0000260522519722 0.0932511947409640
0.0000224956136264 0.1489666113682149
0.0000227098293181 0.1955524925947164
0.0000306999314716 0.1881190682682258
0.0000496834906525 0.1548836545081557
0.0000810034319530 0.1094787142379629
0.0001219419042016 0.0699554655211441
0.0001637137157501 0.0474030245188900
0.0001917304924706 0.0498726557187318
0.0001915869332469 0.0990256462585895
0.0001591917162920 0.2689445408629110
0.0001064013513146 0.8065010514984257
0.0000604442844371 2.5682897430112006
0.0000396629960489 8.7889771280313358
130.0851886140293630 33.0477289044507501
0.0000294634275016 8.7889088073775685
0.0000433658757474 2.5681025319212973
0.0000770304223417 0.8060492641527280
0.0001182383197003 0.2679278207492140
0.0001480384413733 0.0970669538791549
0.0001560174674839 0.0474846843394620
0.0001409315864649 0.0505355230708620
0.0001095941804697 0.1063518112223447
0.0000726889366130 0.2791706747705593
0.0000403553129766 0.7685814171797885
0.0000192813498156 2.0963304397911413
0.0000085365560330 5.3132666112235096
34.5214797640658304 10.1861312464740106
0.0000017828357438 2.8913474825449961
0.0000025261225771 0.9015860675108051
0.0000031277082367 0.3220028270455660
0.0000021519642257 0.1381831963563249
0.0000020219628838 0.1129041911525541
0.0000019184399263 0.1059153133802304
0.0000019992516299 0.0971895256950016
0.0000022234846228 0.0791705767195398
0.0000024087042116 0.0680295003859455
0.0000023604088050 0.0899447444987909
0.0000019900877989 0.2014982848050926
0.0000013843169389 0.5777521451919587
0.0000007917100516 1.8252049265337200
0.0000005188739925 6.2377444730005545
92.2955876187794644 23.4490794040757677
0.0000034698299426 6.2369384563643475
0.0000074172289417 1.8230278704005631
0.0000151712264498 0.5728675064699339
0.0000245092960779 0.1915035580161831
0.0000322546675713 0.0714021046507179
0.0000359068561790 0.0379373763314728
0.0000347514427638 0.0397041487362999
0.0000301708198352 0.0636359227664536
0.0000250481130045 0.1078229547721217
0.0000229958112118 0.1683022931951346
0.0000280420725779 0.2295197258992857
0.0000448460572136 0.2595740653994147
0.0000778369215984 0.2046377233814686
0.0001281730797805 0.1300747745704887
0.0001897532620511 0.0780615766486602
0.0002450235048673 0.0610949516782346
0.0002707436404497 0.0924371101822515
0.0002536462249723 0.2213579494411662
0.0002027869372585 0.5983394754844330
0.0001479827587571 1.6233325687279887
0.0001120524505945 4.1648336187536739
0.0000914595984496 8.7889596583194827
0.0000854613243973 4.1646178888284080
0.0001053386396362 1.6227093004607238
0.0001437904662260 0.5967500186525055
0.0001854466977082 0.2174628959405243
0.0002100023267948 0.0833646733101069
0.0002077333564988 0.0416107158498722
0.0001805384527149 0.0415161729366126
0.0001381011666217 0.0778161842588218
0.0000924267658415 0.1804923140688682
0.0000535401532356 0.4316553101566127
0.0000267588628961 0.9867816946709581
0.0000115047712761 1.9810461925535816
0.0000037758716028 2.8895034158881763
0.0000015493937518 1.3830365086208996
0.0000016987089426 0.5670564528137733
0.0000020582753228 0.2439986137564419
0.0000017021221594 0.1720257194542325
0.0000016398877159 0.1765032942161871
0.0000017492121959 0.1437323629382336
0.0000020789199357 0.1003853119201934
0.0000025384076037 0.0670617075668043
0.0000029124086039 0.0536027790332450
0.0000029767955062 0.0728065438218435
0.0000026385188631 0.1616756273184930
0.0000020132010050 0.4275344271844118
0.0000013899503769 1.1539710813620225
0.0000010922766372 2.9568235641845226
0.0000022379470459 6.2374360759248262
0.0000052749175308 2.9560838298216936
0.0000105096420116 1.1522790347998244
0.0000190304673147 0.4242481730784190
0.0000288819178404 0.1554576137827272
0.0000367405962828 0.0615327182632557
0.0000399153274634 0.0349825895870943
0.0000376300650011 0.0412887972192383
0.0000313057770617 0.0773662514251573
0.0000238976918195 0.1581840111317619
0.0000188579744691 0.3085972216739723
0.0000198269707964 0.5315830963894400
0.0000330177494365 0.7087917051220378
0.0000670350513126 0.5239805375789185
0.0001285991324897 0.2975734558244285
0.0002189769408054 0.1515129002018978
0.0003194209100375 0.0848145299319010
0.0003947538754723 0.0803890107494316
0.0004166655658758 0.1467782180261342
0.0003835885549511 0.3403013688734943
0.0003205721625478 0.7851355463926122
0.0002551372232031 1.6230596020633929
0.0002086421627462 2.5681179187557919
0.0002021217884905 1.6227054676429751
0.0002286633732646 0.7840657180424130
0.0002643199300652 0.3373983136768690
0.0002915867615274 0.1390661126497755
0.0002941724769710 0.0604398154222082
0.0002676701452617 0.0354454359449747
0.0002193466304360 0.0374070815710428
0.0001619083638228 0.0605589741000032
0.0001073363958241 0.1137121949297192
0.0000635297650770 0.2223624772305648
0.0000333890138263 0.4248558250886496
0.0000155688015808 0.7156861940928265
0.0000065854145267 0.8973227356966452
0.0000031702037407 0.5672852422641279
0.0000021698898181 0.3066640556756755
0.0000018513514701 0.1927501972851253
0.0000013534749266 0.3526906510110328
0.0000011913209081 0.4538528333232139
0.0000013988139080 0.3358562710824747
0.0000019380322180 0.1939408191857747
0.0000026786417078 0.1021470516505417
0.0000033560006262 0.0601127962479947
0.0000036891728451 0.0588061845132392
0.0000035549113431 0.1065362201516328
0.0000030729335102 0.2442723407751197
0.0000025628353316 0.5602948048690412
0.0000024653919709 1.1549746293223582
0.0000039340473735 1.8252103537615423
0.0000081087319758 1.1537682440385657
0.0000148754502796 0.5580251437320752
0.0000240990227742 0.2406133539017089
0.0000338063666989 0.0999673108127239
0.0000408386993168 0.0457753700488726
0.0000426606281434 0.0341048786424063
0.0000386283211695 0.0543460814887069
0.0000302999789439 0.1236884889998729
0.0000207821854523 0.2971149730017436
0.0000134123618298 0.6849155020056734
0.0000107730569854 1.4110203640553465
0.0000209377563379 2.2288299994698799
0.0000560101675068 1.4088543439681374
0.0001289554594532 0.6821630137895873
0.0002563841510181 0.2968609417662090
0.0004199866119555 0.1306986938763131
0.0005698322173439 0.0774486168434745
0.0006586447501884 0.0913531577727182
0.0006686468093947 0.1708141092987942
0.0006170584175435 0.3386494546712175
0.0005384458046104 0.5970132315464557
0.0004692343495966 0.8057882534479718
0.0004423404142559 0.5965923553838890
0.0004439809448013 0.3372929908488647
0.0004481438529231 0.1668155205077909
0.0004344998195099 0.0796919354107672
0.0003925184756811 0.0439789040022841
0.0003256561668855 0.0374559807243415
0.0002472227089722 0.0492577786744952
0.0001720607542580 0.0736698019790401
0.0001102132225239 0.1050220540474213
0.0000653033095226 0.1415164481695234
0.0000359506621720 0.1994137675636247
0.0000186408309576 0.2751949618642636
0.0000094839225171 0.3141389406845554
0.0000050921222891 0.2494041283889070
0.0000029968565023 0.2062283799241431
0.0000019051480500 0.2410616868981750
0.0000010298275064 0.8965123431976076
0.0000007352871825 1.4042135350142932
0.0000009961899470 0.8877543729170838
0.0000017012479548 0.4313135054506182
0.0000027288290625 0.1896168536757704
0.0000037563411895 0.0860039533047500
0.0000044275758489 0.0545709523368297
0.0000045905760926 0.0679228743364071
0.0000043915195323 0.1269932489437865
0.0000042365877760 0.2482546521889386
0.0000047669496461 0.4325450643890332
0.0000070413941369 0.5798735148805146
0.0000120333102924 0.4295149732174194
0.0000196808292144 0.2434474915507720
0.0000290798864465 0.1207959695022293
0.0000380560993629 0.0579477821595008
0.0000437677985783 0.0332211625803433
0.0000440470078093 0.0353683208165884
0.0000384607540667 0.0726035689350804
0.0000286750800686 0.1895864733295066
0.0000178831947848 0.5187832437570411
0.0000095509684503 1.4078786329933266
0.0000056876982559 3.6098598927684726
0.0000169444283909 7.6156101877244655
0.0000546833742870 3.6093257510516343
0.0001398848913791 1.4074136963910457
0.0003142925431790 0.5196382979792893
0.0005545393568599 0.1938740231799618
0.0007949475920546 0.0841280120855807
0.0009707421416239 0.0609464929006126
0.0010470085797485 0.0829791990962617
0.0010303485176646 0.1395661441929297
0.0009566742446500 0.2169589411600770
0.0008692220006797 0.2667032069817785
0.0007967728649179 0.2166799790035562
0.0007392685530472 0.1384802157952207
0.0006770855935981 0.0791707648777424
0.0005939309443963 0.0480891986653718
0.0004869791227043 0.0418458642345353
0.0003676479009716 0.0582155227964623
0.0002543933139531 0.0974661814409766
0.0001622943111898 0.1533092269018544
0.0000969113793102 0.1960841719322063
0.0000557515070417 0.1807093898838991
0.0000317286845157 0.1554618883095696
0.0000180876334768 0.1467169854085772
0.0000104766812653 0.1487647011140879
0.0000061678034895 0.1593642195635049
0.0000035492989435 0.2340098429000741
0.0000019161954213 0.4536379121488990
0.0000008310506338 2.2720202901596620
0.0000004928974662 4.7829499835705471
0.0000007438880282 2.2673890712233495
0.0000015734404769 0.8852541969416580
0.0000028769624186 0.3286167002786460
0.0000042004808001 0.1257146313789621
0.0000051188704143 0.0601163417919852
0.0000054860576395 0.0515083994484752
0.0000055222356985 0.0745112494731345
0.0000057472644867 0.1214355431478412
0.0000069084841151 0.1796177269152874
0.0000099270585497 0.2120898120305995
0.0000154652070397 0.1704713280072692
0.0000233048984741 0.1088768282361210
0.0000322284244293 0.0619346610317868
0.0000401200747967 0.0357068709547413
0.0000445936556823 0.0269602012875885
0.0000439228472656 0.0368588426892908
0.0000378272660933 0.0836741744328757
0.0000278575393743 0.2328355973176353
0.0000169489503093 0.6993524658522984
0.0000087406631497 2.2259236187904734
0.0000057114896235 7.6150299710576697
112.6934708501502911 28.6305120891444034
0.0000858949833267 7.6149238340948884
0.0001914957307904 2.2258609488274628
0.0004159836226823 0.6996934733596089
0.0007324338905257 0.2342526128209334
0.0010604724554108 0.0874317830825124
0.0013230223542430 0.0451266560541232
0.0014702071647872 0.0423345734523444
0.0014963688367666 0.0580288171260729
0.0014311193575297 0.0803868668416669
0.0013172517140827 0.0930690405050298
0.0011874174884650 0.0806879380993872
0.0010512049933728 0.0583873279733415
0.0009020764337621 0.0416719605491344
0.0007347140057477 0.0390387861835539
0.0005553491904784 0.0583730782798281
0.0003823786661992 0.1138775887885860
0.0002378773739790 0.2262508025184126
0.0001345731063694 0.3991392022959624
0.0000704912354104 0.5412725490245014
0.0000373147808589 0.4104246588988149
0.0000219410650817 0.2504362114679002
0.0000140691363112 0.1541450169946245
0.0000094213154903 0.1235930451973595
0.0000061975897323 0.1646365169260328
0.0000037025169797 0.3508155522696308
0.0000018653132253 0.8966046123699699
0.0000010732691444 4.7840379284015455
70.7252144342215132 17.9711351510769255
0.0000010792321797 4.7809901288174625
0.0000019625753572 1.3989513806177774
0.0000034606393579 0.4424947874749995
0.0000048804604891 0.1538311080227995
0.0000057565782246 0.0687814314075897
0.0000060023645034 0.0549847834947262
0.0000059607666603 0.0726123121328860
0.0000062624139675 0.1047871374909787
0.0000076910239721 0.1320098717246638
0.0000110243020395 0.1304743232530513
0.0000166247009234 0.1018556944729176
0.0000240518719975 0.0685013461484320
0.0000320427459944 0.0442532066470564
0.0000387988062250 0.0316417133345410
0.0000425278466053 0.0289591853305035
0.0000420057688527 0.0382388833136810
0.0000370261148175 0.0760317922130478
0.0000287639677178 0.1915476072317515
0.0000196995371028 0.5192498118967106
0.0000131297082304 1.4075008989738420
0.0000123766072369 3.6093463614200352
0.0000482840250587 7.6153606354584058
0.0001365853555232 3.6093089055646694
0.0002918204859857 1.4071829912345943
0.0005691265935215 0.5182553285618018
0.0009456802800661 0.1894032254951728
0.0013414379320926 0.0724014233409532
0.0016694436053057 0.0333636107429708
0.0018699289416299 0.0238097314505380
0.0019267731856651 0.0260969604875289
0.0018611573186926 0.0321938881847718
0.0017127298609255 0.0360170727026584
0.0015185749480718 0.0339058426175033
0.0013000391095455 0.0298597912571542
0.0010655087605441 0.0307021929686270
0.0008213754311030 0.0461957835872895
0.0005812100623941 0.0964498615631079
0.0003678599972231 0.2260996707771469
0.0002050732296823 0.5204966895716933
0.0001010662082622 1.0747193066308305
0.0000419459101966 1.7006537858669304
0.0000179525948265 1.0796785661601855
0.0000116921748093 0.5321340994167549
0.0000093203646873 0.2499678170779585
0.0000077490739444 0.1504107253990551
0.0000059656504468 0.1894040156764339
0.0000039300917576 0.4588236686635411
0.0000020905217164 1.4065490895924471
0.0000019501216632 2.2704926160991943
0.0000016430186863 4.7825150377867907
0.0000022272411802 2.2674823138033653
0.0000033982751734 0.8860178611638784
0.0000048915174127 0.3310711660363382
0.0000060717897677 0.1321588226497059
0.0000064583568591 0.0749678445040499
0.0000061034062628 0.0820143921056130
0.0000055358836547 0.1287711063803817
0.0000054756079058 0.1978703486215458
0.0000066856015572 0.2451607627034177
0.0000097960355641 0.2064025410937390
0.0000148876183081 0.1398106217752865
0.0000213728414055 0.0874908066024174
0.0000281098385595 0.0591482373386850
0.0000337628409841 0.0492410797473573
0.0000372438258421 0.0479028292193829
0.0000379334389499 0.0492942494893364
0.0000357401679030 0.0666575040454831
0.0000313864809000 0.1295993314310078
0.0000266966659952 0.2978618351602130
0.0000247173220104 0.6830681683183115
0.0000311823736592 1.4090688879187909
0.0000768445157377 2.2280718534249035
0.0001975379991068 1.4091503449746616
0.0004103138190128 0.6822264685935515
0.0007399387712154 0.2943445073786985
0.0011603006316238 0.1209935130803280
0.0015944889371490 0.0502298447947267
0.0019546792792687 0.0235203767608505
0.0021774560842051 0.0150610329868229
0.0022398827096754 0.0141935489802525
0.0021565530675566 0.0162857137596646
0.0019651995773368 0.0189068352924940
0.0017086167254093 0.0211819229817544
0.0014207371625270 0.0247774094673090
0.0011232893537615 0.0345321367633257
0.0008307983487952 0.0638225586533298
0.0005590749587662 0.1508971979723911
0.0003301136764096 0.3992453075289739
0.0001666710926700 1.0751897077114234
0.0000757182633634 2.7532325541789895
0.0000266140743128 5.8076236349301871
0.0000067456126802 2.7552081325958042
0.0000058585496954 1.0805989566763676
0.0000068374181577 0.4131494623900244
0.0000073820686056 0.1890844539746410
0.0000066858466302 0.1731443581976810
0.0000050160075861 0.3473466625905648
0.0000031885109619 0.8932796978597992
0.0000036039613620 0.8926324474393634
0.0000032532753426 1.4034717557724152
0.0000043311830529 0.8878899625000278
0.0000059406526514 0.4325817933320680
0.0000073974849528 0.1946787901295832
0.0000080181425212 0.1009166174758490
0.0000074471881259 0.0918766621452929
0.0000060243170310 0.1513408325761119
0.0000045682541726 0.2913519796300909
0.0000038449434961 0.5106265557359484
0.0000044969676809 0.6895134766304448
0.0000070045486579 0.5165552876295714
0.0000111088059102 0.3032856802092119
0.0000161991979657 0.1699671794614088
0.0000213812404113 0.1147210787395357
0.0000258321196940 0.1074707883717413
0.0000292207915188 0.1119739324432992
0.0000316372285109 0.0936264323315469
0.0000332838879044 0.0783215467416354
0.0000346400172108 0.0918999868919638
0.0000371942026128 0.1573806117340237
0.0000447631332983 0.3009272350561275
0.0000672046368854 0.5249153403994388
0.0001318447255584 0.7068320895218370
0.0002771977448034 0.5259965710137167
0.0005272522047097 0.3000023068348575
0.0008887707572069 0.1493807841819163
0.0013269950254123 0.0696232556873620
0.0017674801563946 0.0323605902903619
0.0021260862036588 0.0166565767277194
0.0023393605394004 0.0112327688462906
0.0023808655645906 0.0109028822516393
0.0022621955682454 0.0136097666351801
0.0020228006416854 0.0187475065287027
0.0017136868750230 0.0263167526542333
0.0013810428257493 0.0366466440867438
0.0010563904788363 0.0520395419335775
0.0007564662374219 0.0865107870119529
0.0004918156711884 0.1943115576174892
0.0002759796862486 0.5436618432857516
0.0001262525394374 1.7028197629028075
0.0000549175529536 5.8086614511042720
85.9135370435220409 21.8292460920111466
0.0000054225936108 5.8082565916365789
0.0000061471521699 1.7025472494170977
0.0000084524814883 0.5461076554914960
0.0000097513945535 0.2087164651458477
0.0000092167191553 0.1398817381615461
0.0000073349001138 0.2114812978109343
0.0000051641167750 0.4420083986028371
0.0000059849224781 0.3471870025224237
0.0000060136494898 0.4543199889083722
0.0000075750401448 0.3359102374828030
0.0000096329616406 0.1943157369770465
0.0000110453366114 0.1088154924115363
0.0000109195442768 0.0858590136088505
0.0000090611213832 0.1321489736282976
0.0000062295530526 0.2914541298559165
0.0000037044944658 0.6660168415090033
0.0000023153037121 1.3743942706714396
0.0000023999487053 2.1752219846376311
0.0000041274135214 1.3835680274409288
0.0000069243974973 0.6900825019207011
0.0000103407427959 0.3443186152247729
0.0000137633785822 0.2369929133400715
0.0000168105662381 0.2613862660678278
0.0000198759373748 0.3108342265045667
0.0000237760111763 0.2285045766837853
0.0000290961003572 0.1393851743861980
0.0000362988865260 0.0941610026706895
0.0000467343463382 0.0961791678140320
0.0000648438975375 0.1392380233387518
0.0001020289647377 0.2077010402522464
0.0001826301549478 0.2550611960535508
0.0003408613775524 0.2136954170270238
0.0006023208521498 0.1417933843994126
0.0009666732501164 0.0818863020967859
0.0013950460000850 0.0438197258098241
0.0018157408213097 0.0232196241317270
0.0021481037574764 0.0136800673687545
0.0023291766865102 0.0108072759889014
0.0023312826211873 0.0126939592818456
0.0021668640099184 0.0194657018829280
0.0018813373802434 0.0325350131488424
0.0015363839397473 0.0529982954495861
0.0011889947602701 0.0784783103491394
0.0008756677061427 0.1012665360060358
0.0006093511884291 0.1214901220695677
0.0003889616840169 0.1899112820567135
0.0002156179273541 0.4216241357354678
0.0000982679050350 1.0865065080162770
0.0000411783567448 2.7581957384486224
0.0000192722617630 5.8090966734644818
0.0000132779397010 2.7545313398291551
0.0000143481890359 1.0778448355445227
0.0000158347817225 0.4061411574833017
0.0000158261581888 0.1685059618205266
0.0000137695309978 0.1060590158408836
0.0000106097431358 0.1281625661186152
0.0000076853781178 0.2126437215690400
0.0000080295384538 0.1763327773502771
0.0000087342251459 0.1850247122889201
0.0000112056889623 0.1430169206206454
0.0000140743918710 0.0942596720104917
0.0000157426012399 0.0692104812831681
0.0000150331855638 0.0874006519581995
0.0000118559569508 0.1915442027876358
0.0000074048891725 0.5077573275939378
0.0000035821272280 1.3728819972808619
0.0000016532197436 3.5201090283430028
0.0000013485711413 7.4286404564526833
0.0000021577187903 3.5359812530582304
0.0000035912777903 1.4192345447671688
0.0000054799922578 0.6245390932162299
0.0000072764967711 0.4645227226734709
0.0000088356405254 0.6516143024364678
0.0000111588980658 0.9522841820086697
0.0000159121127423 0.5986498002032246
0.0000234508330121 0.2959050710391873
0.0000343602660131 0.1432993780558892
0.0000495049783406 0.0900646355994670
0.0000727430240973 0.0913127806955278
0.0001144332820266 0.1191797998833343
0.0001956390759523 0.1468716660022596
0.0003473856121248 0.1452281713202286
0.0005947999121259 0.1126720451295872
0.0009364171311533 0.0732973099259920
0.0013345134539875 0.0427292386751233
0.0017203640688617 0.0241090175378361
0.0020147911075973 0.0152028616956970
0.0021543379285928 0.0137054638151822
0.0021114770262288 0.0195666721199116
0.0019028331520054 0.0359523451912344
0.0015833452122634 0.0692572543422719
0.0012261780584546 0.1258570291732139
0.0008947098760918 0.2000826340247493
0.0006237736744189 0.2532955187252635
0.0004199576921743 0.2290456191654079
0.0002692714611855 0.2116749987579785
0.0001576860245803 0.2877990544554954
0.0000842518234310 0.5498203435520389
0.0000475619678059 1.0867866676298319
0.0000343145526752 1.7037419980603290
0.0000325619010622 1.0775685176727010
0.0000324781768566 0.5260383690263056
0.0000305124012618 0.2382479360807802
0.0000259887615642 0.1216017287372738
0.0000198158384229 0.0937314683352848
0.0000139012926992 0.1106177548136549
0.0000097495098924 0.1458526581682080
0.0000086215051766 0.2035915423051948
0.0000103887056712 0.1514444559082788
0.0000143488572463 0.0998769873145007
0.0000187466434031 0.0647383312749196
0.0000214448661061 0.0555574464946005
0.0000208337023635 0.0903712507941416
0.0000167850572193 0.2303999718276379
0.0000108492025747 0.6828990153580763
0.0000056691737171 2.1705280627314063
0.0000030824220901 7.4246412894854199
109.8258429912331167 27.9119188376580247
0.0000013313811496 7.4484758220809546
0.0000018120147348 2.2455718365049093
0.0000027155822055 0.8946159391983256
0.0000033305870784 0.8094613948725535
0.0000036846098634 1.5798726686941389
0.0000055766721219 3.2003168637472261
0.0000100239082728 1.5165408591686007
0.0000175350512135 0.5981653514397531
0.0000288331827180 0.2363269174270712
0.0000435584771726 0.1194752037459691
0.0000638962371188 0.1079983786521820
0.0000975267697994 0.1498818902660739
0.0001619676042857 0.2146609974003423
0.0002872206741376 0.2524922136194719
0.0004997644584585 0.2023381587068428
0.0007996532602368 0.1280942150692399
0.0011542646731211 0.0708509345824546
0.0014989477226493 0.0373758883531679
0.0017543933402612 0.0221606890190179
0.0018554061315284 0.0204290485174714
0.0017753385608111 0.0330086224929212
0.0015372371542560 0.0692400494152139
0.0012073357544299 0.1500814307634862
0.0008681198642651 0.3055061998076120
0.0005798605586197 0.5417360005942564
0.0003657285784408 0.7353604031167630
0.0002339579783297 0.5582830587566490
0.0001576803238948 0.3513090658762503
0.0001095512522451 0.2556989773493822
0.0000820124717634 0.2879311764273852
0.0000711872553483 0.4221662700272276
0.0000695302437415 0.5452937897717219
0.0000687711214314 0.4035419589372068
0.0000637193596051 0.2365165870298561
0.0000534260271309 0.1374329936856660
0.0000396931233797 0.1074971507513227
0.0000261435406155 0.1303578636755953
0.0000159410220131 0.1853276204359288
0.0000101909572703 0.2296594166014813
0.0000074500104462 0.4605149060193697
0.0000106107187179 0.2687190790410524
0.0000166168253746 0.1401691170715276
0.0000234505695756 0.0739752752185172
0.0000283110315509 0.0534411920039845
0.0000289267977479 0.0784728258221883
0.0000248876499904 0.1871653476127948
0.0000179939489559 0.5057987684857413
0.0000113003486965 1.3722198269887329
0.0000068110850307 3.5206769278725298
0.0000037819537596 7.4321043096135941
0.0000023655824564 3.5489362130209234
0.0000025342304412 1.4655406515795222
0.0000028690202728 0.7935088924302195
0.0000027329757621 1.1082977182159728
0.0000024477884896 3.2379797925172151
46.9489015086237700 11.9529071081678033
0.0000067720434551 3.1855734209282880
0.0000127224538944 0.9420381947008657
0.0000219590846125 0.3206628545415920
0.0000323778730031 0.1629368253144824
0.0000444882856282 0.1792499908060545
0.0000627707464813 0.3074603262537540
0.0001002108703691 0.5238745933749231
0.0001878245400066 0.6999008817904735
0.0003552456380967 0.5178449551295292
0.0006004108427441 0.2930416257381618
0.0009013666004318 0.1446963778000689
0.0012017460528847 0.0679984889757615
0.0014222800926614 0.0357387226072326
0.0014954030518435 0.0310957453736391
0.0013954322352183 0.0537243276521393
0.0011519661408888 0.1253511662116771
0.0008410803731811 0.3049854187573792
0.0005508856511430 0.7088486317005187
0.0003304078950235 1.4670858754721023
0.0001767535041665 2.3231161284086204
0.0001008350937567 1.4754693747898249
0.0000809145037242 0.7307277981676175
0.0000813887817780 0.3513403402863547
0.0000939816534857 0.2118856909422832
0.0001101613220569 0.1907533770884259
0.0001215006074815 0.1969602719594904
0.0001212923338814 0.1582672028810597
0.0001076740191458 0.1155040708331588
0.0000835147987246 0.1048449428403698
0.0000554962904142 0.1480490229107795
0.0000315178027601 0.2652050340503351
0.0000160322356519 0.4559883221061374
0.0000086148852527 0.6135182505707774
0.0000054643348353 1.2167481054017117
0.0000100711189920 0.5914604983712524
0.0000184459703940 0.2582570402183050
0.0000285061941531 0.1115003698229552
0.0000366145622805 0.0591662793729374
0.0000396163500952 0.0613511150663102
0.0000365454762584 0.1211249982809799
0.0000290813317399 0.2866890784695572
0.0000204111649974 0.6640868064984377
0.0000130151861035 1.3744254333831958
0.0000078494385934 2.1790151130331856
0.0000059355314331 1.3985724674939892
0.0000059831414078 0.7396899543339778
0.0000061213916894 0.4990913879564429
0.0000057858237557 0.7005441614102633
0.0000052447678344 1.5488460495723215
0.0000056535508850 3.1918643539764804
0.0000077966072250 1.5164000978869006
0.0000120014002134 0.6057825475528261
0.0000175014387264 0.2619900069527374
0.0000222694350418 0.1952619915653754
0.0000259039364837 0.3178099262687861
0.0000307634577827 0.6842365046634680
0.0000440020546163 1.3972581905499963
0.0000986674585679 2.2051035632948977
0.0002198862137992 1.3935446275798473
0.0004007024078462 0.6738707153899888
0.0006400236205002 0.2905289815770150
0.0008936908304171 0.1207670326245635
0.0010837408159576 0.0557675820644538
0.0011412343783738 0.0438303129973478
0.0010411358890139 0.0775256499799646
0.0008163683534095 0.1974519415276893
0.0005457077699630 0.5396696729254409
0.0003199362958735 1.4660715955285339
0.0001812725322557 3.7614754247614886
0.0000881126630525 7.9376812639540537
0.0000415122933926 3.7652449816161027
0.0000482948169433 1.4754946055540730
0.0000796240070377 0.5583228169974248
0.0001239593987729 0.2293056927752902
0.0001649260125897 0.1226330274462008
0.0001889484607995 0.0903512150257843
0.0001880478362068 0.0751920128138382
0.0001622787888530 0.0777675487445765
0.0001194305343242 0.1231417654798327
0.0000728309601190 0.2626348124140789
0.0000361244048211 0.5915981914647761
0.0000152028902557 1.2158824949216276
0.0000061665535808 1.9214333763608320
0.0000043747705329 3.1103554401064777
0.0000100632387560 1.2135808867220721
0.0000210510278484 0.4481389447590048
0.0000347672170001 0.1660707916549452
0.0000466350523656 0.0694948018533240
0.0000526284580940 0.0479432808181685
0.0000511414122431 0.0703748315533636
0.0000435517847198 0.1423997110537480
0.0000331550049444 0.2870767157448160
0.0000232520731928 0.5083375212863976
0.0000160820151453 0.6899723190387494
0.0000128131392947 0.5252194278517341
0.0000121107433576 0.3352411554485117
0.0000121168137787 0.2617093261118971
0.0000119432263895 0.3464841164381102
0.0000116477921677 0.6138488667022126
0.0000119790164045 0.9411888416278839
0.0000138140672235 0.5987839945779921
0.0000161740293017 0.3084757780730094
0.0000178865498179 0.1882260469055639
0.0000175660952175 0.2335544711859858
0.0000152797016127 0.5302885290314820
0.0000133278785488 1.3986584644194406
0.0000160017119141 3.5731054147993455
0.0000531452727363 7.5348222061079886
0.0001289873380396 3.5707185155024250
0.0002420494755388 1.3917936357427019
0.0004216330647574 0.5125616464904492
0.0006305449745063 0.1884864850110909
0.0007932166704276 0.0772253012680462
0.0008439341064498 0.0534192636691363
0.0007589179030937 0.0913962459043718
0.0005691495145450 0.2437585044754314
0.0003447449746123 0.7292346019831717
0.0001706985167547 2.3201233058986901
0.0000872162551325 7.9366995064788943
117.4489343047181649 29.8392460636572245
0.0000320669567382 7.9379118586121242
0.0000553598222792 2.3232717411391821
0.0001082707932912 0.7354341020193242
0.0001774691652081 0.2535592936494599
0.0002387413473950 0.1025668228679577
0.0002725584687731 0.0567506655637870
0.0002681671122370 0.0493533923731490
0.0002271606921287 0.0748086128410770
0.0001625657585235 0.1703210580342488
0.0000944499161848 0.4503027747042351
0.0000425801554517 1.2142384233179520
0.0000162435298154 3.1104035370679770
0.0000055387347942 6.5610570577248373
0.0000062815478170 6.5604607213204877
0.0000128175023189 1.9179672897285689
0.0000263400322409 0.6027712123347297
0.0000433586682633 0.2011810942695345
0.0000584508407215 0.0742379318954679
0.0000669791137327 0.0384317639598784
0.0000668472581667 0.0403437369620916
0.0000591930687640 0.0678046827750206
0.0000474081761113 0.1205193365931701
0.0000354165301816 0.1901858755563253
0.0000262500957436 0.2372718393612263
0.0000212244350914 0.2022970274265381
0.0000195623464353 0.1495732541815747
0.0000196087614029 0.1277162629435536
0.0000201883422343 0.1563058969701875
0.0000209556372502 0.2327159296302390
0.0000221305867449 0.3014401538752562
0.0000235642206311 0.2278435527356883
0.0000242398962264 0.1495701189824983
0.0000228705111355 0.1370933480121997
0.0000188084714752 0.2539869986287180
0.0000129025948759 0.7014346495980270
0.0000077190046007 2.2057331123559720
0.0000063126093735 7.5349833190915136
111.4924793568028036 28.3255560739246199
0.0000668038380252 7.5334871934470469
0.0001347981410028 2.2016041102325281
0.0002721493901655 0.6915193934505370
0.0004428700242926 0.2311361560131791
0.0005790504965525 0.0875170271207940
0.0006256529647279 0.0536493440574021
0.0005623690465442 0.0813846757288584
0.0004151265970950 0.2000513472587693
0.0002427040120240 0.5422749342336959
0.0001093381336416 1.4686342286234679
0.0000449371956454 3.7633300663486882
0.0000308784271763 7.9379091203005254
0.0000516235874519 3.7625452364588541
0.0000966010013663 1.4676911041454932
0.0001697210089337 0.5419628822327847
0.0002580531434926 0.2003027594972742
0.0003339627641631 0.0796156109614097
0.0003725722978446 0.0411616393876731
0.0003612657362836 0.0396988927655659
0.0003034798202095 0.0763319957208330
0.0002170547105176 0.2031604320104599
0.0001274883600282 0.6042146585289746
0.0000596848865489 1.9188633604375867
0.0000265302378115 6.5608932407103477
97.0718321396756636 24.6632377471736071
0.0000111562423677 3.1108870581755128
0.0000198712530640 1.2130541359504035
0.0000354811143695 0.4465510427643001
0.0000545716762928 0.1627771373247109
0.0000714106779966 0.0620121355552999
0.0000809620714106 0.0295526800804685
0.0000809714172629 0.0250259905265955
0.0000725363480443 0.0356882833575954
0.0000591742741612 0.0574713100018839
0.0000451833988047 0.0847572811426261
0.0000340749887693 0.1038719083063142
0.0000275624458744 0.0993946433437315
0.0000253338678963 0.0825878402103365
0.0000259626223281 0.0709689084845713
0.0000280277893691 0.0745889433845387
0.0000305827209535 0.0919603181902994
0.0000330486675424 0.1054273499727740
0.0000346653790687 0.0893964265977380
0.0000342541899074 0.0744105192984942
0.0000308319493559 0.0936609731784744
0.0000244598152972 0.1978448336283647
0.0000166717141470 0.5171937778999566
0.0000100178322883 1.3937162041521853
0.0000065906617156 3.5709554550917564
0.0000139181348022 7.5336311448758648
0.0000387607327614 3.5699122846814135
0.0000934130943567 1.3911825795916735
0.0001998301441826 0.5120031228445212
0.0003321670693472 0.1876394261783855
0.0004396633560115 0.0748906182865841
0.0004788921121663 0.0451874829759655
0.0004345911992649 0.0611648517970672
0.0003269774902760 0.1323600621632887
0.0002009899116446 0.3132136015603993
0.0001027074541131 0.7174581610814714
0.0000519164712430 1.4737358358408568
0.0000481968754496 2.3251744011078848
0.0000885596305669 1.4695400528554288
0.0001598164461291 0.7107147498890125
0.0002565131637244 0.3062400479945659
0.0003618919511852 0.1260883014368820
0.0004466670340941 0.0536571086987026
0.0004845193846798 0.0293038985649309
0.0004633404630004 0.0312201676103717
0.0003888983096468 0.0636322703563319
0.0002826455358454 0.1646781824581378
0.0001742757845845 0.4486051723584487
0.0000905375792744 1.2149411616586523
0.0000420041600743 3.1120794243724785
0.0000167607575781 6.5625026919314671
0.0000197561430503 1.2184778740889801
0.0000298788486242 0.5898703989583152
0.0000471253245203 0.2541199775126627
0.0000670090192021 0.1040784332895030
0.0000837249770251 0.0434071600201226
0.0000923359653316 0.0221954153568423
0.0000907789437651 0.0194468222441355
0.0000803503435145 0.0280509736265352
0.0000648229504769 0.0463191873734995
0.0000488111553924 0.0722017271719376
0.0000361144428230 0.0978936834120678
0.0000287139080932 0.1081822824962248
0.0000266224920467 0.0929709583535234
0.0000284938458118 0.0699193130083597
0.0000326453861031 0.0536749756350408
0.0000375400472552 0.0470318207137386
0.0000418339061402 0.0442995462049387
0.0000442539985019 0.0392587046622599
0.0000436175508819 0.0393845232957629
0.0000393594267674 0.0589227236284044
0.0000320873452175 0.1243648666107199
0.0000236920955994 0.2929867196929617
0.0000167266338928 0.6747755037695617
0.0000135240441544 1.3926567296043850
0.0000203335408893 2.2021552024434343
0.0000453271113521 1.3914262010353222
0.0000949139031008 0.6723602292016819
0.0001767076894461 0.2894601019966309
0.0002743766711238 0.1197789120067229
0.0003524472869139 0.0535902377654285
0.0003799663090970 0.0356676778657035
0.0003470913772838 0.0463808960270201
0.0002691393015628 0.0869919840181192
0.0001781825224896 0.1737632063953204
0.0001067898108396 0.3316559337196731
0.0000733793816403 0.5628067753097459
0.0000854312217250 0.7448685405321205
0.0001444665362784 0.5493145470376908
0.0002399949679603 0.3099865022430509
0.0003585572675530 0.1521597073672351
0.0004769189545733 0.0698234807308844
0.0005646160900942 0.0327528275706972
0.0005966519286774 0.0199088437803349
0.0005632923760530 0.0229178946639791
0.0004730153407772 0.0454700493323313
0.0003496375903467 0.1076581199758089
0.0002243618633207 0.2589909162448469
0.0001238745115641 0.5950752576470365
0.0000589675753811 1.2220816218942196
0.0000255446311316 1.9264391950296262
0.0000323613167795 0.4651970850766537
0.0000415080355780 0.2636773922330596
0.0000588327080737 0.1300482642397159
0.0000780237712796 0.0600084546124610
0.0000929722820947 0.0286488250718667
0.0000990064980036 0.0184585400962071
0.0000944482375230 0.0218514789124854
0.0000810127105379 0.0387026892667970
0.0000629277268948 0.0737926232778088
0.0000451547738067 0.1319784834099582
0.0000315452945322 0.2051679302053349
0.0000240298350881 0.2506166031277985
0.0000227201351818 0.2041323268230490
0.0000261844742716 0.1319463081933542
0.0000325287699632 0.0767942473085523
0.0000398306224858 0.0451777420422843
0.0000461623205327 0.0297282063828875
0.0000498440067038 0.0231587185963400
0.0000497676394369 0.0242779324227661
0.0000458011885678 0.0371577575234441
0.0000390254715825 0.0720384483884616
0.0000315946383705 0.1485897820583894
0.0000262230988090 0.2945415958136539
0.0000259339326973 0.5154692079497324
0.0000356952996283 0.6931719522708614
0.0000616748682816 0.5127335427204013
0.0001071456087526 0.2896569572626218
0.0001714234608938 0.1429613501943604
0.0002409446991329 0.0678832425522531
0.0002921699070353 0.0371982741432108
0.0003056544226475 0.0327318459305742
0.0002769333229031 0.0476717286650104
0.0002184515791164 0.0821422915970951
0.0001533518327163 0.1367564134135955
0.0001057126691766 0.2041547001086944
0.0000930624207291 0.2637416750161253
0.0001252826801267 0.2870203414943522
0.0002043552146658 0.2220611486142770
0.0003214296013447 0.1374883603322027
0.0004574546410040 0.0743365820287262
0.0005839133535812 0.0375572246823563
0.0006697193400940 0.0197092545288265
0.0006921670040404 0.0138654627021289
0.0006448134061945 0.0173247542157804
0.0005393606217037 0.0325816836493092
0.0004018268880120 0.0687363898093976
0.0002639413228669 0.1433514316277141
0.0001519239259786 0.2792252518160391
0.0000778309349786 0.4767701178387151
0.0000404671203763 0.6291467865268562
0.0000414428963548 0.2146541222309492
0.0000500694623000 0.1332263808675084
0.0000668316756624 0.0723665932691541
0.0000845936296322 0.0371730840945079
0.0000970593951713 0.0212575956083264
0.0000998439241580 0.0194770129458591
0.0000917575784475 0.0325346261527875
0.0000751406827718 0.0697196402667246
0.0000548879570661 0.1518857671099587
0.0000363055852356 0.3086747961318395
0.0000228391040499 0.5453124187940810
0.0000158411017605 0.7355714407693850
0.0000156230362268 0.5451000736658713
0.0000203987135945 0.3088533117894266
0.0000282610279179 0.1531318053244456
0.0000373139002561 0.0722849797378892
0.0000452777657713 0.0359478704045932
0.0000501567561443 0.0224673113279928
0.0000509140954491 0.0216278437047904
0.0000478243458873 0.0304949062799262
0.0000424460370689 0.0500359685057179
0.0000372651848382 0.0833527766249684
0.0000351714911938 0.1338605304756305
0.0000391690905094 0.1969772589201598
0.0000527706481889 0.2355019772340141
0.0000791767752702 0.1893697813852475
0.0001189048017820 0.1201178355214461
0.0001676124068503 0.0676091226151681
0.0002137603069688 0.0391943944527389
0.0002419939882744 0.0314415279983935
0.0002414945670227 0.0427613663270511
0.0002123278189116 0.0767779186924496
0.0001656303963700 0.1390361735085348
0.0001186559482328 0.2235470517512214
0.0000898734845567 0.2885068396961317
0.0000958874374340 0.2646357365407661
0.0001470780969928 0.2043050104757205
0.0002455826251608 0.1362578724255583
0.0003816026337708 0.0806866365528335
0.0005316378839433 0.0439407535611628
0.0006631600294166 0.0232285218665459
0.0007444792146847 0.0135807530450119
0.0007551248684330 0.0115677147818246
0.0006923369690352 0.0164970548420731
0.0005718333912356 0.0307387043354932
0.0004227496180603 0.0596135551577648
0.0002778134041387 0.1094908679238504
0.0001622077682145 0.1807513833758178
0.0000869009775077 0.2533122172026211
0.0000498700363096 0.2772917867529088
0.0000411982886207 0.1975096475929347
0.0000512590787655 0.1153757993396325
0.0000681530546904 0.0613055602148307
0.0000848803755734 0.0321308578289892
0.0000952503269224 0.0208716907091763
0.0000952197853536 0.0250132959502507
0.0000841782000748 0.0515134675841612
0.0000652317631550 0.1253834568956964
0.0000440352333937 0.3071747665704361
0.0000262115578770 0.7141536687704250
0.0000143707471997 1.4771221781570878
0.0000084922811696 2.3368121363940610
0.0000089192335849 1.4769264653453449
0.0000139322988703 0.7140642094964437
0.0000219381301952 0.3076917055042881
0.0000314677157442 0.1271211743318802
0.0000400456587071 0.0552027133130683
0.0000454274134928 0.0315401298573901
0.0000466186302214 0.0308364569851799
0.0000442333747260 0.0435947696852756
0.0000402608708004 0.0642433712563698
0.0000375199620833 0.0842359423150156
0.0000389690537845 0.0943956624850741
0.0000470226539917 0.1000189369513315
0.0000635139294890 0.0979415741888153
0.0000891972000138 0.0784117779747940
0.0001222313292355 0.0538178964675713
0.0001570494273503 0.0355758771460755
0.0001844082707445 0.0287861425167226
0.0001945604112295 0.0377682039139115
0.0001825840794491 0.0725711206031210
0.0001519219069863 0.1541713152815316
0.0001129853440654 0.3125218171841117
0.0000782071354550 0.5533027763682721
0.0000616613187218 0.7501005383868260
0.0000804709457541 0.5665216261041484
0.0001443104502746 0.3334448998118594
0.0002564237218588 0.1739504531735790
0.0004068585975428 0.0852965873267410
0.0005679944296118 0.0408241346423303
0.0007030402472555 0.0202808908427701
0.0007788909467721 0.0125197525643945
0.0007767558105842 0.0130041246743987
0.0006977126236855 0.0220361192328275
0.0005624018742656 0.0443241060447659
0.0004044087510967 0.0885997045969908
0.0002581967702314 0.1634073879897798
0.0001467825207896 0.2615366809072026
0.0000775084883086 0.3316478065834461
0.0000461216633086 0.2892911828916571
0.0000326933539992 0.3681828950499702
0.0000452860346587 0.1847784291258345
0.0000629762365454 0.0865734846927106
0.0000794165430599 0.0412018112637577
0.0000886203109123 0.0258415845507040
0.0000868962354286 0.0330888808156632
0.0000742364253709 0.0745335561065186
0.0000544431769102 0.1984298712721733
0.0000336560566554 0.5443979129161626
0.0000178090412081 1.4777678783821819
0.0000089890058698 3.7893234681823800
0.0000048564213179 7.9944439768005999
0.0000049431492807 3.7886535885826533
0.0000087540240741 1.4768361634064373
0.0000156409151647 0.5441153569028587
0.0000243860502115 0.2003876414915106
0.0000323442039253 0.0813546962697664
0.0000371930485031 0.0491378718715011
0.0000380233714264 0.0573619465978910
0.0000357074157871 0.0923447798066290
0.0000325026558367 0.1433013376886747
0.0000314356487924 0.1791434680424158
0.0000354476378933 0.1538182015645857
0.0000461924609675 0.1107273923391680
0.0000639550483440 0.0757035334601681
0.0000876122134274 0.0508268246335544
0.0001139747820347 0.0348408548627448
0.0001375376863331 0.0274810818408534
0.0001512764869410 0.0311745288418225
0.0001492693012848 0.0558127980607067
0.0001303923913813 0.1279404405760485
0.0001002603298829 0.3088103582102948
0.0000686749649438 0.7159751911965889
0.0000435774403647 1.4802706242501167
0.0000350109853793 2.3421235854910170
0.0000593168077525 1.4843492769639652
0.0001253337261950 0.7222845915967682
0.0002415374789891 0.3144510815421431
0.0003996863867503 0.1305395091824826
0.0005678206346926 0.0539299365052061
0.0007043510073464 0.0240011225586220
0.0007739528970665 0.0148132922016312
0.0007589390800901 0.0179796699394703
0.0006641916321607 0.0355301314073175
0.0005159099783131 0.0795792400582018
0.0003531514506107 0.1751730202147403
0.0002123459101912 0.3571039619741901
0.0001121361781568 0.6317069549683676
0.0000535500433554 0.8540148053384354
0.0000316001419087 0.6399592619128499
0.0000223496594301 0.8186410133824535
0.0000362945939584 0.3537116393609694
0.0000544484514039 0.1455081427376790
0.0000708562948632 0.0613680646417989
0.0000795766941097 0.0339385870495731
0.0000772410506668 0.0399506389065169
0.0000643959545062 0.0895452413770178
0.0000452534933651 0.2477683309779912
0.0000257961174853 0.7385781450388013
0.0000119232597743 2.3409509561660284
0.0000054627844730 7.9972955796413903
118.3005066842281252 30.0574728601108170
0.0000025544124052 7.9950788241053132
0.0000051264671952 2.3373458822360047
0.0000106247459858 0.7356447383447782
0.0000178789406515 0.2493173645975307
0.0000242596014948 0.1020051394295333
0.0000276956895588 0.0753863797686195
0.0000275158433513 0.1144434832323464
0.0000247829071815 0.2174218025760955
0.0000217133409205 0.3807354180434406
0.0000212767020547 0.5143241272174698
0.0000264138227698 0.3847824481687687
0.0000378669549209 0.2240418749277838
0.0000548832346025 0.1189465989741419
0.0000753721666015 0.0650745529767880
0.0000957158527860 0.0419436655162897
0.0001111273493832 0.0356514081979726
0.0001165258596158 0.0436138425292091
0.0001085046198809 0.0820051851081084
0.0000879878395743 0.2023570331770219
0.0000612669216080 0.5458562819938541
0.0000376697836999 1.4782174365333607
0.0000226429821031 3.7899534412178677
0.0000219895798319 7.9959386694647971
0.0000451950630652 3.7907969536764714
0.0001028301553931 1.4790498545720383
0.0002155795895203 0.5451992946898822
0.0003750081615088 0.1985455993836905
0.0005442479850548 0.0736114646543639
0.0006783252018983 0.0301480254043189
0.0007401994318659 0.0186510907064876
0.0007131661271667 0.0256533241201778
0.0006055340540662 0.0572687166310631
0.0004487036463503 0.1422562773910454
0.0002869465390615 0.3501637286962968
0.0001586634381447 0.8149875271982198
0.0000765078594231 1.6857651224248424
0.0000306808747787 2.6667254473733388
0.0000165829510882 1.6882924038469411
0.0000151047960148 1.6830233410736990
0.0000287614639159 0.6196004380986819
0.0000467448250499 0.2258268887425103
0.0000626960048335 0.0861078761185858
0.0000707969359598 0.0424368749797122
0.0000681756571185 0.0430869301414135
0.0000559575526358 0.0853954033323334
0.0000384987572255 0.2122338384110558
0.0000213966793974 0.5597455496130713
0.0000093099633786 1.4911125029835506
0.0000034998811612 3.7987721881163825
0.0000013149330568 8.0002162378902870
0.0000014919399070 3.7919672141439498
0.0000035769765044 1.4791779462672925
0.0000077641664443 0.5474361432213328
0.0000130735742555 0.2085281249317180
0.0000174046234433 0.1039372386944413
0.0000190718917972 0.1113109645730526
0.0000177806252304 0.2220132305751579
0.0000147394810395 0.4995551548106461
0.0000117544913059 1.0286043190333238
0.0000113082447297 1.6269352092653606
0.0000163621323673 1.0316974043408653
0.0000263983658102 0.5057081132480743
0.0000406060034644 0.2298477042315216
0.0000569020049871 0.1135659590951920
0.0000719158580168 0.0740377385413977
0.0000819047724808 0.0650866176354110
0.0000834010267475 0.0691003479525324
0.0000745142944509 0.1081154404769184
0.0000566998989625 0.2558852472658513
0.0000352035477047 0.7398434330382317
0.0000180649192661 2.3393123051535016
0.0000099525998316 7.9954510541005286
118.3050060140485442 30.0570721226443140
0.0000387859346097 7.9947270918507227
0.0000881888792205 2.3368941175795315
0.0001954061527278 0.7337059223235448
0.0003509579574583 0.2429333102047708
0.0005139420249076 0.0847874055563452
0.0006398158713243 0.0336727325536042
0.0006919988372609 0.0217647586328402
0.0006552528433866 0.0335224385494327
0.0005402949046149 0.0821849874959273
0.0003814812067875 0.2237365435571755
0.0002252775394949 0.6180665716986596
0.0001127571944662 1.6817407425239723
0.0000525857527151 4.3153752336421514
0.0000196364396592 9.1056172535530120
0.0000088078050524 4.3161811460284820
0.0000137544044251 2.6607422050124656
0.0000266412727322 0.8354300879404642
0.0000438063471221 0.2778699362308055
0.0000580899719661 0.1008344537573770
0.0000643042339308 0.0489660989974839
0.0000605273156692 0.0475692636859948
0.0000486653220513 0.0820430544284085
0.0000330814035690 0.1682135406393047
0.0000185585680312 0.3567798352493372
0.0000084392484573 0.7560914578800466
0.0000032448232109 1.5052562801970888
0.0000013959640472 2.3529161415890814
0.0000017570750335 1.4853854514844613
0.0000035547157821 0.7191456209531299
0.0000065862633762 0.3138235030615514
0.0000100723691751 0.1419345146563169
0.0000124650961490 0.0978204890828751
0.0000126083174536 0.1551943882904261
0.0000105853978797 0.3847350872360066
0.0000077121071289 1.0297201938247444
0.0000055519131247 2.6357861027212843
0.0000057339916177 5.5600441862885912
0.0000091211721486 2.6410462226435132
0.0000157716234958 1.0429238230340863
0.0000258707126877 0.4109697686939919
0.0000374362911042 0.1988018742964887
0.0000476933828590 0.1495066911350359
0.0000541370617970 0.1465462324733523
0.0000545950348744 0.1285873264634083
0.0000480833708965 0.1335003302536529
0.0000357043177446 0.2290513617186343
0.0000211705193628 0.5581485639156065
0.0000098372733411 1.4831139785419667
0.0000050691226099 3.7911864168495311
0.0000130437649065 7.9952699357210850
0.0000388486337300 3.7891032415895762
0.0000913703165827 1.4769606829932636
0.0001941290765205 0.5432888303546949
0.0003380705844939 0.1972125684052559
0.0004870939712589 0.0731086762887980
0.0005988731254043 0.0309046210017384
0.0006401323631450 0.0221575908843179
0.0005979222505195 0.0372318708532414
0.0004837450656279 0.0957548299818989
0.0003311676837741 0.2757226760885115
0.0001836362122052 0.8344386557076567
0.0000842766360459 2.6601977363944140
0.0000391228787867 9.1038501630457471
134.7346723817547343 34.2301121698325161
0.0000082427318500 9.1041260360486316
0.0000220605875267 1.6812173664528176
0.0000342597180476 0.6189383562048774
0.0000487750011999 0.2272156938583147
0.0000591436925595 0.0911612945474964
0.0000611236410305 0.0539129903922420
0.0000542973474238 0.0636770865937471
0.0000416259750110 0.1089780334312033
0.0000273962211962 0.1899711228174232
0.0000152415690600 0.2998276498689214
0.0000071641258262 0.4273029396461286
0.0000031293600189 0.6185074736862961
0.0000018924593961 0.7737363113588199
0.0000024060649669 0.5629060615350011
0.0000039808706759 0.3173415798399266
0.0000062027968236 0.1605949168240049
0.0000083353532016 0.0894885193022791
0.0000093284401015 0.0880210069205714
0.0000085377898200 0.1820901516536523
0.0000062591597526 0.5167360994034152
0.0000036385489513 1.6285202292616667
0.0000021742791213 5.5605686991411325
82.2228226249966951 20.8964748738011465
0.0000038433726054 5.5705684035395109
0.0000073450158008 1.6568810990385148
0.0000138110345457 0.5832459185127304
0.0000210134763044 0.3199225032985739
0.0000271665759348 0.3280908095016213
0.0000311203524031 0.3894863150436066
0.0000317816662411 0.2937254546717416
0.0000287195306678 0.2016925659938070
0.0000224791873373 0.1976872474257956
0.0000150392745432 0.3387294270432108
0.0000095305892434 0.7269667303487102
0.0000083526628957 1.4822294585515650
0.0000180179409210 2.3392521848432359
0.0000479339002202 1.4786468771978627
0.0001062100424166 0.7154567771330219
0.0002039343694190 0.3083464332140758
0.0003324594130621 0.1263312013558215
0.0004616992896349 0.0520596250952579
0.0005555986009698 0.0248735281330659
0.0005866412951991 0.0201277308834871
0.0005447949441997 0.0340146065269990
0.0004407420248350 0.0830590143300697
0.0003038803612960 0.2242921986388513
0.0001729307014374 0.6180101305345227
0.0000822281358067 1.6809520658855055
0.0000385670488172 4.3138478548950907
0.0000197628882997 9.1035156318251733
0.0000157660297160 4.3139177301004441
0.0000424604245862 0.8125276061883181
0.0000532555373246 0.3508112131225455
0.0000628938712508 0.1480580743699390
0.0000663598764748 0.0737743889796779
0.0000613003323092 0.0656872225569029
0.0000492863187791 0.1078595134245566
0.0000344975135748 0.2091485489963039
0.0000209937120202 0.3728036975899606
0.0000109157680499 0.5250672413365502
0.0000050550999988 0.4620819354987683
0.0000026427663874 0.3862421211674042
0.0000022384723797 0.3343548181940283
0.0000029987918686 0.2380678867607497
0.0000044189127771 0.1440584924495994
0.0000060512998749 0.0823142064047335
0.0000072818222596 0.0568821469594357
0.0000074609783704 0.0706945182596103
0.0000063208798286 0.1504893476452152
0.0000042487066841 0.3883297826124408
0.0000021365007918 1.0355802266311174
0.0000008710280439 2.6420884658842372
0.0000005290571966 5.5684763696155715
0.0000010519336836 2.6584640029767450
0.0000028666137254 1.0876669949071438
0.0000061972691612 0.5284421929389539
0.0000097535608863 0.4894497602847638
0.0000126475722618 0.7815071094262283
0.0000146300845794 1.1790334414603301
0.0000158846897006 0.7488245592355608
0.0000157585766873 0.3835175434887651
0.0000146209063452 0.2189407841672389
0.0000130477115919 0.2108385540315890
0.0000126831714445 0.3307770667426825
0.0000161859846494 0.5537874973676150
0.0000294860411635 0.7401777478312771
0.0000619182512670 0.5494171556968140
0.0001211573568587 0.3132250015626146
0.0002109019583782 0.1564182107460758
0.0003211576614070 0.0736421874587102
0.0004277651332663 0.0354359165685722
0.0005028472212307 0.0206165317232611
0.0005258020457286 0.0188972695421576
0.0004898744018615 0.0290073958720556
0.0004041261797494 0.0607086928158658
0.0002915321243976 0.1443091486757187
0.0001823540261994 0.3501770866383769
0.0001020264396370 0.8126644281812622
0.0000565150840747 1.6810349314371498
0.0000363976676909 2.6600077480845075
0.0000346235806699 1.6808742435921440
0.0000782883701931 0.3497149928254919
0.0000840077177819 0.1744804958220328
0.0000852565988136 0.0884177661649617
0.0000786852918378 0.0638866444512207
0.0000642860264092 0.0928154208706994
0.0000456352118534 0.2007251389810163
0.0000279844857128 0.4560602859037663
0.0000149391473096 0.9398079198636999
0.0000064623320985 1.4906127691175350
0.0000026369034278 0.9717941834850454
0.0000018487998357 0.5162658000185522
0.0000022386333274 0.2737273836606560
0.0000032671224537 0.1490180365088672
0.0000045786710572 0.0825642671939659
0.0000057814135574 0.0500284116566381
0.0000064357166674 0.0419046482684197
0.0000062012938495 0.0580710346751412
0.0000050538890402 0.1113250614666748
0.0000033845121014 0.2388399551554321
0.0000018411424349 0.5189656930060011
0.0000009128583325 1.0458303683587238
0.0000006209191321 1.6453830508801321
0.0000008667505157 1.0656213650274708
0.0000015777956852 0.5945499946865929
0.0000027114495004 0.4818433409292629
0.0000037961622083 0.8173674451178423
0.0000047791545272 1.9109500647465094
0.0000060643082993 3.9753375245347216
0.0000071186805808 1.8878311604292290
0.0000085100585213 0.7481134161768299
0.0000106788115098 0.3026461242464589
0.0000132095935728 0.1657358771976794
0.0000169252729582 0.1622893313554839
0.0000243013417806 0.2157543020219013
0.0000403453373713 0.2584229812273666
0.0000723636674309 0.2149801295728042
0.0001265017385852 0.1446961999598578
0.0002032255930328 0.0866280739545625
0.0002926683955060 0.0496434955934895
0.0003760763047960 0.0303530461940307
0.0004332386362658 0.0232795079294732
0.0004502716773043 0.0241111196279480
0.0004238821659089 0.0308345493627639
0.0003616710227545 0.0466865761549196
0.0002796636514618 0.0860207170163372
0.0001980153074666 0.1756909923179127
0.0001338857771741 0.3510616491843617
0.0000937552035197 0.6186478025478067
0.0000749770443810 0.8346688859497911
0.0000729583447971 0.6179403560764104
0.0001267571848312 0.1435440179266011
0.0001228358987655 0.0833625292456151
0.0001121430736049 0.0555627810049401
0.0000934981606054 0.0643312145388852
0.0000690683185790 0.1337004389396177
0.0000437570362313 0.3468355968744062
0.0000232128476280 0.9305879912921281
0.0000109269058194 2.3795504974776152
0.0000039816871663 5.0163965123861622
0.0000011172354530 2.3900139195747814
0.0000012651761844 0.9495667924732849
0.0000020837617264 0.3689975405336423
0.0000032338435079 0.1507276896890221
0.0000044026985365 0.0697112608536044
0.0000052557684776 0.0433520069018014
0.0000055164122064 0.0445337798218294
0.0000050717344623 0.0664234011292447
0.0000040430990281 0.1092191238284446
0.0000027735869073 0.1755762273714248
0.0000016988177975 0.2745785294980614
0.0000011084021928 0.4227194679160011
0.0000010134464649 0.5469955888249993
0.0000012369602084 0.4297147917524612
0.0000015422327529 0.3376196635698790
0.0000017345346419 0.4688563032466370
0.0000016380741600 1.2045937248486049
0.0000016123338755 3.9805425342136602
58.6057296369947451 14.8988862626167577
0.0000033113839826 3.9668817675157340
0.0000054697340236 1.1665662126876573
0.0000092821061510 0.3804301726869781
0.0000138160102300 0.1528925005133235
0.0000194942130586 0.0991639633940945
0.0000281394055386 0.1042497793749598
0.0000434696954131 0.1211626139546016
0.0000708812538566 0.1222834150668632
0.0001149650885380 0.1084991477113137
0.0001752573787539 0.0821406641971606
0.0002432021174096 0.0572458248613267
0.0003045790888801 0.0429595287892672
0.0003454213088089 0.0408027988871622
0.0003577277777177 0.0470100160901584
0.0003417873082696 0.0538639864292420
0.0003046858546504 0.0554379858699565
0.0002567517726097 0.0630829088149748
0.0002087989999271 0.0909606983125073
0.0001698276650953 0.1481531525655255
0.0001442698727333 0.2263806192702658
0.0001315929715817 0.2766871650912959
0.0001277733690850 0.2243774450558128
0.0001773189913474 0.0601162241118285
0.0001611801069185 0.0430791666777406
0.0001370504322082 0.0415678859095787
0.0001065811910978 0.0683934755643842
0.0000736786464339 0.1644365114144077
0.0000434441363652 0.4691125684500520
0.0000205929696673 1.4704706794004305
0.0000089232780978 5.0109625270750229
74.0578402019622928 18.8218338885342966
0.0000006417205050 5.0123273818561609
0.0000010524888274 1.4725621180345319
0.0000019786791173 0.4709660716214616
0.0000030704077315 0.1659087373827234
0.0000040106132402 0.0719073334388526
0.0000045195929940 0.0524802376730941
0.0000044605118316 0.0709820822282372
0.0000038863911574 0.1202868884431166
0.0000030003793756 0.1927661942645978
0.0000020872752862 0.2552407446524009
0.0000014475691725 0.2556304957789576
0.0000012543396486 0.2461938243687587
0.0000014738140603 0.2371625140378370
0.0000018925715365 0.1983383144087216
0.0000022117394324 0.1949772465482241
0.0000022057184616 0.3202252289343006
0.0000018393324323 0.7562068362085129
0.0000013876790963 1.8883014766209434
0.0000015290170227 3.9660162599752700
0.0000027078743237 1.8811419211709217
0.0000052418825180 0.7374054028263521
0.0000091059980825 0.2800372175557739
0.0000137157020094 0.1191175106695171
0.0000190328034123 0.0763667764507716
0.0000260622012177 0.0851367845179963
0.0000372373096767 0.1208073535154011
0.0000564977036766 0.1666920139054192
0.0000879336842790 0.1932386873072403
0.0001312012151877 0.1581211946383971
0.0001790186473420 0.1111957030286860
0.0002207006222946 0.0860338348503152
0.0002470506388007 0.0903547849421823
0.0002548045882439 0.1158475515520969
0.0002476438094124 0.1356312569828551
0.0002332339725524 0.1131933635870804
0.0002184553747572 0.0826881043831588
0.0002065658054457 0.0676265165136573
0.0001984856267855 0.0721610019057641
0.0001937149940787 0.0882467671331683
0.0001905644960428 0.0978582035050439
0.0001862306530315 0.0835681662388695
0.0002180451623189 0.0301774619071270
0.0001892738306452 0.0301557069334425
0.0001525480762673 0.0406390563466767
0.0001126359998175 0.0715031349527434
0.0000745425997781 0.1508872074907026
0.0000426464928732 0.3637694335029966
0.0000200514883087 0.9416742364309856
0.0000078770097061 2.3829797072293672
0.0000023601248523 5.0117659169346993
0.0000008072723903 2.3772600285680987
0.0000012673082588 0.9299596616869553
0.0000020887970755 0.3473630790845703
0.0000029695580287 0.1359400296551770
0.0000035861633254 0.0714318938432877
0.0000037247805877 0.0761543163301311
0.0000033751627603 0.1376040624833981
0.0000027099809771 0.2712580919533679
0.0000019579348177 0.4790807964799176
0.0000013288822847 0.6522287336992434
0.0000010664311245 0.5021383136347769
0.0000012788930316 0.3154560661602654
0.0000019095667002 0.1942841592618383
0.0000027217294987 0.1298357029873002
0.0000033505372202 0.1187013224282221
0.0000035251302248 0.1810847755445608
0.0000032521746157 0.3679156476523520
0.0000028407797336 0.7387502711417450
0.0000028425959543 1.1617705574538097
0.0000039507178094 0.7354130070888313
0.0000061703260023 0.3592793135637675
0.0000092893407405 0.1632236018593027
0.0000127302158200 0.0862754468165830
0.0000161271815807 0.0783936347726759
0.0000198428082436 0.1242297657138268
0.0000253167741709 0.2310017743972770
0.0000354593324307 0.3970638536853576
0.0000546481424879 0.5327765972833448
0.0000830491004688 0.4038745325253898
0.0001136360049172 0.2543643509898711
0.0001388301546943 0.1853967780063156
0.0001530656105203 0.2087969776388729
0.0001562187702282 0.3059408278188831
0.0001544770949154 0.3949593803924105
0.0001572700531450 0.2919329173457182
0.0001698820546083 0.1692768561900581
0.0001906465794066 0.0920750100557394
0.0002134202076406 0.0565404024546373
0.0002313881873877 0.0446021908365458
0.0002395760752720 0.0405614853139779
0.0002353295197639 0.0352665330682120
0.0002408717958934 0.0250869872798605
0.0002001658063604 0.0366552436776134
0.0001530751930890 0.0597847840446260
0.0001073045073731 0.0974599979146124
0.0000681612103351 0.1546371019902638
0.0000383241084996 0.2571230655205201
0.0000184297279025 0.4911327470259508
0.0000074943196202 0.9505023590458537
0.0000026823777566 1.4767866960773723
0.0000015267068175 0.9322629754005664
0.0000018237518199 0.4526184532887051
0.0000024509108808 0.1999497195307167
0.0000030290583302 0.0949937477931583
0.0000032666955580 0.0731537006730776
0.0000030369700668 0.1192509198918620
0.0000024394331247 0.2696217966140588
0.0000017285963135 0.6193156924347251
0.0000011151250072 1.2791491965648865
0.0000007015564164 2.0246831104456429
0.0000007143534198 1.2873757608444105
0.0000012574921458 0.6346630654406035
0.0000023269192893 0.2889646320282349
0.0000036614953961 0.1378517457083956
0.0000047854245333 0.0876051948781975
0.0000053364775194 0.0985781812409142
0.0000052932413458 0.1635342859445537
0.0000049933591935 0.2757641816536198
0.0000049933410247 0.3686759943389405
0.0000057941948616 0.2748723728448362
0.0000074235301894 0.1603489338757715
0.0000094795425304 0.0905156232779491
0.0000113198197916 0.0706276433833253
0.0000124625046201 0.1050773745844072
0.0000129944131352 0.2265937649512624
0.0000138141866139 0.5128791968584703
0.0000168127338048 1.0548091575771006
0.0000265816132706 1.6696442778614182
0.0000437886112161 1.0740138945745821
0.0000607118645198 0.5712208204012610
0.0000735069349880 0.3776255559381587
0.0000791599071710 0.4621152718646585
0.0000785627965937 0.8099240710010877
0.0000783890549617 1.2411213739524074
0.0000926741175166 0.7820558954612173
0.0001233583813878 0.3794883079519254
0.0001683668825076 0.1667032703346305
0.0002163971668807 0.0736074591100035
0.0002540652949931 0.0373843943705571
0.0002720236427056 0.0247929879786754
0.0002669132028870 0.0217431469154153
0.0002441090450311 0.0365695147715871
0.0001924026766592 0.0680077425847015
0.0001377874951478 0.1239851089217600
0.0000901072586789 0.2012457429436041
0.0000538223546531 0.2676336305593566
0.0000293455807211 0.2760311259649646
0.0000145718526200 0.3063449004216935
0.0000067119040872 0.4016101667447938
0.0000033228011643 0.4894093954360447
0.0000024300574169 0.3546547265837667
0.0000025679759362 0.2009211584697610
0.0000029631653727 0.1047718351344398
0.0000032203867815 0.0659221675321516
0.0000031035037336 0.0800881480408623
0.0000025705210685 0.1773211927914894
0.0000017933005730 0.4719356171071077
0.0000010719357953 1.2765480628030859
0.0000006158936274 3.2726667490625108
0.0000004097996467 6.9046636934070111
0.0000005772548853 3.2753951892534072
0.0000013353305406 1.2815181623875769
0.0000028412815061 0.4780216490804182
0.0000047179104612 0.1828487889922709
0.0000063428492855 0.0828889058300415
0.0000072583981584 0.0606603229365827
0.0000074087184507 0.0754075671100903
0.0000071433602664 0.1078555362966569
0.0000070099415136 0.1309685704995886
0.0000074362282375 0.1099181740382677
0.0000084047741354 0.0770690324615925
0.0000094662112179 0.0583668213314045
0.0000099836096052 0.0712564763356776
0.0000095042870460 0.1497576093630135
0.0000081229482398 0.3907688269313214
0.0000066754503434 1.0519793522918974
0.0000066652871785 2.6944479983531493
0.0000119043245972 5.6866054926586020
0.0000197872443953 2.7252877003655116
0.0000264820175456 1.1500340589373863
0.0000317443617788 0.6693147030477185
0.0000331394947328 0.9141511614039557
0.0000323216407810 2.0403821084436533
0.0000367811805268 4.2186253563348464
0.0000535130690711 1.9976567582576208
0.0000910246237914 0.7792699787273237
0.0001507148867493 0.2881468359997903
0.0002153445008255 0.1071497559535842
0.0002658860246629 0.0436141283200766
0.0002888321940929 0.0239492512041406
0.0002799607124570 0.0232486627800414
0.0002322771581568 0.0662102002871373
0.0001707195805564 0.1425968196063797
0.0001118190052144 0.2907215495517919
0.0000659626227838 0.5170431580287521
0.0000349609645577 0.7061925509018808
0.0000175985660664 0.5490219254623346
0.0000091421377310 0.3629359647114738
0.0000050788733416 0.2617895221442535
0.0000034158103487 0.2139952684469335
0.0000030452849303 0.1506799999049979
0.0000032057012931 0.0925592594299505
0.0000034317774359 0.0570632759474054
0.0000034351447596 0.0497534796445764
0.0000030686209752 0.0840400133310649
0.0000023584978820 0.2153283153749394
0.0000014966209098 0.6361854172812100
0.0000007811877514 2.0188226453373317
0.0000004482921020 6.9029763417904055
102.1389698748732542 25.9505815306294814
0.0000009568404629 6.9034218468250108
0.0000018742712945 2.0195108327947113
0.0000037378366315 0.6367735704642477
0.0000060062593667 0.2154758078623372
0.0000079017990717 0.0833222733032878
0.0000089147707691 0.0464179339255424
0.0000089992060744 0.0449786384534462
0.0000085467169356 0.0571288639024418
0.0000081235900886 0.0683849831556097
0.0000081442577304 0.0666721454671063
0.0000086027164456 0.0567011971256013
0.0000090766388099 0.0529816607896045
0.0000089690467194 0.0775186445210417
0.0000078617948136 0.1816751889012019
0.0000058481622975 0.5255074509170835
0.0000036828898823 1.6618033366317344
0.0000027790134316 5.6788649421491764
83.9507988639012837 21.3436889940827541
0.0000064702020691 5.7157896393111471
0.0000085442565680 1.7843299331434792
0.0000110085449735 0.9047409205582453
0.0000106399460820 1.3989402641768698
0.0000100603954675 4.2592602509486008
62.1640190279837981 15.8141037774641671
0.0000398099769745 4.2083540356234739
0.0000794936289127 1.2309789638549049
0.0001475238121581 0.3874384126460964
0.0002197729651038 0.1301230579384261
0.0002746741577012 0.0492678077217574
0.0002960477267950 0.0277433844606818
0.0002793649918796 0.0336447698544720
0.0002140888227236 0.1179594809378399
0.0001442556325768 0.2878387878550645
0.0000843052825063 0.6698506095241457
0.0000437319827980 1.3869845028216166
0.0000187910004873 2.1972347286192533
0.0000075295528018 1.3999390360160009
0.0000043900595128 0.6975189277510809
0.0000032839288061 0.3304040189493746
0.0000030729995675 0.1680958572114696
0.0000032716513119 0.0921886202318437
0.0000035524336370 0.0541288108793644
0.0000036895546877 0.0382280146785999
0.0000035429926340 0.0417378998887541
0.0000030695600600 0.0750264546510004
0.0000023437966141 0.1790922836119621
0.0000015492402104 0.4748394657349499
0.0000009295758595 1.2784050722645088
0.0000006704136680 3.2728188221455561
0.0000010237574789 6.9029068093188419
0.0000018884084979 3.2716289680840323
0.0000032289138980 1.2758406446804542
0.0000053328370800 0.4708554313541413
0.0000076656488218 0.1744268891634010
0.0000094056597016 0.0718187171374717
0.0000100548712013 0.0431172007705643
0.0000096670241891 0.0459275778692303
0.0000087379415638 0.0644145945907421
0.0000078894104848 0.0871454061527417
0.0000075592449843 0.0983464759583176
0.0000077929144292 0.0867727205639981
0.0000082282699948 0.0723107387704015
0.0000083076277025 0.0816694979580136
0.0000075681457725 0.1555843785389747
0.0000059793574029 0.3932881841145174
0.0000041261380418 1.0526775278386904
0.0000028666347956 2.6944371640406670
0.0000023566508732 5.6865924531230245
0.0000025828910992 2.7256915482129012
0.0000039461987215 1.1510973656458994
0.0000054760790347 0.6711297141758071
0.0000055173801227 0.9165939470407479
0.0000057375708863 2.0430470591767684
0.0000177758759424 4.2209351960272921
0.0000464169075636 1.9991632282877638
0.0000937622298035 0.7797869759394421
0.0001631248628266 0.2877784556238182
0.0002354133318233 0.1064973395635081
0.0002870640473596 0.0445283093544728
0.0003008971869868 0.0314988899701301
0.0002730711237566 0.0506850268126271
0.0001993975592752 0.1848044821794457
0.0001228070434869 0.5086146600359761
0.0000629803514636 1.3836164945681226
0.0000298563040927 3.5507678104860116
0.0000110623160613 7.4930792320883732
0.0000026343044782 3.5559399182134479
0.0000019100866189 1.3943254724459662
0.0000021651841852 0.5246188955176669
0.0000027280176894 0.2038909029386057
0.0000032652610567 0.0880359492214651
0.0000036018773813 0.0476644979509970
0.0000036588786529 0.0382058530520807
0.0000034317823371 0.0456773100507923
0.0000029743192592 0.0702583658231987
0.0000023934312804 0.1302644616920900
0.0000018381925253 0.2805132067565118
0.0000014769419525 0.6255449252455753
0.0000014506485347 1.2798092347958190
0.0000020648197671 2.0195119075539840
0.0000034704729425 1.2759772316776088
0.0000053774029611 0.6172053237604692
0.0000076472202194 0.2672296223620023
0.0000096994433938 0.1139747747408957
0.0000107934826912 0.0582152743392115
0.0000105913282108 0.0514090697025970
0.0000093540515006 0.0771153422388428
0.0000077402852973 0.1318603250395006
0.0000064279588369 0.2045714105062422
0.0000058608155083 0.2511330771853813
0.0000061407044854 0.2064958877176845
0.0000069974878065 0.1401199989928406
0.0000079494819148 0.1029240616928450
0.0000084279213256 0.1212811643676667
0.0000080746562037 0.2326683007411749
0.0000070787305067 0.5138650233688703
0.0000059485696280 1.0540752849513353
0.0000050833077796 1.6691984807333378
0.0000052092250192 1.0750044776950212
0.0000061887268999 0.5743468568597442
0.0000076380150930 0.3832276373273407
0.0000094494669342 0.4698840690023952
0.0000138959400154 0.8185294906320739
0.0000297000156634 1.2485232986025503
0.0000656631661247 0.7867712670880231
0.0001208013299849 0.3809325819558148
0.0001914433538216 0.1649819350092123
0.0002602246692343 0.0697751821499129
0.0003045680477730 0.0350320938350502
0.0003082943164776 0.0341752135260386
0.0002689559871555 0.0699923039521844
0.0001961187860235 0.2272149778521329
0.0001149023983426 0.6866704802666197
0.0000542232082425 2.1887977169389408
0.0000251166974354 7.4901939989580573
110.8420645283288479 28.1615898112156984
0.0000013120377960 7.4924272185320984
0.0000012799074321 2.1935782320235533
0.0000019338959291 0.6944836038044842
0.0000027011214164 0.2387052196822928
0.0000032447144510 0.0964335908861021
0.0000034506492107 0.0579481945727291
0.0000033472604354 0.0594552314555532
0.0000030429869950 0.0781803131067358
0.0000026683855310 0.1003199853122810
0.0000023570639568 0.1214555795310401
0.0000022307519918 0.1719151642270960
0.0000024003279545 0.2889959762290926
0.0000029868511807 0.4811702170123247
0.0000041930590459 0.6388660411468027
0.0000060896412470 0.4715369747008893
0.0000083491573177 0.2669728038029011
0.0000105208503998 0.1341029411621300
0.0000119300605429 0.0699897325346072
0.0000119850213262 0.0538601064746811
0.0000106100772704 0.0785841891263348
0.0000083489125795 0.1563681535660095
0.0000060508481973 0.3131910624620442
0.0000043776195344 0.5527111205233064
0.0000036843888900 0.7462455008761170
0.0000041749641253 0.5544469980054388
0.0000056776539805 0.3188612982402808
0.0000079229855381 0.1715403785909015
0.0000102646441062 0.1152196268109511
0.0000118373604972 0.1348994634952189
0.0000122167508401 0.2299007272758702
0.0000116134553811 0.3928797121360484
0.0000106337042023 0.5303316366473192
0.0000101307584823 0.4057915443024378
0.0000105710348676 0.2624060332539233
0.0000122305565858 0.2007786597471377
0.0000160985097608 0.2310768096855539
0.0000254588020890 0.3312123144526700
0.0000475657094494 0.4163992199425562
0.0000892187136334 0.3051913003173558
0.0001500199860413 0.1729910039194307
0.0002216928624541 0.0861969666243477
0.0002865781267220 0.0420519941603103
0.0003239642550781 0.0263150938130722
0.0003195365570961 0.0339810841163967
0.0002722394869698 0.0799716480709830
0.0002061131857943 0.1843917130568890
0.0001248600391486 0.5085946981268371
0.0000625307594456 1.3834823959518423
0.0000283557790170 3.5499319917360483
0.0000098995029730 7.4907340850954345
0.0000024962217668 3.5511776803705115
0.0000022730391191 1.3867008282877851
0.0000027281473646 0.5155293536370723
0.0000032182698448 0.1987203806234997
0.0000034016108764 0.0974766969258351
0.0000032269914700 0.0861842001777141
0.0000028319841785 0.1229379895816863
0.0000024060831459 0.1854454312192977
0.0000021157086119 0.2317024553102021
0.0000021151406671 0.2047754227868337
0.0000025270400209 0.1686083610560768
0.0000034307742069 0.1663467584253269
0.0000048656644341 0.1981764610013645
0.0000068455827929 0.2221063507892420
0.0000092377225384 0.1758613954738634
0.0000116445259325 0.1120082533898542
0.0000134634244489 0.0663091545305385
0.0000140227893079 0.0479956722714446
0.0000129191391431 0.0624961822631227
0.0000103545295296 0.1312703916176926
0.0000071611815546 0.3129402536606180
0.0000043883548691 0.7250095928905065
0.0000026098767687 1.4995449596790624
0.0000019452436614 2.3729355446345792
0.0000026311237925 1.5006299527839624
0.0000047231008876 0.7281936244446560
0.0000084083371623 0.3206878700274063
0.0000129923100298 0.1483650604706382
0.0000169494374406 0.0966951370986515
0.0000190949543122 0.1078466483977029
0.0000191816024461 0.1500807682588267
0.0000178190618299 0.1837811504376439
0.0000160944272409 0.1612080362781947
0.0000151257821472 0.1311043832457466
0.0000160394229676 0.1271730962027271
0.0000207581903874 0.1534977751913930
0.0000332363999114 0.1900384161443899
0.0000598995856451 0.1970282810202292
0.0001060224253764 0.1496983606018975
0.0001702706702284 0.0924581391818635
0.0002425733120799 0.0506942853155322
0.0003053003283194 0.0276280497075405
0.0003393353180935 0.0201203915218377
0.0003319827043307 0.0290582830777176
0.0002829559768482 0.0683407459035265
0.0002230784450285 0.1175591665714491
0.0001446342542417 0.2882834821202642
0.0000803379853413 0.6700365850625453
0.0000388055548522 1.3852865940021035
0.0000154927017318 2.1911085812647024
0.0000066484202112 1.3860979344483351
0.0000050699711781 0.6732470800235058
0.0000046973286380 0.2977507370003292
0.0000044091158955 0.1418913487899925
0.0000038462770227 0.1060429358942414
0.0000030479427966 0.1525548795701554
0.0000022502720449 0.2836019610023189
0.0000016603897282 0.4944037105478334
0.0000014091370437 0.6679690807931538
0.0000016669814100 0.5021082528838353
0.0000025567493808 0.3000013591014094
0.0000041635155466 0.1759486878758177
0.0000064319430153 0.1212528507294859
0.0000091508192118 0.0976192267580867
0.0000119777822228 0.0736436876133713
0.0000144045058429 0.0508831160632994
0.0000158088296240 0.0374218177314659
0.0000156189357270 0.0411655498297070
0.0000136077149395 0.0793385178378493
0.0000101708495386 0.2023187097639024
0.0000063125948125 0.5520455334202107
0.0000032659542841 1.4993698803781421
0.0000016444977438 3.8470730831493762
0.0000012019698290 8.1182669831400887
0.0000020117793380 3.8475780901618641
0.0000045686912456 1.5007867735969509
0.0000098303749061 0.5553312675805002
0.0000167755251356 0.2092071666373834
0.0000231175430064 0.0923440938947510
0.0000269298232383 0.0625339422645313
0.0000274371920875 0.0658741766384653
0.0000251488561523 0.0772653472978470
0.0000214437130046 0.0853452753150130
0.0000180331322382 0.1047182531244076
0.0000167725231421 0.1504677472762078
0.0000201594061324 0.2191791382110000
0.0000326253287600 0.2684184293302588
0.0000604089240947 0.2289380703828247
0.0001078183817757 0.1536892207787603
0.0001731327186931 0.0887029264679839
0.0002460248733981 0.0468963919639054
0.0003091478864670 0.0249063199218379
0.0003443131993789 0.0171923953178278
0.0003397379001542 0.0224493424439646
0.0002951652728055 0.0479402700531910
0.0002367112223092 0.0669107084022867
0.0001637869390914 0.1450542118580282
0.0000995396664747 0.2930436826968597
0.0000537751265784 0.5153357712732812
0.0000267438088069 0.6934502322449383
0.0000145038403011 0.5149779494197806
0.0000099196307482 0.2956949536238596
0.0000077734003295 0.1580870998640933
0.0000061720202478 0.1069402772206678
0.0000045605658353 0.1382883143975683
0.0000029991462166 0.2869421908740113
0.0000017736999703 0.6481109849465775
0.0000010358722422 1.3350007371577282
0.0000007934307462 2.1116301114205940
0.0000011954508561 1.3377939059495223
0.0000023452516978 0.6533385234787199
0.0000043988500503 0.2921372476722625
0.0000072428076342 0.1345116940050342
0.0000104596733471 0.0710816060172186
0.0000135234916747 0.0438394995141281
0.0000158799374457 0.0313235866913873
0.0000169963524070 0.0287313045177508
0.0000164526809475 0.0410520807514632
0.0000141325880571 0.0906951969219844
0.0000104577978214 0.2489270928166281
0.0000063888861072 0.7455935388077808
0.0000032987509397 2.3727247786340118
0.0000019534681968 8.1182009772037009
120.1462103513769506 30.5237859330563772
0.0000033927399391 8.1182235264174807
0.0000064920611656 2.3728326324536324
0.0000132115933211 0.7459647656220626
0.0000221784123818 0.2499753669105724
0.0000303041092627 0.0932559892824030
0.0000351010558700 0.0465719699933641
0.0000353530943334 0.0394576206420338
0.0000314769863141 0.0512959896955571
0.0000251489764927 0.0835094016585698
0.0000186618230652 0.1566532205337622
0.0000143594917016 0.3012500970476317
0.0000146907808594 0.5234906224782929
0.0000243655362409 0.7039008491030728
0.0000498742271289 0.5254840842057437
0.0000945851870190 0.3009775393149625
0.0001578493355743 0.1502619948901158
0.0002304585233138 0.0698818358428363
0.0002953686807202 0.0324427878778400
0.0003345721122849 0.0180719958407389
0.0003364666353784 0.0176469917985199
0.0003003119958386 0.0309960448668156
0.0002375270243405 0.0406582473779850
0.0001724501087962 0.0768355937221189
0.0001119256193278 0.1346746040829061
0.0000661501627982 0.2048417814855678
0.0000374481926372 0.2458097609430041
0.0000223722249115 0.1996396295930574
0.0000150480466072 0.1321570008751518
0.0000109780668894 0.0900434253665404
0.0000079948593911 0.0964287254573773
0.0000053655934344 0.1915114185780438
0.0000031062871517 0.4957537366612607
0.0000015156276927 1.3350088427059845
0.0000007158092309 3.4208594746626382
0.0000005159633974 7.2173886806526921
0.0000009082302406 3.4218929029076466
0.0000020358399026 1.3367578915280192
0.0000042153652911 0.4968819687461526
0.0000072417276731 0.1880775970718085
0.0000105425268918 0.0794243452432144
0.0000135173384104 0.0431315235189897
0.0000156824779526 0.0331440042305577
0.0000167017102868 0.0338376735716694
0.0000163518730557 0.0446477359510255
0.0000145571566778 0.0841407945974305
0.0000115759022161 0.2060159002391608
0.0000081431183427 0.5542658544235111
0.0000054067999703 1.5004672174732345
0.0000041159113038 3.8474577692065721
0.0000046922839391 8.1181702390935726
0.0000069701098149 3.8469556932074962
0.0000115296260893 1.4991914939677728
0.0000195914316513 0.5516713877222571
0.0000296578569744 0.2014222971277854
0.0000384836421027 0.0773513794183614
0.0000432022847999 0.0375693012670526
0.0000423836782142 0.0335028231194011
0.0000364315988945 0.0562094388588762
0.0000273232235843 0.1242226736660500
0.0000179179384129 0.2937676763298502
0.0000109598416248 0.6756258314866972
0.0000082334104220 1.3931128529552921
0.0000145365643620 2.2020913869283634
0.0000356676880179 1.3935499081090543
0.0000735396425658 0.6753402875603576
0.0001309120382506 0.2915571070320027
0.0002007704899761 0.1195297385229115
0.0002663493703191 0.0489980970770906
0.0003094436049812 0.0226755796885585
0.0003182174522855 0.0163130507988990
0.0002912782075713 0.0221205466309112
0.0002202730043689 0.0371378564175619
0.0001638440749914 0.0635823967787439
0.0001098736017951 0.0985170773966163
0.0000679370603201 0.1283108155131732
0.0000408809167986 0.1310754659795585
0.0000258040846600 0.1052297694535482
0.0000177153845722 0.0753911800730351
0.0000128279608045 0.0635324322600231
0.0000091552732961 0.0936396009851785
0.0000059899467520 0.2270803341422400
0.0000033409883971 0.6653032204710161
0.0000015364532748 2.1103200410560206
0.0000007216940026 7.2169028653064204
106.7938320828385486 27.1325695561906812
0.0000008910513801 7.2175274269472496
0.0000018508744917 2.1116751694275191
0.0000039012063607 0.6674322498461802
0.0000067034349087 0.2295608962670697
0.0000095962977426 0.0948176893795589
0.0000120614477807 0.0592327646819964
0.0000138273354258 0.0574075874676902
0.0000148594937246 0.0626444528275035
0.0000151999325440 0.0641877459780886
0.0000148171314519 0.0793271485010238
0.0000136854467637 0.1427320607584320
0.0000120105423199 0.3192449963382515
0.0000103721146242 0.7278884041869411
0.0000093384872735 1.5004643761900347
0.0000099765038343 2.3726848185460949
0.0000134315956239 1.4992034524520681
0.0000197131105229 0.7244905152598393
0.0000287170828377 0.3117562932890894
0.0000388207074046 0.1280772947443187
0.0000470375742635 0.0544621139469886
0.0000506444979681 0.0303674357008877
0.0000482592947115 0.0342260384252763
0.0000402919902652 0.0719816541859197
0.0000288894578692 0.1875950076992253
0.0000172858039175 0.5123191118456637
0.0000087076747860 1.3899957079877105
0.0000047422214547 3.5643678846731932
0.0000093631121064 7.5199085702977611
0.0000246021706654 3.5648104437350487
0.0000522961584020 1.3905355877772241
0.0001010452812978 0.5124967915015802
0.0001651445061779 0.1869690429333181
0.0002280102846940 0.0700212270692557
0.0002718588374753 0.0296225326390993
0.0002848589466847 0.0187396304340047
0.0002651210067982 0.0222848884757031
0.0001860323474338 0.0588980337875789
0.0001380104056784 0.1052231894254309
0.0000922362679011 0.1658843870145650
0.0000570084882717 0.2070377609986739
0.0000349228768333 0.1759783402877468
0.0000230116875660 0.1200123727799441
0.0000165869823153 0.0760161288792902
0.0000125031580923 0.0585730209726210
0.0000092126206552 0.0811458066462971
0.0000062274931747 0.1849405542416817
0.0000036684801675 0.4933588340675583
0.0000018758903365 1.3343862381531899
0.0000009838889037 3.4207736599548100
0.0000008324902980 7.2172302937701662
0.0000012483998777 3.4215075867715381
0.0000022061536580 1.3366586020814235
0.0000039285124492 0.4990389741127874
0.0000060784140222 0.1974686247445747
0.0000080802888213 0.1058584165027201
0.0000096095545677 0.1007920098636002
0.0000107159770074 0.1319996369136542
0.0000117275122557 0.1577709829402743
0.0000130309459600 0.1343006817282089
0.0000147696571464 0.1055569221949343
0.0000167000847573 0.1090557037184379
0.0000183182145237 0.1713250456259791
0.0000193593900673 0.3192559296432413
0.0000201022018328 0.5542865076598007
0.0000215846017558 0.7455849573432124
0.0000253478832481 0.5518765782755554
0.0000315738789442 0.3122799616966175
0.0000397409613072 0.1545078191476578
0.0000481846068836 0.0726982923119659
0.0000544599914123 0.0364568926978720
0.0000563400529569 0.0255178816676832
0.0000525870166959 0.0352195551250878
0.0000434668858723 0.0818293469178848
0.0000309522894446 0.2294188970262967
0.0000181996492448 0.6902239766046883
0.0000088096315166 2.1976771210220241
0.0000045348167507 7.5188715118754601
111.2628711241743531 28.2683731513718470
0.0000155972084232 7.5200818556885496
0.0000345976014949 2.1999859709873095
0.0000749638598810 0.6933045710315577
0.0001309427167695 0.2325982269979314
0.0001868072891331 0.0842412116991297
0.0002267671806477 0.0363488983716945
0.0002398312516759 0.0251350992129309
0.0002240000691283 0.0331073371984746
0.0001417124084960 0.1187970342014481
0.0001020462787396 0.2375839379807223
0.0000654505506632 0.4185321526949320
0.0000381512913097 0.5649466128419257
0.0000227946864888 0.4217244196119641
0.0000159106146892 0.2428103844750593
0.0000125892326123 0.1260844861459481
0.0000103835699063 0.0721559304299663
0.0000082846115663 0.0685649101884164
0.0000060813308802 0.1231104845808193
0.0000040167578608 0.2821603117695984
0.0000024679457199 0.6474781399366361
0.0000016299098437 1.3353522385246934
0.0000015682978516 2.1113088394487449
0.0000022349677154 1.3361245145279828
0.0000032891849319 0.6510701342655629
0.0000045860263593 0.2936309138600887
0.0000057918622796 0.1528773384363616
0.0000065426991670 0.1362038378462424
0.0000068475523377 0.2068577127930187
0.0000070985003810 0.3440151261120098
0.0000079499740730 0.4598966684196132
0.0000102135169121 0.3439724282534599
0.0000143829075579 0.2050832798295722
0.0000202887832220 0.1256442218991883
0.0000266751070998 0.1090465963266577
0.0000320621340892 0.1427571015312656
0.0000358286772638 0.2061048575084057
0.0000385359519975 0.2490534525926256
0.0000413982950640 0.2022854665896149
0.0000453233688636 0.1304870800613747
0.0000502436013472 0.0757561802495266
0.0000551589426110 0.0443906949725323
0.0000585189902967 0.0295398750726946
0.0000587189362619 0.0254770589272751
0.0000545868376449 0.0344607935957407
0.0000459662104450 0.0724746499413933
0.0000341788661346 0.1874117135551691
0.0000219210105896 0.5116933139004616
0.0000123927356400 1.3893180287307314
0.0000070840840367 3.5640461855490626
0.0000057323782746 7.5205431313243976
0.0000103120081650 3.5673315913952477
0.0000253640847203 1.3959970829833424
0.0000573377440822 0.5213585203375188
0.0001019749733493 0.1983189214987687
0.0001470400384410 0.0820120091452829
0.0001790996156243 0.0424722753998674
0.0001887408354815 0.0371908316755055
0.0001742271225681 0.0589487000594266
0.0000968573882366 0.2383829863589831
0.0000661862164613 0.5452441479194592
0.0000396739280435 1.1241683774553599
0.0000200255055225 1.7773958897047417
0.0000108511932819 1.1248618198272813
0.0000085836002582 0.5462130050286104
0.0000079977698728 0.2394256140763286
0.0000076155782276 0.1075450869101717
0.0000068526608104 0.0664024898411714
0.0000056598600167 0.0798794070964220
0.0000043347993319 0.1468495019617833
0.0000032895253649 0.2854896667034331
0.0000028358866064 0.4972002401585317
0.0000031342991383 0.6678378733091324
0.0000040798076492 0.4967348543903248
0.0000051893848921 0.2889331914949848
0.0000060116901355 0.1651625974750411
0.0000061552622788 0.1370762926665618
0.0000055311512682 0.2154181894740441
0.0000045661738888 0.4532705967354705
0.0000039380263351 0.9213156688121635
0.0000045090394896 1.4537188288609544
0.0000076075490148 0.9205716291704827
0.0000140555330971 0.4502264883387648
0.0000242950348343 0.2050112348595282
0.0000362448814710 0.1054743596038270
0.0000468131884788 0.0793394654070250
0.0000538809321733 0.0843842557244922
0.0000571278620873 0.0912458624080236
0.0000577030277695 0.0799603759276427
0.0000572161399937 0.0620589537960624
0.0000568273017267 0.0493345085414443
0.0000569058832164 0.0438925443612545
0.0000570416711793 0.0413042363158310
0.0000562316197188 0.0377960505605867
0.0000532355303919 0.0390670516503976
0.0000472392996438 0.0586166034464246
0.0000384698887257 0.1234329287209950
0.0000284683710777 0.2914942575426610
0.0000195147343902 0.6731807346349583
0.0000129428693500 1.3915452540900062
0.0000093313625677 2.2030698286756545
0.0000115422139689 1.4000774855160367
0.0000226372824061 0.6912982690836239
0.0000454337235244 0.3191079585690701
0.0000774852020138 0.1555032308126639
0.0001100394388675 0.0848498255073737
0.0001326347516257 0.0565934098528573
0.0001377169870097 0.0591703472187933
0.0001239257400289 0.1054378033833393
0.0000591522649842 0.4223191340969929
0.0000375472751815 1.1260082731418479
0.0000218238953439 2.8796302140202932
0.0000101481436616 6.0729931576418137
0.0000041777307968 2.8789721733011717
0.0000039156125210 1.1239615586013996
0.0000045652991376 0.4172778840124880
0.0000052081177869 0.1597330176653795
0.0000053765614249 0.0760150565969486
0.0000050297723100 0.0630278078294760
0.0000044471773660 0.0867129478713776
0.0000040501461712 0.1359166556420080
0.0000042123468292 0.1973183999374153
0.0000051001541182 0.2339422069126504
0.0000064908736104 0.1907740292766294
0.0000077664186127 0.1316920517589251
0.0000082275233996 0.1061652048837180
0.0000074368404763 0.1519161300777001
0.0000055628930170 0.3505348565494559
0.0000034380578673 0.9227596529341001
0.0000021308526160 2.3555771253811724
0.0000028120405543 4.9668173315867055
0.0000064289051305 2.3549389763642812
0.0000147701083638 0.9204525995448469
0.0000294125102736 0.3436827572782170
0.0000468762223327 0.1339309580608384
0.0000623529639875 0.0640252165010426
0.0000720017023319 0.0451662595306262
0.0000744386028877 0.0427625500633543
0.0000708702338706 0.0441422808943546
0.0000640845599967 0.0504442990950434
0.0000570736319790 0.0648973063221820
0.0000518811269623 0.0843662180846162
0.0000491538939603 0.0952258255367011
0.0000483162233643 0.0830658152462643
0.0000479915532851 0.0643989221839705
0.0000466903924145 0.0580525848161328
0.0000433221353836 0.0795975774526781
0.0000377163997276 0.1491345383037078
0.0000307850536126 0.2935334852238273
0.0000237787277374 0.5174362347944682
0.0000180625028802 0.7032062024695507
0.0000164289049698 0.5386951460254497
0.0000215542341279 0.3412907363102787
0.0000349851830649 0.2273276636722483
0.0000551723853324 0.1751462023300382
0.0000762233172284 0.1300073937190007
0.0000904859400835 0.0963142495751168
0.0000921874289481 0.0964631272324265
0.0000801883274202 0.1705369320113674
0.0000320693718366 0.5765978643536709
0.0000172928570547 1.7828111000039266
0.0000091453289034 6.0749803784801779
89.8497792566486879 22.8290091436041109
0.0000013101509424 6.0730657084643767
0.0000016259321131 1.7773507038605185
0.0000025855231567 0.5632677450039533
0.0000035251923572 0.1978222242153207
0.0000040763798918 0.0909059679860322
0.0000041957283555 0.0725256926656481
0.0000041317897900 0.0877654138184381
0.0000043072789117 0.1100573369863241
0.0000051347285857 0.1195277457176386
0.0000067660288135 0.1137744477225479
0.0000088816980804 0.0914929282946762
0.0000106714392145 0.0725781042393470
0.0000111929525212 0.0820451180254765
0.0000099266547178 0.1657958521961639
0.0000072087187384 0.4625762350283535
0.0000041717614039 1.4544196222784560
0.0000024416676233 4.9670111403045016
73.4811962735087576 18.6698905588554460
0.0000086494999888 4.9668658530480796
0.0000187141622344 1.4534043405602703
0.0000374610267739 0.4589857368237051
0.0000595453080469 0.1564165955822437
0.0000787399938660 0.0616146892648384
0.0000894932623740 0.0345731022373266
0.0000893108237705 0.0331694723683120
0.0000796809594078 0.0474600262001277
0.0000651578924865 0.0810478984632719
0.0000510882910650 0.1402765065771001
0.0000410815419464 0.2177586154667193
0.0000363004714278 0.2673404476683350
0.0000362943233999 0.2178559465876626
0.0000396128230459 0.1417554149847746
0.0000444261469567 0.0875961945255704
0.0000484123714052 0.0673177449410211
0.0000492598115042 0.0810047246923459
0.0000459252865307 0.1278838117096795
0.0000390189053690 0.1988760518912814
0.0000304658292161 0.2568190558411743
0.0000233234254678 0.2488893571623980
0.0000207869031131 0.2491106241021736
0.0000247604927269 0.3010529292593209
0.0000348853134862 0.3628269744790167
0.0000470764128607 0.2936350330279449
0.0000554984624855 0.1983980569239871
0.0000558841167990 0.1561825082012436
0.0000470694502131 0.2283676523218764
