TIMESTEP:
6000
TIME:
60.0
DATA: p c
0.0322905795933163 0.4440470567414376
0.0205295765388448 1.0376683685907757
0.0135079757002026 2.5796786131527614
0.0147230093076946 5.4349101341998454
0.0229701962439542 2.5878009874774452
0.0384628320031328 1.0511713394771722
0.0620094510710458 0.4553674478807172
0.0844636803925743 0.2558989100799332
0.0958457797433255 0.2040312393687672
0.0937923917814148 0.2095222677072734
0.0852784353829459 0.2412926097035690
0.0815199370522194 0.2714773678773956
0.0929202156261349 0.2634395578253304
0.1261140513576736 0.2600241900678578
0.1842800885168620 0.2866519072601080
0.2648833980619992 0.3463897058519956
0.3508116773836579 0.4269241892075520
0.3960658804734570 0.5100910266821628
0.3485636341878093 0.6136273734154951
0.2323765160956011 0.8931775453906077
0.1292864149884884 1.7420027070349067
0.0725090272200830 3.4710501332739643
0.0800346265315818 1.6949918300359850
0.1504751888893084 0.8096386188927740
0.2565450938038434 0.5193373678352795
0.3510534111421605 0.4479278177023716
0.3922841754599492 0.4244354140609699
0.3723886527162693 0.3937926765970979
0.3133012846081322 0.3537793033734816
0.2419213025666576 0.3239534165144566
0.1764888379675619 0.3342449221146724
0.1261304982491011 0.4186740479154720
0.0935299227771482 0.5871354417813077
0.0783783132803122 0.7342886427159274
0.0800038175751680 0.5708510385503283
0.0944971966984244 0.3828875264248708
0.1175927306705948 0.2732714666621583
0.1428491600379289 0.2314457247370285
0.1607002874495547 0.2257307165734370
0.1620610125508870 0.2324257765756346
0.1435570259596594 0.2393561656382765
0.1106597728234065 0.2455096732306091
0.0746266906955793 0.2698698706043567
0.0456585810034606 0.3759268861113021
0.0293016961039820 0.6315119137935048
0.0259383642985090 0.9607565279452247
0.0319507223197672 0.7308813698531134
0.0397441021193118 0.4470803449435227
0.0441986145857112 0.2865176652328848
0.0418126173619518 0.2678063309047527
0.0336642461209573 0.3093818720893098
0.0299075388484025 0.5440195821244537
0.0271586298357682 1.0412101245913030
0.0303805950184719 1.6224208458430263
0.0429105423839308 1.0555047314028396
0.0604685566685060 0.5667720628864242
0.0791949746223414 0.3236183803238935
0.0906275976885749 0.2360247996490847
0.0884886636146434 0.2348033133819834
0.0759119129500819 0.3015184300556514
0.0626193242923186 0.4318464801712882
0.0593319612103577 0.5515978149771301
0.0763351101965710 0.4554902976124668
0.1207780436200939 0.3605976184780194
0.1998654573327167 0.3477258362102019
0.3190447097453363 0.4111363320456641
0.4699687515507196 0.5179876431239427
0.5909873661011744 0.6188820254809095
0.5633877148712330 0.6710014010743968
0.3949777526843176 0.7197580635605557
0.2292641814337718 0.8951995136153051
0.1345480727545441 1.1650591844117897
0.1272007233931562 0.7944108799043283
0.1791094323150921 0.5261468306320698
0.2581766056284709 0.4234984387479291
0.3262944343104695 0.3982448405716830
0.3513580793943406 0.3847578281375704
0.3260595472333214 0.3592574981330979
0.2662080093582332 0.3298686089980085
0.1947355364184457 0.3297284965479301
0.1296653749229371 0.4230461219071788
0.0810896332179974 0.7201822187520484
0.0510370044540145 1.3417089115339438
0.0377088641435609 2.0717836432365266
0.0424692979263049 1.3312823750401641
0.0624791040375484 0.6979756933246453
0.0966750036166125 0.3860677301714021
0.1401676126640083 0.2735286312098600
0.1798287604129344 0.2491099340730431
0.1982924900291764 0.2502293994942204
0.1841376331080540 0.2518042824702535
0.1427709796771134 0.2641061423308962
0.0922967729263058 0.3463862743283757
0.0494301053989467 0.6495882296602059
0.0235540060422021 1.4792969055116316
0.0141570917996129 3.0537594285735299
0.0155765404542434 1.8937913347851192
0.0217338593270122 0.9186083217166296
0.0288595045173694 0.4396943107731958
0.0338235346304376 0.2757048237456652
0.0437725997130762 0.2412709468938926
0.0484224345567514 0.3019746597307857
0.0525875277574326 0.4484202766244177
0.0615420095413096 0.5808206471762872
0.0771739393763825 0.4689538301230199
0.0944080713044300 0.3337450828606554
0.1049156305206269 0.2570853332576900
0.1005636353982602 0.2447328121992772
0.0812698768581662 0.3146955139697139
0.0569178325261060 0.5344748912942446
0.0385642982872530 0.9931532027361466
0.0342241951315162 1.5394870905290836
0.0544213263930351 1.0192101609102922
0.1050931195181376 0.6007186174263669
0.1993645578481293 0.4478003562849653
0.3519346265240504 0.4747745872594393
0.5680609738712364 0.5911443280462241
0.7763689836529496 0.7070374635760628
0.7747759433528506 0.7316751444930802
0.5531326320763238 0.6688600067024458
0.3360848867804555 0.6135005660177804
0.2142240272725719 0.5874130237179039
0.1798693515690809 0.4728302328621380
0.2007658834666836 0.3889096453216237
0.2453277558434768 0.3552124266948843
0.2844578372729856 0.3457799732648262
0.2958287940890835 0.3359312345630635
0.2713037277823701 0.3176211146885498
0.2184259113324329 0.3059684531247295
0.1539159486881926 0.3527438461266557
0.0942987505544713 0.5895544844121742
0.0510996994284190 1.3424994605655471
0.0279595278429083 3.3112006078262741
0.0193498571035041 6.9735035873740552
0.0237122755789710 3.3066293388501915
0.0438848983688574 1.3339097830870055
0.0843259599311781 0.5772323127808445
0.1404933461987286 0.3359108915166268
0.1972557033651487 0.2811773097531189
0.2309211304356847 0.2784764494276221
0.2215715141246450 0.2805350719622787
0.1734092244775244 0.3007972345666446
0.1112300963828891 0.4360616533255363
0.0572778566380852 0.9965427602246070
0.0252927640628499 3.0689487867384937
39.5447868584197053 10.9970049566429164
0.0079389060623667 4.7956168399508607
0.0131387240482146 1.8068660229047073
0.0232361607904486 0.6875888558232724
0.0350863382855893 0.3191079223744670
0.0570097296693933 0.2169659758829346
0.0693642857105434 0.2135078596042208
0.0817620814257857 0.2553255052645343
0.0983341883061030 0.2946239551833098
0.1188166074882959 0.2818539558445892
0.1352911098608710 0.2558425909809101
0.1360286879766762 0.2457652986622662
0.1148721975598604 0.2824660850162249
0.0790440216201313 0.4542497408830665
0.0443609915169419 1.0009185980575004
0.0234762798398783 2.4444328959132866
0.0206615946504542 5.1489002767623644
0.0396891111329092 2.4705662306072393
0.0893252859999966 1.0667102631965637
0.1889804811499715 0.5878596350863373
0.3528178696482659 0.5201990039832197
0.5845338336448718 0.6108550282479439
0.8010064270582071 0.7129114919557040
0.7953446470650933 0.7166481975343941
0.5812111887502414 0.6212986204421684
0.3723539115186474 0.5117691168702362
0.2467587638509580 0.4335186651447461
0.1943197826235327 0.3737371802832751
0.1887676554105833 0.3391611654408319
0.2069627759150138 0.3176456595978721
0.2286568892617774 0.3036041866415213
0.2370992193363186 0.2913699421068275
0.2216779678767119 0.2791877500806255
0.1820920835636044 0.2832540582065541
0.1287852211129363 0.3675273995631074
0.0762770081557968 0.7353481299040828
0.0377408013811313 2.0741959835052461
0.0202071255107875 6.9757932157460445
104.9029442184692442 26.3858685569091769
0.0205421226238837 6.9760349496072518
0.0403087776304801 2.0766935998880180
0.0849400991055352 0.7434932623326548
0.1490184162104470 0.3844544334767060
0.2164193045111911 0.3081479411947891
0.2601797915377310 0.3034330681827901
0.2544205306134333 0.3029977712412830
0.2019936299542994 0.3113548582613255
0.1322918574053943 0.4037720839718291
0.0721072618421638 0.7782800128407001
0.0342068562170483 1.9192624584107942
0.0162177378623393 4.8059204855725390
32.2448972320564238 9.3917054672655649
0.0132991804478595 2.6600035126533741
0.0253976023574850 0.8545731549358683
0.0418691199327919 0.3460314143369016
0.0655918803008070 0.2052400276921277
0.0820456093213896 0.1994683066517905
0.1015214143249940 0.2132957284363747
0.1266338600823917 0.2299759371342263
0.1543514829410489 0.2390021754707074
0.1728694155058824 0.2445554565492571
0.1673885380289079 0.2572172786948481
0.1340507643643882 0.3185700878443486
0.0862234581694720 0.5778704261373537
0.0433054675838856 1.5470928407421440
0.0209725920218971 5.1465296419470627
77.5282480673985219 19.4723490575359115
0.0348274609494739 5.1698712434489087
0.0794033601866626 1.6049578057125544
0.1765675603765593 0.6946190466142114
0.3276833928262602 0.5246364691464646
0.5196330977750817 0.5706158962311190
0.6661131822671785 0.6352466185857432
0.6390984328143449 0.6216207471260730
0.4806002169581466 0.5366529932521928
0.3230314573275332 0.4458180751130237
0.2172753227539710 0.3927586542052687
0.1619373933174996 0.3810553674069825
0.1441361844465304 0.3815458537762475
0.1505675070680418 0.3405473275264458
0.1676770119685692 0.2952791778060389
0.1822769902689030 0.2656182668024680
0.1823144349854363 0.2511811603203490
0.1612396525775000 0.2572741754886346
0.1230903634674724 0.3241294106098292
0.0802527878255065 0.5768889305504324
0.0463006807299858 1.3402809872256507
0.0282664916341573 3.3151762166944558
0.0235050669913022 6.9813931638172342
0.0308231431138615 3.3177325445599632
0.0546835989405394 1.3489842062100463
0.1016266200425020 0.5980185494830060
0.1680597552365369 0.3640881322316120
0.2380776478885393 0.3168240814499889
0.2833495612712666 0.3178905172241379
0.2772489270659977 0.3136740624843037
0.2231440659466608 0.3039333174571981
0.1513620823691914 0.3341046633568901
0.0889836834123652 0.4976835462113329
0.0472682606771542 0.9485067551057064
0.0247392939587122 1.8221719021046960
0.0166654763624447 2.6655463999610198
0.0207871810233768 1.2901985067049353
0.0328265973887129 0.5603423280086181
0.0490350487497059 0.2841900966041867
0.0627855072484430 0.2336549650502921
0.0779036211731476 0.2536624683700126
0.1008917691631930 0.2479945006655133
0.1332923285975891 0.2402165265165753
0.1698329135993302 0.2425237644598093
0.1954989328937090 0.2512035190006298
0.1921861254139201 0.2635880126368962
0.1559058426951476 0.3052299479570487
0.1033672158724416 0.4719703265427144
0.0567530584833700 1.0115335922738913
0.0289445841568146 2.4495343551595812
0.0222334657868829 5.1503622151252051
0.0389126810618229 2.4687358784008584
0.0845809283890436 1.0585830808433072
0.1718375453078757 0.5645738507141123
0.2981132781190877 0.4637704735732872
0.4351544117589091 0.4956861940504971
0.5110927856653779 0.5293136780559934
0.4693696882509221 0.5079703546391358
0.3551955772669865 0.4500493073276384
0.2413397093478115 0.4119405725197711
0.1582085938186406 0.4440949218633777
0.1088329259891746 0.5617405061648482
0.0890657328237495 0.6747909956151952
0.0934561178767679 0.5312227467303819
0.1125313445710379 0.3720859586607191
0.1367631550508639 0.2804540209956152
0.1549827443758670 0.2446280217354181
0.1562962786484003 0.2432909653373098
0.1377888665405766 0.2807715065599488
0.1074132100192152 0.4053271839835209
0.0778782659293755 0.7229321215954033
0.0571653600019980 1.3559213232758720
0.0487325093996008 2.0923290297232211
0.0582014502023392 1.3569750138651726
0.0861237860039577 0.7306484471890794
0.1335254857020028 0.4288647483098632
0.1961662180276202 0.3287602113873499
0.2579344921465776 0.3155867804516034
0.2926729332962006 0.3207492509442294
0.2799602380813662 0.3123438532829439
0.2266314033599408 0.2907069532943830
0.1598508239311618 0.2811194587750857
0.1022243057345794 0.3239275442693756
0.0626027316880513 0.4642147868418383
0.0402398496819713 0.7023668827708847
0.0314479244243005 0.8618246074162975
0.0333201682795564 0.5629310538370648
0.0409570398068650 0.3339462962014229
0.0512008053235103 0.2407831927427833
0.0484441317401936 0.3804957017776852
0.0582210712749485 0.4824148453397855
0.0807927593166556 0.4011526168064034
0.1167831461486088 0.3102040884497100
0.1606729870610062 0.2676120682251872
0.1965620393714228 0.2591383860805150
0.2036015992316027 0.2617161141516604
0.1744813433863538 0.2758836472541107
0.1247724972320734 0.3432717078095858
0.0774842389498296 0.5522359104484993
0.0463048612168015 1.0018050680300083
0.0369603451709333 1.5425928308799390
0.0559731010387919 1.0178752797332469
0.1027165934064949 0.5904490792683754
0.1802733664679273 0.4149629683056886
0.2803520961468810 0.3922478192450459
0.3701986274084728 0.4219884835147979
0.3991503431606774 0.4373271128133230
0.3490440489991154 0.4177998580715148
0.2579481714640490 0.3964059276852482
0.1693314998425660 0.4461606242482301
0.1031286176085693 0.6745206105408063
0.0623826890883386 1.1904410121554363
0.0445352350855791 1.8095732003438989
0.0501248886098630 1.1700509197444837
0.0718442359251608 0.6279337820212513
0.1049426714633252 0.3634826848628301
0.1410545843062642 0.2695326105016446
0.1669479722424801 0.2535066494190545
0.1729190233921049 0.2736365306123565
0.1598265313868588 0.3286571815488286
0.1376703494181163 0.4423050580303801
0.1173405065447933 0.6255875444210887
0.1069477727601373 0.7789740605039316
0.1133181058817776 0.6197875030679023
0.1382746368131869 0.4388499781397981
0.1792967394374552 0.3401060663959687
0.2280870687779513 0.3102128742710864
0.2681731130050707 0.3115128588469983
0.2800627389156699 0.3139264279959927
0.2551026069354393 0.3035542168965652
0.2044857597298100 0.2826077933640498
0.1490153109362644 0.2609895241136763
0.1038426535014972 0.2505935564091848
0.0737770984442754 0.2719729399076831
0.0570383126258849 0.3224187519460515
0.0495289861426235 0.3500329791042129
0.0470951306166958 0.2884084233718290
0.0462970472128545 0.2478589156127466
0.0461032359456438 0.2781227062653260
0.0298784838171841 0.8445642469335602
0.0335012163137646 1.3061159110873219
0.0538151350944143 0.8653699159631876
0.0888250175239904 0.4956065725005239
0.1354743241286467 0.3246181150249633
0.1793748633568113 0.2690433046171688
0.1989004875256196 0.2548872223930766
0.1828323803119489 0.2506476603876577
0.1424535655596601 0.2633854065264275
0.0996791528487383 0.3220256626540168
0.0705393684547655 0.4429620385886688
0.0633171544864272 0.5569197155273586
0.0823758798661214 0.4568204718700082
0.1272531955069353 0.3543416258370926
0.1947566169405364 0.3211012350241410
0.2712309610446886 0.3381772093212550
0.3264260078256444 0.3648699239361645
0.3280313922385040 0.3710119713647987
0.2743976207991252 0.3597080379800286
0.1953444700226919 0.3822117558086136
0.1204155648020160 0.5631668629801423
0.0654716371091636 1.1909811959892620
0.0350438475595791 2.8725405323127040
0.0230712496853363 6.0232446750435233
0.0273577031981021 2.8617752733203718
0.0491535274914552 1.1675864002500578
0.0898909538084118 0.5235988077379747
0.1425043693973568 0.3242960273738955
0.1937154759139309 0.2887335096715902
0.2293231020871226 0.3070476816967447
0.2413932548532726 0.3416475688665560
0.2331236264287318 0.3848003531360795
0.2155419124732907 0.4323663564908661
0.2008929685449183 0.4567783417140071
0.1980657493478178 0.4108431677849707
0.2106646055841264 0.3544184635825672
0.2336199445064349 0.3209242830885680
0.2555484386074440 0.3093276549825748
0.2623934762074473 0.3070569325584652
0.2451765571382901 0.3056642417425253
0.2068899039034770 0.3060671301290593
0.1600932245632219 0.3111640848972247
0.1180314653612867 0.3072720088644097
0.0887729264986581 0.2650021671117889
0.0728249504489732 0.2270342851130758
0.0656635460385149 0.2122694655078848
0.0615837124627602 0.2101812070607003
0.0558178510642974 0.2137839827248277
0.0465660463760326 0.2708086120303925
0.0363015443649650 0.4555667226033799
0.0168091050908033 2.0590735492294217
0.0181995661715153 4.3289112985266174
0.0334417364293013 2.0764711942667615
0.0630560071800374 0.8743229753226543
0.1079392847729295 0.4234340330735016
0.1540636262839830 0.2830849763081997
0.1809999328028035 0.2451153870041776
0.1762484176993114 0.2311242408716079
0.1470919158138295 0.2242432626225395
0.1125918239743131 0.2317095831915316
0.0889429505792938 0.2572190077238782
0.0851465796148862 0.2805766280579907
0.1045999672536170 0.2667320007012730
0.1457968247389798 0.2572668529582431
0.2024544386802251 0.2717465523746751
0.2595401773762930 0.3005487142750822
0.2928142020839338 0.3226994240556522
0.2824651646951138 0.3251691082185514
0.2315667647757050 0.3221422139971696
0.1621469433713932 0.3772307415770889
0.0959617405225549 0.6741050908016170
0.0470871475097542 1.8101844417304380
0.0239577728721657 6.0240026428713653
90.5994841134879891 22.7686039681598196
0.0230862528383883 6.0221061136009180
0.0457065090773715 1.8070103789324425
0.0941324932686522 0.6712844363346706
0.1614143998261079 0.3790761257167994
0.2372956778863484 0.3380199978168839
0.3076397116879872 0.3708977919182306
0.3563301528273142 0.4160853824026420
0.3727417319799577 0.4487414741218491
0.3596017564039140 0.4591622842545666
0.3326515003959178 0.4446832025143089
0.3087789223335090 0.4075337150423127
0.2949157423539550 0.3680550822281055
0.2856767828402259 0.3376659683935107
0.2702629268974985 0.3168308589893975
0.2406531006269483 0.3058223327820682
0.1976709120014458 0.3148335175136346
0.1501155756308173 0.3653232953735120
0.1077952538499579 0.4682455754009832
0.0770102674012758 0.5554389401771012
0.0617450476615355 0.4279197852422510
0.0593749445099248 0.2894231407818597
0.0627066377954855 0.2110318098681156
0.0640890112126406 0.1871389964363422
0.0577943869225103 0.2184030224472391
0.0436367452091446 0.3700650792623054
0.0274309771164734 0.8389869932870714
0.0128380978522696 4.3207833427457487
64.7208227747445619 16.3094860478920225
0.0234096619698509 4.3340835756426133
0.0471698601191372 1.3191715269421682
0.0885394437710185 0.5062282656837713
0.1307682845044948 0.2870054027050879
0.1565076698348088 0.2316867358589219
0.1555263549822125 0.2168278068975194
0.1338299233545774 0.2125173485055743
0.1072313794938038 0.2162317626640037
0.0898976413055160 0.2232903764151355
0.0899488115827436 0.2213881524529339
0.1095618369450049 0.2154882350984975
0.1460501074995063 0.2215980389412327
0.1922996471464561 0.2433724827214386
0.2353785440896225 0.2709392652809059
0.2582414798730122 0.2894482603048225
0.2486034515861995 0.2911624511053215
0.2083526668444956 0.2889701648456340
0.1516668874260964 0.3295715176309895
0.0952153285694891 0.5292607412227116
0.0520499209275488 1.1719433649663624
0.0286760933221382 2.8641200958561384
0.0228698803252230 6.0230157048174728
0.0335611980251281 2.8694271348359068
0.0631013458051237 1.1853117854628155
0.1178705671167519 0.5571696749883696
0.1969592475640703 0.3832854103526600
0.2953836759857280 0.3851960114296594
0.4041267750678178 0.4497913433323041
0.5044622799846654 0.5242909189795031
0.5645059974532285 0.5740459446696534
0.5588828082112244 0.5776239092361339
0.5026180199195203 0.5378933536005767
0.4343389133958565 0.4763964053786478
0.3746469227172935 0.4146733392707088
0.3219510523407457 0.3625651668366432
0.2680492744412739 0.3245724004653803
0.2094750541900013 0.3138177236548438
0.1506990539124310 0.3680804201224401
0.1001741202119005 0.5635486043495953
0.0633296750416120 0.9873915858500695
0.0401000635936295 1.4897116359214457
0.0346132353617802 0.9573388998777076
0.0415708718351061 0.5039965993740364
0.0530586114957476 0.2795585123977056
0.0605500307311422 0.2048005097228136
0.0569017220646310 0.2383699990750380
0.0422415457035963 0.4641435492461466
0.0239641708725778 1.2917786465065038
0.0178869891882551 2.0565400823413005
0.0160171502309634 4.3240011588344869
0.0261744626547478 2.0672710715444311
0.0489383816856599 0.8588238658336055
0.0831146448482397 0.3999337285462500
0.1156874890558305 0.2527772750962906
0.1321356160700483 0.2154433766077606
0.1267441145853538 0.2163164410202140
0.1066874766689693 0.2398110035599270
0.0849063723756950 0.2813179233521507
0.0723663803011035 0.3114114669646484
0.0752929136459798 0.2784512888811693
0.0941536136090524 0.2361362425022418
0.1252327528531048 0.2184296606916049
0.1620481008721955 0.2270283966752893
0.1955003252742883 0.2484393692601923
0.2156125080659697 0.2657363361228334
0.2152237453387034 0.2680354441545914
0.1933214740139462 0.2643241885394213
0.1557212379558347 0.2812750529235533
0.1128983742314738 0.3724374355556875
0.0759896841529749 0.6337031119111625
0.0516768929825033 1.1723646112942046
0.0436959273746109 1.8075307866790833
0.0588659682683510 1.1826201450695837
0.0957780053235533 0.6595470513792487
0.1570262025193332 0.4250403805489978
0.2447788776981661 0.3781476951193337
0.3599155622343453 0.4289258946292692
0.5031043500634836 0.5261975196116011
0.6634351294297882 0.6342317910763052
0.7888069983437737 0.7115756745417056
0.7952836935608184 0.7171304137567812
0.6839238005831314 0.6500655003403223
0.5434459496406228 0.5508716971545194
0.4249557116264233 0.4550284737074471
0.3305067898670159 0.3772995318082034
0.2496228740139715 0.3267580933324208
0.1766050411809049 0.3313658904203948
0.1131754501305567 0.4770052153994345
0.0649108478912854 0.9909369141361823
0.0358557441118289 2.3672567297679565
0.0204375944325553 4.9432457237887517
0.0180182014101092 2.3464504269408364
0.0284669955219430 0.9477390191082476
0.0449435981712001 0.4068079596861341
0.0579454335599815 0.2337455802018594
0.0588694936764370 0.2248307887809907
0.0469744272349488 0.3689333612040984
0.0301023989994092 0.8371969546932603
0.0313393954545875 0.8391972131761878
0.0295985737821677 1.2973321740596500
0.0421418284794006 0.8492865482880144
0.0642351476236759 0.4683104266469139
0.0904459637493834 0.2834812853566795
0.1096499910077241 0.2181061396434722
0.1119747736370947 0.2124346685032513
0.0975177963816462 0.2528880472801729
0.0754419502159848 0.3578264613620910
0.0558444795222448 0.5358433918089621
0.0459262546580127 0.6870515036836682
0.0502140614394272 0.5330012478964548
0.0668813926383421 0.3554831939367964
0.0915406762509804 0.2582330244802828
0.1191638518740003 0.2335699331770387
0.1446219982016979 0.2495169434307301
0.1642184047780415 0.2714733713284291
0.1755023036991150 0.2681362324271421
0.1760488353820011 0.2571727495603481
0.1638446848765655 0.2573583071451205
0.1407781428376231 0.2881085460621277
0.1140785945794872 0.3753417857424080
0.0927906604016159 0.5299104553229070
0.0857455140041178 0.6669651832828982
0.1010665305891590 0.5433925455070823
0.1406142645935030 0.4097288491520413
0.2050372670319684 0.3582241629127982
0.2957102895982612 0.3839080624672152
0.4163108562137576 0.4638288546220288
0.5749257396218981 0.5788194136910370
0.7721535012528009 0.7062574166175974
0.9496081820333949 0.8024746944336583
0.9643022653925321 0.8091166592146692
0.7924491117677779 0.7183712865579173
0.5840508027772617 0.5879662755643709
0.4219676713806542 0.4674075573389887
0.3058120024275891 0.3744601821430223
0.2178492391464612 0.3186667238317109
0.1462513146485431 0.3387569687732148
0.0876864210989078 0.5718409857638239
0.0443301180834376 1.4988366782235170
0.0228174404206479 4.9483647635964774
74.0571720391333628 18.6465825063556565
0.0144525793956733 4.9350267115811501
0.0251574861344246 1.4690238997107965
0.0444445123917383 0.5178356801597381
0.0609959761729908 0.2525220857695746
0.0659048764205931 0.2014460088160175
0.0575570111416152 0.2584426591469615
0.0429597824641853 0.4490311299037101
0.0496252800274287 0.3732207778711675
0.0519887923428105 0.4724640933089799
0.0663380988212144 0.3820630972187113
0.0872008835100698 0.2774472194099060
0.1054219634883070 0.2194543463395189
0.1105806359952539 0.2048994950838781
0.0981899520607584 0.2365533068845621
0.0741206364260928 0.3579923538415697
0.0494364263388307 0.6704062266933721
0.0315295341756029 1.2906791749702644
0.0231499651639137 2.0079904349446660
0.0271652040409564 1.2894837944261621
0.0398202429735154 0.6725647446075396
0.0569414214500355 0.3752740496174676
0.0751879420350695 0.2918186077329640
0.0924191146244131 0.3234228054702597
0.1099715945242148 0.3803107065663468
0.1298470130523883 0.3352250295475627
0.1506945475384920 0.2841322416996612
0.1655701410234457 0.2608035003405368
0.1669323970276548 0.2629315855273448
0.1550202727961017 0.2866079565011761
0.1391137415756344 0.3274396527123808
0.1322549186773933 0.3606557383633019
0.1454096391427343 0.3434076228684976
0.1832052583452675 0.3255040069201747
0.2457354472894165 0.3399217670971058
0.3325734341984721 0.3928435818151197
0.4461494193594623 0.4795965531563088
0.5940025278119053 0.5923841740431002
0.7776376414582415 0.7146122484781461
0.9414024289899888 0.8054850072402600
0.9414369582321626 0.8062978291875956
0.7510593670418340 0.7085839134485263
0.5289399647660642 0.5743157950382073
0.3630329738720864 0.4559351218278871
0.2520442418779067 0.3665851927629247
0.1758683090082438 0.3056662145586260
0.1190276424454444 0.3055466579892883
0.0743804148734681 0.4541606660026692
0.0419943807547719 0.9759421002320773
0.0250963843322926 2.3612966753541658
0.0205996862146466 4.9450772222627206
0.0239863805671541 2.3526151311560781
0.0358170571707182 0.9545954593901089
0.0540512084683298 0.4110603405616726
0.0699490543282207 0.2275046874252630
0.0753896164561034 0.1806852917767394
0.0691277634011513 0.1955417034391356
0.0575742480789041 0.2602960565573666
0.0625739759062297 0.2337020037384019
0.0707537059138419 0.2508558393809904
0.0891580356854534 0.2319839415050449
0.1103211505479772 0.2090688794530449
0.1226721134987222 0.1991709181255656
0.1166602497655325 0.2121179267182453
0.0924984993205246 0.2858612823773017
0.0604699487617812 0.5411634991881731
0.0333320899888981 1.2937042628303077
0.0180153737323055 3.2218602055612249
0.0118409439010049 6.7793264763722076
0.0130875015340566 3.2228779004685584
0.0200326165000694 1.3047897790796648
0.0299069029668867 0.5898539043727342
0.0397021145172814 0.4402202002696236
0.0486485461410228 0.5900944547093476
0.0617509752701514 0.8461977869269716
0.0857488855364080 0.5890710960071750
0.1193839636519451 0.3817831034327380
0.1548974305679007 0.2917345062068400
0.1773918209770499 0.2673219617675883
0.1790051976851383 0.2692175589458547
0.1669615524341036 0.2820087772561125
0.1575538253377466 0.2977954666399045
0.1655619610735337 0.3065286036976435
0.1981039935870325 0.3140057306095684
0.2552493163482474 0.3391832083179078
0.3348466618840006 0.3915252937986571
0.4361216070178537 0.4702583523756800
0.5606813253361131 0.5684544345306657
0.7016976076436799 0.6696046530426588
0.8072020555268579 0.7379527762078383
0.7753314969071851 0.7290094974113758
0.6029472115132921 0.6442395912708413
0.4120983275349565 0.5418956182680503
0.2714339292052994 0.4669375523895968
0.1820208414850800 0.4111905273916971
0.1281029254665050 0.3347367688602080
0.0946857717716658 0.2907441608334205
0.0717852668654595 0.3361614289065446
0.0560107642235790 0.5413912857296339
0.0472450384464528 0.9816093054981815
0.0443424885069254 1.4980848410951946
0.0489700574437213 0.9729413351785403
0.0589664638149295 0.5199619560464407
0.0716731254400479 0.2903771882517440
0.0807761464091403 0.1997734762293580
0.0812388002272389 0.1760768389859955
0.0739536299235465 0.1841986680999748
0.0652095026590798 0.2077369789572349
0.0620698110218038 0.2545145485575155
0.0769508516020816 0.2254884048361777
0.1015588822714964 0.2047983512007473
0.1266731190680705 0.1976651148072844
0.1386553799595305 0.2017393788373215
0.1278227772788935 0.2258965729834780
0.0971210952792748 0.3265207491730942
0.0596175157117309 0.7000641046495220
0.0295794661390806 2.0154679636498694
0.0150254185427905 6.7818541350232993
101.0880434633775593 25.5514014022811651
0.0061859196398717 6.7843412050599721
0.0090777269701369 2.0383692220088583
0.0142909095691098 0.8040496744043568
0.0180900250992868 0.6928727797172449
0.0203528632604873 1.3024772346606444
0.0301121449543993 2.6280104405885023
0.0535569935753545 1.2924368548108354
0.0906952046744931 0.5973887508069772
0.1349375327484390 0.3497890878005598
0.1662535133942517 0.2821436151475453
0.1720169259084973 0.2761237941692657
0.1583680219145947 0.2965414857899549
0.1436594722867917 0.3343448792621776
0.1450446341836036 0.3667292885825085
0.1714155481130077 0.3565526681314891
0.2229590909910928 0.3522366316512419
0.2968023143407991 0.3807515672431891
0.3895400750696850 0.4416740208347155
0.4959768935817245 0.5221547699125590
0.5991340502178361 0.6008646869300468
0.6501349708777244 0.6462914525567826
0.5891658938398540 0.6332904586368714
0.4390021579560264 0.5835533061316218
0.2869125065350133 0.5639104202569680
0.1776228502977885 0.6195926766216753
0.1119163727194083 0.6819196722269756
0.0813988972601101 0.5181700465486008
0.0738062040473888 0.3641942191127877
0.0779882711496531 0.3082731224870833
0.0859670868953407 0.3531457752046504
0.0921780878423376 0.4744789373460312
0.0944965630341268 0.5797402845457236
0.0944718557274773 0.4593119741516663
0.0946880588410377 0.3171938018510753
0.0937878230045147 0.2303054654371994
0.0885770769493507 0.1978143780506252
0.0784666882962425 0.2062587667936686
0.0668545454881118 0.2415501001486273
0.0594942274984663 0.2729332623178883
0.0490318949529743 0.4599240174699624
0.0696364129947591 0.3184392297312940
0.1014316896100455 0.2401614800812252
0.1346794945898464 0.2143361885718322
0.1535260750956125 0.2145264677829966
0.1457929368760136 0.2326179925759494
0.1142142427429042 0.3043640430031622
0.0740034695976546 0.5540532774941508
0.0407062685099987 1.3007490436028626
0.0212414519824413 3.2243499807210507
0.0106683194510195 6.7791041930378224
0.0072325524150467 3.2247988732303612
0.0092438091892198 1.3265215367035113
0.0120223198935884 0.7004261786306708
0.0125533703039711 0.9209739543807741
0.0117356755909719 2.6348829961202793
38.8363855024615390 9.7808532804417414
0.0401030854544090 2.6325943511203684
0.0747715667172893 0.8606420612449316
0.1169979132580846 0.4027720372049397
0.1428894110005055 0.2974241891412212
0.1413617069669409 0.3043067526733154
0.1211074414571909 0.3803497060470677
0.1008964558769955 0.5230759817943924
0.0969806180074267 0.6529704426690276
0.1188598916007659 0.5409729036194302
0.1660565900773785 0.4237223915492160
0.2366812950756479 0.3844710162159141
0.3266191585636379 0.4117594950434142
0.4250172073124170 0.4729577103488459
0.5056047117505844 0.5341475573680315
0.5210969884430492 0.5651266252085170
0.4413294827116749 0.5619629355039428
0.3073444235849086 0.5826136778795880
0.1859824746178466 0.7505055996358767
0.1041408555011925 1.1941841490025835
0.0570806308495602 1.7524285504620671
0.0452640416851365 1.1270467702465539
0.0601299618079041 0.6167173227074194
0.0932126987815689 0.3881267136628218
0.1322470962092869 0.3324449018964521
0.1600918932804123 0.3476646618178559
0.1674006686422631 0.3601023480081639
0.1573854585002571 0.3168151653748526
0.1386400951058722 0.2605519965490025
0.1155639130560970 0.2268775096120927
0.0905737918200743 0.2372888990771750
0.0673682480639460 0.3122496918050043
0.0501355034632153 0.4561185178545422
0.0426952743935938 0.5832095769988460
0.0325544360521768 1.0866679925082257
0.0564302583159063 0.5809164117804907
0.0947858389944430 0.3371687222300127
0.1389237045768163 0.2533899056017407
0.1706564361264670 0.2367965574355455
0.1728028056697271 0.2423089795014578
0.1445922381463721 0.2730176388549949
0.1021913804565717 0.3834093069762973
0.0633202165515020 0.6835382953463676
0.0361173931019109 1.2941019952685793
0.0205728544198111 2.0050693848618790
0.0168401456749968 1.2857631103961114
0.0193148533947148 0.6842059384262692
0.0222228746237923 0.4548930490781894
0.0231747740139688 0.5999578937170003
0.0233716337003699 1.2781245052430528
0.0320457710676511 2.6233693496895967
0.0535640185158822 1.2938831990112047
0.0845021223155210 0.6002574691889969
0.1150744578179732 0.3551886949775936
0.1250401726825688 0.3069942379654158
0.1087605281036228 0.3790237044969601
0.0802684367118682 0.6201972046864838
0.0568824082067017 1.1257045342211955
0.0499322994712894 1.7278400058387680
0.0691195548446255 1.1386157645908570
0.1118822191703296 0.6522260474334929
0.1800555756457247 0.4409112302234494
0.2703838823080420 0.4016216350609099
0.3678186181926399 0.4375364703831478
0.4384586950072575 0.4852951886894822
0.4348231649909912 0.5102393918392778
0.3450075517431814 0.5305421623561890
0.2206432395277742 0.6660366757930675
0.1189335148484295 1.2148423009666218
0.0606206424800843 2.7803126326981862
0.0311522988038364 5.7804932311634722
0.0286953547737555 2.7445686486569714
0.0583338189526829 1.1446007154852316
0.1194964708718015 0.5617694664137141
0.1942925158723411 0.3986733735887199
0.2483514032579046 0.3674830686148176
0.2577865284359754 0.3501700367146858
0.2291239964822741 0.3122760069279776
0.1827280364467734 0.2715946464023161
0.1329370732787731 0.2620394179933832
0.0879538244139618 0.3349355820552090
0.0535308531299164 0.5770584330693025
0.0321862355563038 1.0844999805426609
0.0241060119927794 1.6811124588434987
0.0220469038773010 2.6951279437930076
0.0462202892215212 1.1022453045897871
0.0906288561409028 0.4978081621233906
0.1467258962429356 0.3103200411475658
0.1943241677012638 0.2683931244703419
0.2100005839759368 0.2629166475677309
0.1869046163848023 0.2643378193191937
0.1415212991343944 0.2893332978456851
0.0954646603713610 0.3752208753548905
0.0607524656748709 0.5379698675522655
0.0406691674294373 0.6784648350728045
0.0346448233420660 0.5182370040683538
0.0371132544234194 0.3436800655870645
0.0422483033013467 0.2747027675944746
0.0472245433179308 0.3411811209985541
0.0533951183016336 0.5618820701123888
0.0672595370491003 0.8437668848525834
0.0924971034875757 0.5985384211492730
0.1201824124826931 0.3975246564381112
0.1362309588602778 0.3167669804974229
0.1256932245981230 0.3375710731075739
0.0917887435357216 0.5228666013229315
0.0542520943577833 1.1263868841438214
0.0309531537474709 2.7272698049840125
0.0260067206958639 5.7346071943950099
0.0398368637833520 2.7356563508600322
0.0761533279518641 1.1485361500031492
0.1432239752629175 0.5699384098072341
0.2360876421694431 0.4201182588451479
0.3368238097100569 0.4238908657685058
0.4060311941573834 0.4601116484688613
0.3943096823962933 0.4806134470769319
0.2996717064453730 0.5177255580454974
0.1792542697622947 0.7554354673341395
0.0850467422941777 1.7893033291047995
0.0400869955463515 5.7912841271371374
87.5573802171336411 21.9020495238166788
0.0321570034248350 5.7806570503797490
0.0717582105088385 1.7689454147187873
0.1571106046012555 0.7245748940436892
0.2645011035158081 0.4745727929134467
0.3422066971447083 0.4242251115023219
0.3479723507468411 0.3934679454383285
0.2940624460993625 0.3456190640933881
0.2180703219723822 0.3025990916839216
0.1446096513975331 0.3155477899194480
0.0845167107103479 0.4927067893520887
0.0429265477362428 1.0966569554943786
0.0210363358069083 2.6921104552283683
0.0143668852282738 5.6614970779423910
0.0205340019147148 5.6687325784851978
0.0452411105350259 1.7062252514881193
0.0961809130415527 0.6366684751900177
0.1635065919052007 0.3570517742289894
0.2261254618885060 0.3002913464486085
0.2546133988753446 0.2909616968501183
0.2352426273947029 0.2769690840597351
0.1852240443306997 0.2596119871829156
0.1313145490637214 0.2579018333847937
0.0894512159162966 0.2789844804933862
0.0645588294459812 0.2941016049262974
0.0556660452040504 0.2501553389790008
0.0582638472776050 0.2018466632919816
0.0672716252482300 0.1879299259308504
0.0797546758775144 0.2221771718515383
0.0964213037538487 0.3023655550991097
0.1210980666160730 0.3856328456363193
0.1526621690778579 0.3609509521401747
0.1794113752724973 0.3261793518602928
0.1828776309940831 0.3201084447769790
0.1529417011291761 0.3807457928080100
0.1017564219338733 0.6640250046924812
0.0533913507595265 1.7361079601320490
0.0284939242752908 5.7394367105220434
86.7383776147722756 21.7282237035738461
0.0320556812185785 5.7421258686765562
0.0644290960245619 1.7466934387012096
0.1337546350271741 0.6939423192596597
0.2308800093948618 0.4453101946233964
0.3368573048564333 0.4271182820585823
0.4085542198471862 0.4549169456425786
0.3938225183555035 0.4641130999874671
0.2961418041717625 0.4745281874814812
0.1772668327250457 0.6118069443711410
0.0866279871436718 1.1715346214471638
0.0391226482076979 2.7523853071525859
0.0268013341541442 5.7714244484802899
0.0458162516701476 2.7568717106829275
0.0988261498497328 1.1802498402504131
0.1970551387396096 0.6231516535127903
0.3211743743360003 0.4821212760224493
0.4094122141905777 0.4570744128716371
0.4076278639229489 0.4263036900953539
0.3338892031464919 0.3708529505764942
0.2384217239738533 0.3231761786241072
0.1514661880961875 0.3508510297217433
0.0836053674849472 0.6230657173626881
0.0382058332244041 1.6953279841261975
0.0171335356379135 5.6630734651289574
84.7661046779655862 21.3706416510646022
0.0254589063539972 2.6970653945581753
0.0562844530510691 1.1112901403599402
0.1122615895476699 0.5178891025684998
0.1876794838272319 0.3450858718876377
0.2606036890488200 0.3171709990056105
0.2963830741059793 0.3148812067553993
0.2765762444123738 0.2950748733347144
0.2203559402331821 0.2591876058811453
0.1591044902674330 0.2250400316749765
0.1111669826739913 0.2037758791704721
0.0819893836414033 0.1907056426920733
0.0708002600703797 0.1733248844932745
0.0741462079469144 0.1596495998676147
0.0881498480752769 0.1620834026623912
0.1103102865571486 0.1871221652588541
0.1404894847689913 0.2329153522516331
0.1798324655886136 0.2843806655605650
0.2242679066769868 0.3151959635342141
0.2575922838280768 0.3352516854261851
0.2564510449157606 0.3523565394809251
0.2124547077751074 0.3960489345724699
0.1456970500716705 0.5730493936193175
0.0855116999366744 1.1612171115120320
0.0485717321329510 2.7489111983947008
0.0345044734587848 5.7472020642841031
0.0443650065263291 2.7437120425463317
0.0822065519832347 1.1559444062269029
0.1536961442119564 0.5789450136229477
0.2541939183938400 0.4310965125590441
0.3632038757743030 0.4336693667908456
0.4336732236125107 0.4601983441189152
0.4137295689171959 0.4562164286361170
0.3132103663382299 0.4319824088546141
0.1955510183560905 0.4592905831258045
0.1062427717105605 0.6540260594091026
0.0561652880131464 1.1324032232009664
0.0427800520302612 1.7285558881800613
0.0681502385697505 1.1432189851698200
0.1297777359943605 0.6747429447685871
0.2308167390749705 0.4861888530249391
0.3514201837234886 0.4540190405814508
0.4321431281836495 0.4570997709801140
0.4229745876725923 0.4309898470006278
0.3435825127855546 0.3731754117540224
0.2441294811310955 0.3178085768235155
0.1548622485654951 0.3207434548761348
0.0862887570920409 0.4916075498241798
0.0410583514527476 1.0926870963736357
0.0180454618456336 2.6878294968022027
0.0131657304984837 5.6591531319512596
0.0353264616711106 1.0883171746915017
0.0718986039240757 0.5947348971141896
0.1319812242175073 0.3705619798595560
0.2104672458142251 0.3123132954439886
0.2847464665805720 0.3183320789489724
0.3185828986558821 0.3239876193908838
0.2940002190982287 0.3027976712187796
0.2326289298420532 0.2618979031691317
0.1672370817442265 0.2218078899412003
0.1161552286019305 0.1970267445859932
0.0846351262860592 0.1883119754520006
0.0723035820044816 0.1839953711672783
0.0769158972198863 0.1739867477202746
0.0958576374555585 0.1719748045575910
0.1274838184517993 0.1892643752324459
0.1716058903826986 0.2273571655748637
0.2282778117642866 0.2795257741697076
0.2923893063372314 0.3335589308473927
0.3449315246522441 0.3792864454196965
0.3546843899883838 0.4063030006230243
0.3062398752341847 0.4227753556138973
0.2239570380839800 0.4823059515058327
0.1459248731405289 0.6925473101175005
0.0919147286516790 1.1707747447997767
0.0675445189507187 1.7545798728906212
0.0802533983557189 1.1558238738628472
0.1241983698516773 0.6663499638907467
0.1984825788860079 0.4550250671097736
0.2980859366280281 0.4143183959945391
0.3994489276506921 0.4402979454240332
0.4543803372254353 0.4625250864247541
0.4212251362146847 0.4457266609237696
0.3200208954653986 0.3999139481592553
0.2091586014922949 0.3688044652500144
0.1262423249982365 0.4003681689035797
0.0810435952256780 0.5146681301064275
0.0731772609926437 0.6348707770884473
0.1024340498679510 0.5278680636705163
0.1670323054637745 0.4262039552972736
0.2632791941787028 0.4027163320806318
0.3677212342907310 0.4260594156030173
0.4294530096557494 0.4418560997834181
0.4119614655244941 0.4177136613551858
0.3348919274925740 0.3599479965505477
0.2408276983102509 0.2984371866311274
0.1562464007187866 0.2715407951243977
0.0910045375227015 0.3329995631098757
0.0474486285989169 0.5698426153235951
0.0240344367525281 1.0766898854051070
0.0192793558498836 1.6761365507181269
0.0480231940146706 0.4596063577525151
0.0869174312791063 0.3304249544081258
0.1470788963199418 0.2756559837901799
0.2211165917365870 0.2803389865597737
0.2861141082669082 0.3044079447110208
0.3095019445623099 0.3128995434053675
0.2789984930318092 0.2931722459419286
0.2168850999892722 0.2586544173520453
0.1527433412606226 0.2340950649555719
0.1027216253368342 0.2388704792972476
0.0715461545379575 0.2731480608389583
0.0594383104237237 0.3011246192883851
0.0654012439303400 0.2650402601185414
0.0878621608018939 0.2231705696035541
0.1261737606836487 0.2125764950979678
0.1809113785856239 0.2382126689891696
0.2527616963773527 0.2916167702293200
0.3385413715019260 0.3597911271105749
0.4209443330531125 0.4255104731823325
0.4607362377062003 0.4666526500019275
0.4235701734741309 0.4717322755495733
0.3297279206848426 0.4637546780051243
0.2325706893268968 0.4940048661349415
0.1643105365492577 0.5956094526056220
0.1344871946978729 0.6979753389999915
0.1443303732662315 0.5702730968996839
0.1880465026762418 0.4443281036706897
0.2593088529120218 0.3973541907632538
0.3462356457786852 0.4098854342718442
0.4204299491650341 0.4394629115480334
0.4407286164807902 0.4485816388663229
0.3882439647908232 0.4219160610308525
0.2922453317747974 0.3739453211027621
0.1974826467785569 0.3327699680388192
0.1298514849775469 0.3162198326480528
0.0970803093204402 0.3227693990701686
0.0993751074420257 0.3393319977171985
0.1358288414741582 0.3296687034684188
0.2039622180269162 0.3356604022838873
0.2952050311570294 0.3706134912446212
0.3829012879260075 0.4125004128072886
0.4238752335165766 0.4281520264993243
0.3955627120603997 0.4010883095489190
0.3198580160432899 0.3425562031510885
0.2322746170141628 0.2781644230354768
0.1542923892512428 0.2341001694847851
0.0940961486593489 0.2355442876604390
0.0536867630898854 0.3067423929092162
0.0324669199620437 0.4506998110248049
0.0301376582857967 0.5786972399712901
0.0565074234699009 0.2536402065003681
0.0948314338230210 0.2244251445764357
0.1503448795689649 0.2258261055173244
0.2135182054047417 0.2510125576499969
0.2628542009346361 0.2775199903385601
0.2732799354461857 0.2849620849648909
0.2394624342921620 0.2710173864625628
0.1815655919826729 0.2565873171361810
0.1234774824360974 0.2778443630562463
0.0783555845321558 0.3743043855014261
0.0499769891235603 0.5575686707940746
0.0389494788787612 0.7174442063878312
0.0459853298721601 0.5532455426685884
0.0697024394851858 0.3663381339585466
0.1103987445014250 0.2690371506064304
0.1696174320470289 0.2554398917898778
0.2485900443523314 0.2966372849886655
0.3463703339038550 0.3678317682007954
0.4507530490555008 0.4458060357398113
0.5228039830998482 0.5022430344630625
0.5112387117675309 0.5125830800498831
0.4217739322591614 0.4818962855148844
0.3181284865348403 0.4452365344732086
0.2450179565132370 0.4316576935720652
0.2139626912448473 0.4304591261244413
0.2220581285120262 0.3999352254991413
0.2610148372709793 0.3794149646184473
0.3191538876233792 0.3859874606795060
0.3774369661908422 0.4081329828415117
0.4073394140567409 0.4237198217225316
0.3855392984532042 0.4171083558886424
0.3171220173631368 0.3919983464180694
0.2317751664561944 0.3693978440232514
0.1573860233027848 0.3662565694532030
0.1087651812647754 0.3671327220792116
0.0918635164628442 0.3280133561068169
0.1072920199029828 0.2948430046536779
0.1542191092593907 0.2892561026048572
0.2296950846132167 0.3180774093168802
0.3216349583494511 0.3687258427769989
0.3993195845145666 0.4129901827013055
0.4229139715680541 0.4223116551395741
0.3815743102703735 0.3885399551117428
0.3028942297150173 0.3275287011305338
0.2187798577921849 0.2635447555301607
0.1462411490879032 0.2171344620750886
0.0912131210022453 0.2022266085361681
0.0549067154199712 0.2230549669268409
0.0369658216555347 0.2645351643355656
0.0373054991825724 0.2855548999469046
0.0555644526435392 0.2358706586926187
0.0911620052102383 0.2030428411469160
0.1393679858872973 0.2034033093757457
0.1898214333423955 0.2236719152553952
0.2241221412083484 0.2435975305198437
0.2248987869241621 0.2494489924384040
0.1915243086361838 0.2469482101424271
0.1407260407848030 0.2694946412862643
0.0911323804684943 0.3857210353414686
0.0534446736270213 0.7119549168501010
0.0300456205669226 1.3728933518542799
0.0208574143453800 2.1401504472965929
0.0280352827982321 1.3715241723869822
0.0501735426517944 0.7105237695514239
0.0888280165320609 0.3879674004741112
0.1459270626211006 0.2841458504835210
0.2210325621206548 0.2911748701630676
0.3115224113529282 0.3493523978950859
0.4071174677714783 0.4240401281984894
0.4784961978596912 0.4858315863870682
0.4840036190770500 0.5083889406463105
0.4216821245544104 0.4851429220899812
0.3427051452284537 0.4361309336096605
0.2886397209121255 0.3948399579777002
0.2702610065756847 0.3733782796980845
0.2832461101972274 0.3650763240028585
0.3167685281579567 0.3707955360503769
0.3550899532310216 0.3854992766604630
0.3770871158650944 0.3970580476893316
0.3630008390776071 0.3950971597033265
0.3096114622464495 0.3831180150057192
0.2346869054747343 0.3858539287743256
0.1616556961884476 0.4428573839524036
0.1051468605741045 0.5749580623465480
0.0722156821762543 0.6956390069752993
0.0689786029258559 0.5458065871455497
0.0961556721324523 0.3908017153811054
0.1538424687831227 0.3242992221909268
0.2400263594494161 0.3348566785525874
0.3399036706965984 0.3827885797292450
0.4161115424548143 0.4237374156027229
0.4265295173824530 0.4246358378464865
0.3705194975887500 0.3820894874935857
0.2847369567595487 0.3179617607587797
0.2004731027311324 0.2591631559822747
0.1312053413878678 0.2273693563421563
0.0805014041455785 0.2365240473792753
0.0482406839602856 0.2832553055809171
0.0335278563619009 0.3254809167950042
0.0360714257938318 0.2923023669198291
0.0461540694336657 0.3680491397686786
0.0776406573753615 0.2465986272946994
0.1182476268666239 0.2033740034547430
0.1580006136365670 0.2014369976588138
0.1818430906061625 0.2099649436738344
0.1779351002703576 0.2147140093987034
0.1477423252346874 0.2271174101384734
0.1047416640268345 0.2997827341308100
0.0636867953110954 0.5698262527050135
0.0339848641559186 1.3760258016347806
0.0176482601940055 3.4415808443444402
0.0119731299506234 7.2483012379180884
0.0173127143153177 3.4425684793490783
0.0348057019971763 1.3796060155243930
0.0686591691227585 0.5799251841896478
0.1190341119210454 0.3238943405731929
0.1815246986674954 0.2782976280718671
0.2489288134766662 0.3122514329481168
0.3101145998880679 0.3738541859688906
0.3489024454864830 0.4376472168184439
0.3497673317088850 0.4840304632914468
0.3169903640986544 0.4909441492682343
0.2798103376193908 0.4396914965477013
0.2632079542058224 0.3856032555255620
0.2716362435820027 0.3575360038435930
0.2985592618869901 0.3541875604864763
0.3314221335260154 0.3644512871514141
0.3534555608128000 0.3747639710219199
0.3475473931743643 0.3742920082312390
0.3058938115359365 0.3637507119819567
0.2380071932488966 0.3668855699790045
0.1644616247833606 0.4434304000952449
0.1030366001970692 0.7008115251639807
0.0606546139656353 1.2570934695890845
0.0383783395103172 1.9206796752687059
0.0437991523111810 1.2433648835455937
0.0777052185565726 0.6807148881512802
0.1434120847762523 0.4301065736733704
0.2414394019517974 0.3770716620185621
0.3545928516571384 0.4083242144242072
0.4358157748274874 0.4430558232102903
0.4352934476095814 0.4346139287938450
0.3627634392789364 0.3824295743418762
0.2668695951351591 0.3166275188250965
0.1797334831922065 0.2721340071973526
0.1118607583391706 0.2830699532445616
0.0645946576200756 0.3837996847548588
0.0359337411991296 0.5812514650443219
0.0237185650725596 0.7539647864739171
0.0276534158014995 0.5768012959389366
0.0337769860198257 0.7324297358406470
0.0603817924949257 0.3705967839203524
0.0943906725911991 0.2295416554709945
0.1265429535963488 0.1886220349670402
0.1443577939865525 0.1818245442588158
0.1393431844426236 0.1840936233560313
0.1136057156684331 0.2066037215669430
0.0779940752143776 0.3157033078048429
0.0441747619075690 0.7225379784710306
0.0205533623465555 2.1394037663482406
0.0097428090339690 7.2458006384921720
108.0395843173036496 27.3181892703433107
0.0121199144897902 7.2485769233269401
0.0254977607111563 2.1462509387519817
0.0545540486767265 0.7371032146140285
0.0964465560599610 0.3439831031565078
0.1426710585870793 0.2579375212227690
0.1829225014421377 0.2740701567885450
0.2079012401918892 0.3345618382118292
0.2140508943578227 0.4317675226244658
0.2041690563404381 0.5628076370706904
0.1870357934949831 0.6610708469917820
0.1792017170711285 0.5453623292698561
0.1925523681034499 0.4190408661084837
0.2249560091578025 0.3538208188681309
0.2667355029819964 0.3387130994835181
0.3033866798924313 0.3456953972980920
0.3189915806228039 0.3516932397894380
0.3020295185140037 0.3457561555329396
0.2524291171769747 0.3381892325625728
0.1838863337333911 0.3755491403094084
0.1158342118759659 0.5812601230579890
0.0639075381340627 1.2596977553931987
0.0341175886390641 3.0601715335314981
0.0217586582621989 6.4303137604500948
0.0295231680298653 3.0596199233740511
0.0639980092100470 1.2665046568301648
0.1357464142456098 0.6091323183536470
0.2458819941503889 0.4395791646039734
0.3747837853868797 0.4431183996673697
0.4635729963878533 0.4698909146385982
0.4511836415013756 0.4514241595266217
0.3599495146576857 0.3896662044517407
0.2523079795867560 0.3257141754015939
0.1608742273394167 0.3103542458042161
0.0931953168537227 0.4139595137840514
0.0488859237804643 0.7532213979929258
0.0239225333816029 1.4554267152935882
0.0136941814459049 2.2729139611776699
0.0177936911694942 1.4474362590637628
0.0233506478498055 1.4496478589533528
0.0454932704334181 0.5792391213477929
0.0744790724108236 0.2775803053245880
0.1012820439823816 0.1850448529485514
0.1153781406405070 0.1609443250370650
0.1105468596518668 0.1580677444014093
0.0892206696951488 0.1770686478277902
0.0602955986624482 0.2634008293884268
0.0332570775484746 0.5473139948087389
0.0145645519034592 1.3628751000060675
0.0060036025043513 3.4335461714131328
0.0057259067345562 7.2425575401374740
0.0121783994312019 3.4362661761636004
0.0257194114600820 1.3692826610425415
0.0508026150358535 0.5612677140116321
0.0835518912881124 0.2912852366574530
0.1138295004006985 0.2275790995858333
0.1308483539443410 0.2512191504604649
0.1299840967424340 0.3474013945863743
0.1166083191407094 0.5695280726538047
0.1002314785312933 0.9960028624166111
0.0880415579765013 1.4883066456100282
0.0946148681711436 0.9951667792585843
0.1209421691419036 0.5809222775033585
0.1632088775789988 0.3876225564427028
0.2108925396948540 0.3286332846702666
0.2490989737341906 0.3242859430134302
0.2646767795121518 0.3280477142024778
0.2507133464592102 0.3205896197698964
0.2086663151307912 0.3180863828560568
0.1496336062328803 0.3835017159387625
0.0897764024179521 0.7071649870238103
0.0442614320832276 1.9251124551420062
0.0226257655467902 6.4301523698853300
96.8424179217626886 24.3293880754795495
0.0282532410254118 6.4391007831509190
0.0625811623705934 1.9512303288657842
0.1406967777873729 0.7660427814742699
0.2624758339137759 0.4915101086693870
0.4061698233393945 0.4771583984769797
0.5005051971879310 0.4990677743239614
0.4734453948104097 0.4713597694214259
0.3629436561830912 0.4013113038108875
0.2441584222139668 0.3426302194423257
0.1484261602537326 0.3699679392353069
0.0799526826959586 0.6285338833371866
0.0375419288269814 1.4733885764908756
0.0168105456639966 3.6717657599270961
0.0088354707505554 7.7369499150001317
0.0113372037882459 3.6623356607207604
0.0187887062702366 2.2746982654863239
0.0378996611726164 0.7546880772776475
0.0630821515950663 0.3104006483981412
0.0851218293946573 0.1816395768487781
0.0954054454585834 0.1468712978489736
0.0898835961450595 0.1411135397276146
0.0716716164208586 0.1552486631725607
0.0483316178146467 0.2098273431596475
0.0273110595943367 0.3568178572256309
0.0132625746556943 0.6986522505285448
0.0071555588449271 1.3647782003809619
0.0088467588483191 2.1326741674638918
0.0182233823033806 1.3610781363259807
0.0341072875463564 0.6921353027055677
0.0569248421970759 0.3542564440847958
0.0817860065893657 0.2253901181315661
0.0985505952960565 0.2016981850614615
0.0986733321866450 0.2507899622280496
0.0825895039103552 0.4285209659726085
0.0605257366125423 0.9433048626580010
0.0448562770525015 2.2675871167816135
0.0394034765232049 4.7322100720984768
0.0460770683225488 2.2757792745984062
0.0702495997172199 0.9676647359787354
0.1095811860576226 0.4808101465336779
0.1519345768245580 0.3406202700387642
0.1845015589683811 0.3240488003354930
0.1999722619919931 0.3325591917313515
0.1961545712556084 0.3166460323121451
0.1724625198406722 0.3027721929719179
0.1321950530860944 0.3436170143293434
0.0858371786676561 0.5578572697899180
0.0475344990853028 1.2451022532213432
0.0262156464691031 3.0531400496077499
0.0217658929757924 6.4302197887248997
0.0364005444408742 3.0663534438444784
0.0773353741221328 1.2810743639832531
0.1603712150075803 0.6343883186282012
0.2898768314979104 0.4783075333238763
0.4426910227594772 0.4934448812929525
0.5363012941910887 0.5198856642420603
0.4943660272531468 0.4865480907928382
0.3696395078904043 0.4109718417259635
0.2439770538265371 0.3555568293515627
0.1458212883514936 0.4130430543970433
0.0763053524775956 0.8097536224881379
0.0344003077318440 2.3013676447577014
0.0163349061437058 7.7481387918521412
115.7232719772921996 29.2210806431002084
0.0100301627014668 7.7374136248234420
0.0250929219011824 1.4539037401555708
0.0420800750882392 0.5775490441567893
0.0627758231119967 0.2679520980724975
0.0788191346649302 0.1675792620642230
0.0833629844649343 0.1399251879491352
0.0748699436926906 0.1411538125041676
0.0576177196160477 0.1655767326883659
0.0382361481435733 0.2192231516712641
0.0221952244610178 0.3009759862169517
0.0126515050868784 0.4037867015612330
0.0104801262733504 0.5721537841926857
0.0158741597968156 0.7180010801982112
0.0286870421205990 0.5430198692672915
0.0473704331411624 0.3435904256225336
0.0693760403439296 0.2260214918722390
0.0882799105854795 0.1805067310848891
0.0950433644688169 0.1844754072027759
0.0845365069209883 0.2535150506316868
0.0608209917784694 0.5090867897270853
0.0348142227194270 1.4091134827872895
0.0203370566739122 4.7015302336217024
70.7039222238471439 17.7694794283819668
0.0227773317712154 4.7156969497490957
0.0402958393543758 1.4436904275107709
0.0711157528663772 0.5783928489100311
0.1001898217658658 0.3814517448504124
0.1202511826854376 0.3964320213330695
0.1322907994063286 0.4515699266614481
0.1394773007640914 0.3881848079833898
0.1396554844032342 0.3230864963158438
0.1265077886813398 0.3120212738729383
0.0998084667521323 0.3983674254458782
0.0699420550249002 0.6719112766084812
0.0473564837653809 1.2431999670264842
0.0391225611402129 1.9197201496688254
0.0558308169622676 1.2545209695830657
0.1023067899506942 0.7057686179782278
0.1881530369664738 0.4735283843268974
0.3179469504982347 0.4423962451913473
0.4666002756993473 0.4907803841246149
0.5503477342889965 0.5224441555293098
0.5008000907127509 0.4883213007084449
0.3750169595893908 0.4117599974072153
0.2508811133986562 0.3506255105632544
0.1541278856302758 0.3781626937590102
0.0856439042152603 0.6377514722661441
0.0434227376105640 1.4834980024962729
0.0232153164918484 3.6822656820293242
0.0155384594862645 7.7469603320343117
0.0162159380555720 3.6703462119489605
0.0442639039642814 0.7452451516709482
0.0591943222727092 0.3710385903542027
0.0739767987676844 0.2132574709304351
0.0815649548775764 0.1565996354307914
0.0776639205621973 0.1464687614905504
0.0636824158894148 0.1716992179633617
0.0453063647724449 0.2456516579604689
0.0283372037975168 0.3770298638631829
0.0162532863955917 0.5027557030429021
0.0112129958056660 0.4378235083358343
0.0138410729055165 0.3699506767783529
0.0239941886170834 0.3332493320924220
0.0409289908551264 0.2644337962445194
0.0623292239804518 0.2019082356901550
0.0837031795016808 0.1672743526803985
0.0979523404155298 0.1575246289184205
0.0979703885693969 0.1688025124830870
0.0819849778369004 0.2206704863246763
0.0562022650637693 0.3925953438948324
0.0311211530393032 0.9024510133543899
0.0158276798584066 2.2260833497387096
0.0130034309128880 4.6951753389579824
0.0198562858075332 2.2471267074768293
0.0338825124183131 0.9532331059150562
0.0513207985698526 0.5028282001258729
0.0623061868052782 0.4647264875353967
0.0664132015628621 0.6798392700807747
0.0717862929172071 0.9880461218836991
0.0879860877280112 0.6805008394951448
0.1112141121453398 0.4340735812818714
0.1293195561689962 0.3306665887758046
0.1276316441615643 0.3248789799320111
0.1085843036752225 0.4003089039499276
0.0863888147692228 0.5534799823574286
0.0754901004807852 0.6916643826473273
0.0886412735574436 0.5567756777383670
0.1328188777975620 0.4181925452963265
0.2137412072284224 0.3730039308244512
0.3313595458950168 0.4065915553630701
0.4593009191879455 0.4688333563722077
0.5266709289572963 0.5013064845535984
0.4826597775106976 0.4723937504139778
0.3733329752437498 0.4032010475591613
0.2621528409597362 0.3388944653300026
0.1728492968344134 0.3271636510742162
0.1078447380949935 0.4350292704900551
0.0653916696129170 0.7773444595070169
0.0415433729380940 1.4806851163535604
0.0316590283455233 2.2970702777305103
0.0339266306661787 1.4677236601826857
0.0794957662297776 0.3951898400469872
0.0898128401326160 0.2548342199901303
0.0957109142764460 0.1853455094899674
0.0917752749677235 0.1600105550429052
0.0769960863841731 0.1726799617491984
0.0557834176293389 0.2507539516154764
0.0349849693102715 0.4627703491791448
0.0194036174120030 0.8890879747350674
0.0100510609031315 1.3861797299015322
0.0088773985515312 0.9056127376289791
0.0159265730289362 0.4946935961026131
0.0306930194898492 0.2884467948886242
0.0516070805799769 0.1961280117603112
0.0748939025260504 0.1584514363043597
0.0947309599114935 0.1474798985688220
0.1044757430287921 0.1488533180868627
0.0997431758830923 0.1584192566201026
0.0817742056956373 0.1868276263229864
0.0576047967452029 0.2693184332718034
0.0362612331109449 0.4784454293438469
0.0242261571099554 0.9020904778464222
0.0241930345428853 1.4044883372915287
0.0348388667934634 0.9312920917909118
0.0465559641744578 0.5526128909161553
0.0513514148983354 0.4536403141784929
0.0441241237322973 0.6877485269251291
0.0335568681046764 1.5016371267042061
0.0351284435028585 3.1039829769870213
0.0550986293061877 1.5149693588516542
0.0959931679684505 0.6985810211392351
0.1434493832168045 0.4095341910670549
0.1670345393862187 0.3263784522768359
0.1586410497584155 0.3154816098509330
0.1350631189263914 0.3354149353159966
0.1179286863697388 0.3537685259979646
0.1224865724883573 0.3258379074441415
0.1564551647084879 0.3050477228628266
0.2226885768784391 0.3210567000121806
0.3166587928234482 0.3708186322300786
0.4141341250138125 0.4286976045678844
0.4651569359077823 0.4586186404488977
0.4370576286979130 0.4403060788757488
0.3577344936452573 0.3873933986220303
0.2712005378714997 0.3300915548750518
0.1978722636624584 0.2981171938025193
0.1418028055306091 0.3206945921728282
0.1027349922606504 0.4291409251071967
0.0791484660603054 0.6291306930424704
0.0690983473201191 0.7992805178626854
0.0708069683180382 0.6152358319372507
0.1319399092349481 0.2746395265673988
0.1328219678847889 0.2204540478389827
0.1254308848478786 0.1871494241612801
0.1070562372087795 0.1773247109961318
0.0802405483589139 0.2152807954815778
0.0515046001996049 0.3822059998458760
0.0278378779139737 0.8927877935777683
0.0134615353392567 2.2103579095571906
0.0065895996551286 4.6438751441036512
0.0075313874569298 2.2131187400261796
0.0174672569361767 0.8970695395212739
0.0358012591408284 0.3835178173239964
0.0592652492526365 0.2068895694194743
0.0823824656813432 0.1544993607398569
0.0985902818659376 0.1451241349744367
0.1027927319584401 0.1499189529889287
0.0939989142064538 0.1614849431838205
0.0760918428451801 0.1822102210312794
0.0561080078930594 0.2191322402502123
0.0413132969968731 0.2857972694707569
0.0366772811796660 0.4029044131587118
0.0442892821820031 0.5140413281859976
0.0605779695001281 0.4333148374989966
0.0740621971701873 0.3682159979712478
0.0723934925837209 0.4594182428340023
0.0527686995493391 0.9933733984118701
0.0333247913063553 3.1097603407227696
47.0576713109442508 11.7239041981468795
0.0559303477628284 3.1338883525679631
0.1079740180209832 1.0366832652047151
0.1764913549317032 0.5019095024950135
0.2152577615790046 0.3595736490520151
0.2089709083235399 0.3107939749891975
0.1772676585872815 0.2867221413061777
0.1480468889068141 0.2744791166357113
0.1388968023787158 0.2686076438372620
0.1570996718107725 0.2764647918653089
0.2032818101161380 0.2981946914355916
0.2702288684523917 0.3357245431913866
0.3382589374491768 0.3780449407257008
0.3761866266219803 0.4040537485463165
0.3651613412833510 0.3997904917399563
0.3196798797236340 0.3693922487847714
0.2666729573142606 0.3275228053259441
0.2202937058232377 0.2949137732119015
0.1832144622099630 0.2865018986644570
0.1554420157241331 0.3100670522888058
0.1374242274423157 0.3587810390622179
0.1291974981591004 0.3915191995126990
0.1286938733458277 0.3438328345689774
0.1972405982790965 0.2653401257675320
0.1824676295606256 0.2329471396866908
0.1572009468912060 0.2060645350987358
0.1229445216908967 0.1977397372428586
0.0851789436424625 0.2494375316001782
0.0505943578754952 0.4944824493351574
0.0244356532728917 1.3884661146478596
0.0111059609944990 4.6457996418187504
69.0721080638727898 17.4760596200943361
0.0102257382831219 4.6457797586784881
0.0212441617281318 1.3861009269243507
0.0416067217690977 0.4853207423280121
0.0651690935464355 0.2280894680687614
0.0850430334315444 0.1600208498685810
0.0947959553659929 0.1508192360365029
0.0919296650718950 0.1649577174878021
0.0790789469237395 0.1975687421166510
0.0620286681624955 0.2463033820021047
0.0472336898109349 0.2872372725318735
0.0405722951764966 0.2791786709728187
0.0457751062184355 0.2738247104266564
0.0639233820798260 0.2830778440831110
0.0907952013100050 0.2766311126213503
0.1135612375510952 0.2935930018880911
0.1162457659209714 0.3900397777358545
0.0956492159415171 0.6990316319725904
0.0700251227524498 1.5355802292289082
0.0642233378685951 3.1454131000407468
0.0947175634586140 1.5652504684335131
0.1576384077149967 0.7591317112219043
0.2293161529565472 0.4732891480422705
0.2632981374581588 0.3744979871679384
0.2436463353254218 0.3236355840363038
0.1959118806936873 0.2906504834373000
0.1513795497790994 0.2812214977822111
0.1273316459852100 0.2983591518377389
0.1299046224912033 0.3239512839394353
0.1578370100182666 0.3201290715039543
0.2022140401660974 0.3196238910864256
0.2472136999735922 0.3350222842647907
0.2738474851054986 0.3567924754993692
0.2731027342762893 0.3725170557456870
0.2550677274328011 0.3713694496737688
0.2373713669444288 0.3416149534559624
0.2277418742521793 0.3132018139909310
0.2229988525573242 0.3009173795213192
0.2184497646126624 0.3038720235999997
0.2132297793087341 0.3139030320029956
0.2086815675702107 0.3164063652219958
0.2043959124414850 0.2966740429966446
0.2640355774738535 0.2990527614168562
0.2265634767899083 0.2625025194849896
0.1805520119180473 0.2283535657744847
0.1319276305996216 0.2101422668188345
0.0869615596124197 0.2388162002094659
0.0504060757404746 0.3968940527150298
0.0250103665259910 0.9007053561928962
0.0119078579430539 2.2143112182868832
0.0102502125387354 4.6463117406820311
0.0174268392865413 2.2145765466524479
0.0311687956036288 0.8969081707165922
0.0514129805919691 0.3827408241715691
0.0721805445533407 0.2083181620333201
0.0855178760994463 0.1608803387422707
0.0863062518317997 0.1654603426819007
0.0755056662112451 0.2108914774125411
0.0589010908013648 0.3151734977600464
0.0428251051523027 0.4862080871091840
0.0323727765920201 0.6324942402346890
0.0328521850803569 0.4983196452049214
0.0472199247780824 0.3463865966560469
0.0765381658020814 0.2685296590598510
0.1173271558688241 0.2512520527704213
0.1568991442190629 0.2765999575889028
0.1759934296972424 0.3419622767891808
0.1653840726823212 0.4771902051747784
0.1404394446426810 0.7401964276339731
0.1301858378091155 1.0614052833956344
0.1624553645290007 0.7668494855210575
0.2240348024436055 0.5342870115172145
0.2807774506802995 0.4271172507842756
0.2906869657694740 0.3723950316191757
0.2484448103714660 0.3324164927045938
0.1846815239239213 0.3171990960602293
0.1287754741970345 0.3565891442122777
0.0946840352290364 0.4645905793967802
0.0866508763565502 0.5714359249483256
0.1022743676919970 0.4736839934060854
0.1308155594764272 0.3701818691409801
0.1589524917262062 0.3312095655604555
0.1748218653797086 0.3527247005022953
0.1760534116115204 0.4173268544982948
0.1737542548941880 0.4778097719329753
0.1840128924361137 0.4197909450365045
0.2128828373545301 0.3635134868721265
0.2513489606492233 0.3443850857579743
0.2840526026599148 0.3478728121544788
0.3012663252942929 0.3538095090976817
0.3023218045451357 0.3495459379645843
0.2895712296681506 0.3301200133420943
0.3125669801760625 0.3376496885292939
0.2483736529768819 0.2904394115254395
0.1837595319557816 0.2509551403975927
0.1263980734032398 0.2286979788350316
0.0804163206368375 0.2336630624116142
0.0471213178630890 0.2930255136235247
0.0261641330756966 0.4860483791220945
0.0166196635361643 0.8989947607927293
0.0180346292344424 1.3870283982408971
0.0296338980541632 0.8970111882370743
0.0467758153980194 0.4745886037817195
0.0664594300813801 0.2622908055570134
0.0821282368824742 0.1802453479587592
0.0865149800581985 0.1636496872962681
0.0773193923504362 0.1966354923530226
0.0591560283968987 0.3146468258278404
0.0399631635525974 0.6094535461643837
0.0252756576515162 1.1888675392401409
0.0178501177085049 1.8585061416019653
0.0229797863073665 1.1975882677557086
0.0430434234001693 0.6333147352024903
0.0807919257956559 0.3637398659707098
0.1345191114838644 0.2809037548843168
0.1928574934804914 0.2877672016837488
0.2350396587224624 0.3311095015065036
0.2443499116314080 0.3917526161164281
0.2293317106365899 0.4704281951436627
0.2198315568824488 0.5385948888197153
0.2393969315954844 0.4849477116425397
0.2788052399647626 0.4267609545510319
0.3038735390746889 0.3887312911949924
0.2844502988674206 0.3566574520446494
0.2250727632686084 0.3377246807012221
0.1542171377521366 0.3784842672422163
0.0956369578504345 0.5648917941562378
0.0590215521425968 0.9888834306528769
0.0455654630832080 1.5020185055405004
0.0544599894098123 0.9917900291488999
0.0722572003316220 0.5724394536969372
0.0883341283197471 0.4077714868043921
0.0951414145759118 0.4504057903674575
0.0936353241444222 0.6798984265836238
0.0963507096232558 0.9845770004289862
0.1243060204668418 0.7021162947591437
0.1834263927126114 0.4878318899853306
0.2658990449197193 0.4147848073354342
0.3446180515712883 0.4122954884315451
0.3914188341684538 0.4203746157606760
0.3961787722800200 0.4115472985794024
0.3658249138750227 0.3815968943467422
0.3236634468117948 0.3622851327170396
0.2376089595753969 0.3139567872149748
0.1629256846866427 0.2911220067989104
0.1049846282419012 0.2979870388615587
0.0641619481279747 0.3112799894939035
0.0387673305943913 0.2929701254481721
0.0261050360208055 0.3107377111016336
0.0239993481111695 0.3994001087209895
0.0316419922822026 0.4905665872239403
0.0473558749600934 0.3839067922587028
0.0669918559719414 0.2628044816441182
0.0850299590012730 0.1916542128989319
0.0941729905689530 0.1640300139969994
0.0890891774014982 0.1719742984993771
0.0709653877162085 0.2429574982018912
0.0471918716169658 0.4848544021431035
0.0267005325341068 1.1878212400141221
0.0145551571413505 2.9807514994493816
0.0105897613477698 6.2874791535229066
0.0170282381014691 2.9910593651763344
0.0382193553340881 1.2140907684318627
0.0806295466610882 0.5372245679720985
0.1426103026414511 0.3325385428643714
0.2134861618768478 0.3050494397076115
0.2724724556030536 0.3326986436328987
0.2982558617208126 0.3660182373919021
0.2918363251403410 0.3907239907545534
0.2785769858746152 0.4023952693548741
0.2802831400408621 0.3883973029777755
0.2913297006701852 0.3693755816876440
0.2878062764722720 0.3494365867333460
0.2516986511760740 0.3307077615575079
0.1889478004137705 0.3443529925420080
0.1210349977568626 0.4867294319539303
0.0668083344175363 0.9949062284277991
0.0352588609386731 2.3684761447207858
0.0230015206346275 4.9475644261588929
0.0249111562723830 2.3719796071679093
0.0343019919412934 1.0153629640689317
0.0429708365653406 0.5818393512750074
0.0442262432287626 0.7073505330381242
0.0404971529495114 1.4661137684081866
0.0476322032240323 3.0024273090460589
0.0827289559781928 1.4976589939938569
0.1593542174344278 0.7455036185539630
0.2765274813557397 0.5143376662635296
0.3961826000691935 0.4803266752178216
0.4675389981016667 0.4834562417973390
0.4658755834435953 0.4649346581735124
0.4076729502796032 0.4192922149735259
0.2974639965306568 0.3740334770088110
0.2016389669453052 0.3521384529648016
0.1270464301198800 0.4021860401854717
0.0750034106730116 0.5355064566292512
0.0423179935083710 0.6571425857255109
0.0265314040262040 0.5050455452196040
0.0235752567191802 0.3456294932890586
0.0301823601161069 0.2705066834930417
0.0449699847061144 0.2477847086955939
0.0655165629720282 0.2126811508229160
0.0869212837340163 0.1806446796015633
0.1023252620080762 0.1623332693226327
0.1049189837167790 0.1578941694083530
0.0921039680806249 0.1775440075696980
0.0680441218869325 0.2737732277442244
0.0411944121029547 0.6264906016420738
0.0200651547894717 1.8534687125157436
0.0099733066251135 6.2834043279169833
93.9437440196832938 23.7230981408800972
0.0173130310094451 6.2969182932834737
0.0377526887415705 1.8845298315123900
0.0820518880441144 0.6837419428989876
0.1461502980434830 0.3664424109567085
0.2183342226058005 0.3104801430898676
0.2780344123107095 0.3254515982561229
0.3043712484943492 0.3456648038086579
0.2969983391240760 0.3532418535865659
0.2773952802960622 0.3501025973145154
0.2647230130034382 0.3392072721717427
0.2582481975503169 0.3241000359174855
0.2436069909223030 0.3069366336835470
0.2084470647692220 0.2971949525670064
0.1546946816997283 0.3384056888137447
0.0963709470371062 0.5763299538657060
0.0485913215969197 1.5006206210716038
0.0240749950075323 4.9442366908459991
73.9341689816534995 18.6255678492339207
0.0122577951853330 4.9502304729919571
0.0173807157184266 1.5363141965104214
0.0235589590880819 0.7410784450407445
0.0225121512810622 1.0192753241885539
0.0182374665253052 2.9925911035785977
44.9037448004367974 11.2220497618630120
0.0730695285387676 3.0335211623016027
0.1590502647190699 1.0610394299905235
0.2984245561386653 0.6045251255715134
0.4394578754522396 0.5319323544410607
0.5143776148278738 0.5241753149909661
0.4913749641119949 0.4917079574899964
0.4033958469517314 0.4323305242512490
0.2553430621385454 0.3892087789507633
0.1595553769032195 0.4410307439983759
0.0909201523032947 0.6880574772935406
0.0477823971987247 1.2400354456655864
0.0228534408560164 1.8956651322941496
0.0149658518435831 1.2061270764981851
0.0197151392041528 0.6172560123195516
0.0332471177183770 0.3239695023233240
0.0540115077652296 0.2095868226388348
0.0783123182919601 0.1687767356138795
0.1000548197251694 0.1558097813369592
0.1121342564279808 0.1526195093339154
0.1095057690751521 0.1537424523814030
0.0924050205116192 0.1688485028002050
0.0666355950218183 0.2388840453955048
0.0403654778194298 0.4790245099634960
0.0206198699396132 1.1820492805818503
0.0108283960175413 2.9770975947637881
0.0119915047262495 6.2875460836690902
0.0234154436637650 2.9946874347652370
0.0469575003859280 1.2194345164067817
0.0903503410212131 0.5416771074442543
0.1498970236282946 0.3319695351259764
0.2120502955741524 0.2934739283651791
0.2566211767483668 0.3042221328143017
0.2684545790223246 0.3174434991873118
0.2521078304728667 0.3226422697028545
0.2270294737040821 0.3230240655849901
0.2087912630893991 0.3168161622445194
0.1988493082927889 0.2965749506370312
0.1881311981355231 0.2726838118374423
0.1660343137352598 0.2596861587495284
0.1295886907602797 0.2891514884827771
0.0862804361655676 0.4499968984626752
0.0486630203349260 0.9729776152489722
0.0264965796414530 2.3553052371958878
0.0168909039000637 4.9369715284669775
0.0161385221270873 2.3593125480089565
0.0219347091702805 0.9988805622176723
0.0277079940095531 0.5622790721125788
0.0276067543783632 0.6874326864549534
0.0245015856990966 1.4501533155343607
0.0403132484714349 2.9967816966534193
0.0930937032025739 1.5087494902904433
0.1908668856317935 0.7769176197536508
0.3354481541722349 0.5656602057777039
0.4744567774990897 0.5415764467849037
0.5299342321766205 0.5351929233999887
0.4789057768228391 0.4925457071718161
0.3701899267358386 0.4287995263100532
0.2208040283780415 0.4192682272269401
0.1276533238656588 0.5996273043752569
0.0645751970651550 1.2650039695781985
0.0308731909900142 3.0538428043568566
0.0133485683390365 6.3942749111474395
0.0088623242295708 3.0232740812219103
0.0167869893217576 1.1988634162959593
0.0337860917599724 0.4850218161572893
0.0574371169713022 0.2401450139499443
0.0824616567182401 0.1668226468846443
0.1020002230076741 0.1506701160643728
0.1099403954530417 0.1500900537344414
0.1038697618355687 0.1519193716292634
0.0863214097712318 0.1585689449718262
0.0632832093336012 0.1912037844536596
0.0413192181260201 0.3047297898126582
0.0254875403225851 0.5987187301272209
0.0181527855051123 1.1820652522948165
0.0214770007047200 1.8587001153413567
0.0375334804497203 1.2044291031459580
0.0653633651407872 0.6434206337380136
0.1069487439045505 0.3723111146958967
0.1567816711195829 0.2810246724977780
0.2001916045950891 0.2683835736277688
0.2206161465735735 0.2796562879620867
0.2122860796372992 0.2962253413992913
0.1857987034349302 0.3215483656263138
0.1580614539129602 0.3586201398649431
0.1403452200094139 0.3805707714198747
0.1341564767079266 0.3355027708794496
0.1334343897461118 0.2770069307015801
0.1288965270569259 0.2400249574627273
0.1140953808900148 0.2413781254391401
0.0899728603200171 0.3129700156554572
0.0643971394839997 0.5258177993544861
0.0451508788030419 0.9649715519734178
0.0343664944164129 1.4808793542006935
0.0345616909318973 0.9639113510149929
0.0407170955176651 0.5341129924508460
0.0469437839420392 0.3609275664754252
0.0492698112741346 0.4017475952716495
0.0514914584442982 0.6393660028646592
0.0707950486125775 0.9641449719837627
0.1300784221084220 0.7137759926805649
0.2343405361579953 0.5400025793045680
0.3738016327171591 0.5075082265250302
0.4941213445308156 0.5282329585528939
0.5237125754425084 0.5260044176811755
0.4535203764099505 0.4806273400958352
0.3366258552477715 0.4229302940610146
0.2079653356518650 0.4440323077689621
0.1157922412585428 0.7395759505907107
0.0540209056509920 1.9392369996502976
0.0254293024914094 6.4119349925082441
95.7469959759593365 24.1446769390535110
0.0083857310082811 6.3836877205592613
0.0164662974249256 1.8768241239395804
0.0340430827727886 0.6285694155990982
0.0569604384527228 0.2687123296025727
0.0787384293098348 0.1704173749774427
0.0929350389130372 0.1518454658429877
0.0957005308875510 0.1569170328025849
0.0875253716010953 0.1669323191495943
0.0723510131795348 0.1730450108433988
0.0553949979379490 0.1758520033543686
0.0411460005404544 0.2071620240254341
0.0327207813426423 0.3042507217736558
0.0321467216742168 0.4779534495992898
0.0415340821006102 0.6322978231381109
0.0621592031198504 0.5048857519156945
0.0927942008232441 0.3538804121303876
0.1306274472655698 0.2717774331083563
0.1666854516120255 0.2469110173031942
0.1869984702347665 0.2501314687293111
0.1820904876210779 0.2679543679474141
0.1559008764925603 0.3119468560510067
0.1225036415698891 0.4130439830228894
0.0947282852366738 0.5859394153404969
0.0793324578009723 0.7320189736064029
0.0783638156850908 0.5685866331257228
0.0871298715409075 0.3791411207433736
0.0986330332331005 0.2662540272695192
0.1054654402101242 0.2249458671974568
0.1027175324621705 0.2389224143338132
0.0917970050228908 0.3088237443950294
0.0784136864742842 0.4334979980460311
0.0679686705367699 0.5392267882590785
0.0642402248273357 0.4261580005554502
0.0663148320404368 0.3015304235232821
0.0701440333136537 0.2454867345720084
0.0734610651323136 0.2627583850262250
0.0809134073624236 0.3402107589487675
0.1064234868354416 0.4303393108517856
0.1665232085698754 0.4183875046217529
0.2660723960812823 0.4205466031107976
0.3898928520644787 0.4608306672638461
0.4894590102184166 0.5030457548449991
0.5071839464457645 0.5074121906450002
0.4363520321332073 0.4677259237422557
0.3219496232730623 0.4195703737998706
0.2210034269404445 0.4170857681733420
0.1281537151836995 0.5995243864671632
0.0646850578367974 1.2654346276521267
0.0310420290868557 3.0547088878368531
0.0153017425115648 6.3958471237240495
0.0130592336361831 3.0249400447372921
0.0217334878414994 1.1989148109751115
0.0375047545001646 0.4820632633573265
0.0560718671795976 0.2351206573840875
0.0708692273876380 0.1653299467713839
0.0770554697809231 0.1637810415171929
0.0739106019836872 0.1952965079096020
0.0643332402802860 0.2432536490082472
0.0525958858057358 0.2739297598892556
0.0428667921289603 0.2396948811582491
0.0380343295935514 0.2019502824271604
0.0396700554708117 0.2018401828973829
0.0489417427215223 0.2409887494954829
0.0669660171092211 0.2823835178508839
0.0936330740174705 0.2688668300179327
0.1262456157005337 0.2440261106938479
0.1582668350557010 0.2330301861420491
0.1784917860450060 0.2348717814927582
0.1760922158894423 0.2460752343623538
0.1499850362005675 0.2827462651522545
0.1113575018994973 0.4000220692683764
0.0752035454327290 0.7072008593031128
0.0499418898135108 1.3270366647456140
0.0373234822019216 2.0492069059869671
0.0398956236935055 1.3154930880209144
0.0543143545580847 0.6845771729955099
0.0771268233602649 0.3682263341606639
0.1021120423412992 0.2479770575251198
0.1200834439759777 0.2207233396578291
0.1254303902209757 0.2346130868132301
0.1192806384107884 0.2643604616208713
0.1074766999337075 0.2814090964071710
0.0963494988243710 0.2503825847964806
0.0888548344822584 0.2156038679632110
0.0847192293493359 0.2058625934144334
0.0844285260649745 0.2256373784457684
0.0929108073634993 0.2638344161148959
0.1202058276084214 0.2990203814416527
0.1766646882940477 0.3221087178236729
0.2642726688226222 0.3613871177045908
0.3702848022311171 0.4186698901265861
0.4598559461975304 0.4696139421834026
0.4873619171431950 0.4856344240747814
0.4352890958126682 0.4585695922316920
0.3323125699342830 0.4142876401411450
0.2561532119460738 0.3859500084592966
0.1600871266897950 0.4409797135773010
0.0904982233133830 0.6887124894618117
0.0481966140944506 1.2414589195043648
0.0272083127744901 1.8978703665944734
0.0250029443330773 1.2069289558455734
0.0334236481740534 0.6118853088001591
0.0459732741564008 0.3088541020304100
0.0575763640959017 0.1902159592184664
0.0628421101449770 0.1675725002287116
0.0598394442059201 0.2089891755228311
0.0510526262095641 0.3200005556453767
0.0405867419745609 0.5010252018018975
0.0318677373741403 0.6504474536295521
0.0284667096850644 0.4957050419911878
0.0322114766317936 0.3161765311043920
0.0439738660650006 0.2162493375111359
0.0640952512863247 0.1877026229460525
0.0920751856884601 0.1947998936226479
0.1258728830990766 0.2063875679879034
0.1603203758864238 0.2183642705957544
0.1860864640112730 0.2298515476646119
0.1916862493404616 0.2390359603776956
0.1709732348274044 0.2555059494934599
0.1299816132216816 0.3239318792082607
0.0836617839683173 0.5721827350766898
0.0468696796498282 1.3238836100992151
0.0265766224650150 3.2721531118191680
0.0184931955208822 6.8888353923752614
0.0210158655289845 3.2652701696583004
0.0363935136538878 1.3105528468910386
0.0663434054311365 0.5530237669978060
0.1047025285083152 0.3012414080069052
0.1394440604853184 0.2341177357694758
0.1589775742399685 0.2251347440308354
0.1584749200329512 0.2268735891391286
0.1424625500672911 0.2221376424672492
0.1201789958649419 0.2085856333452901
0.0990511246659494 0.2051483785740483
0.0831486756024025 0.2290027439663333
0.0754504938979906 0.2810503579176537
0.0806308091233284 0.3305097223274426
0.1053472524464386 0.3248948660445207
0.1548414198834965 0.3138255723909520
0.2297965560159897 0.3322181127866257
0.3230106828680839 0.3790282213059982
0.4133720069542042 0.4318884818156661
0.4646696799106314 0.4625827353585775
0.4456523881079034 0.4535622920675565
0.3630232379988489 0.4142165445594412
0.2991209234792097 0.3716678809294725
0.2002856234693797 0.3523554237214840
0.1240005163332109 0.4027813723591229
0.0751813783332092 0.5369026414152227
0.0508426853492299 0.6574156106292033
0.0459797222312472 0.4965732106947703
0.0515132569245912 0.3144812753539913
0.0590771009898166 0.2054778893815066
0.0622581750406242 0.1669848213670534
0.0574013174206169 0.1935180937620344
0.0458574673772937 0.3184976168491719
0.0327512663752568 0.6332241610667471
0.0222699574987288 1.2472734485145942
0.0158661865783181 1.9518738158247779
0.0167396625219791 1.2444939790689449
0.0262686059014589 0.6320272903466053
0.0458917307635337 0.3253840472351357
0.0755981803670778 0.2127389149686351
0.1129782300022603 0.1915783318029823
0.1535575656029824 0.2047468627561247
0.1897339207696209 0.2260784740479591
0.2106804478396035 0.2428171165535475
0.2061674542280234 0.2516766765533018
0.1742854711328848 0.2690271712485359
0.1252434185512168 0.3595750109150181
0.0747640444169823 0.7264090051274260
0.0370531499253895 2.0505151364235195
0.0197292314883693 6.8915601459358298
103.4949771153595890 26.0492601733411675
0.0177538398729901 6.8877972963430567
0.0336520210670062 2.0433383461594037
0.0686712948060172 0.7160128754341073
0.1157206248379256 0.3466195004760464
0.1609854644010955 0.2547218029615277
0.1887699423325225 0.2375547054305840
0.1891443335469236 0.2309323497678440
0.1654610239539616 0.2207572610552039
0.1301934553308626 0.2173989544575384
0.0953965292016038 0.2480186426489759
0.0685922475431303 0.3460049456741182
0.0535635688704477 0.5222805400598269
0.0539233723676693 0.6800043930702516
0.0743576434487004 0.5506047363958511
0.1163246814776002 0.4045711572973898
0.1808135415404310 0.3413555198872699
0.2655589459493433 0.3503949112550540
0.3590975301680505 0.3945499565052465
0.4340997507414792 0.4362537905976835
0.4520635174039864 0.4462669118741964
0.3971926341445658 0.4171339160333087
0.3249766716460184 0.3631155787994690
0.2296102864562441 0.3154489810134786
0.1517990891765993 0.2929840840334229
0.1008513527158090 0.3000515237366793
0.0752477426196286 0.3045986455338386
0.0685474994695565 0.2542082927471811
0.0712020928799313 0.1967257865561058
0.0737507897556020 0.1629215909038046
0.0693286311996057 0.1665690196798638
0.0560495567618477 0.2419928920923646
0.0378485009952517 0.5013725407337388
0.0216906104608319 1.2482653824844196
0.0122838816832066 3.1441873581251234
0.0085043376162959 6.6330529585232778
0.0110247631385096 3.1450045058523344
0.0229556599975558 1.2531952467694816
0.0478459076140363 0.5159925461650164
0.0844586507857022 0.2723175112002141
0.1283706217395744 0.2149737267103639
0.1730261275571680 0.2219020334500097
0.2095716046517040 0.2445543540983249
0.2279068790473972 0.2618817246796991
0.2201457551901174 0.2676611921958104
0.1861274423794416 0.2757639244477811
0.1363440124659908 0.3361231652312396
0.0860529835296096 0.5791486722742459
0.0481251038418130 1.3284729254600618
0.0279344921296225 3.2763821915739917
0.0216409406526944 6.8943267443315737
0.0275425553598932 3.2735480765644911
0.0480134479115934 1.3232961925920872
0.0864053389966144 0.5720551400408601
0.1373087316152774 0.3272549698151660
0.1862577442237709 0.2644365769629407
0.2145783766249606 0.2526131659014640
0.2098850118063120 0.2444591271035851
0.1761643835619196 0.2357818459365697
0.1291552489467213 0.2530614317331426
0.0842700890998370 0.3559864968627363
0.0508770249483537 0.6485515368803607
0.0318375689099704 1.2440339259218844
0.0286198618449611 1.9402299258660982
0.0448459067725471 1.2614058166252955
0.0790624168464002 0.6851655422140820
0.1342281604967757 0.4162514828066910
0.2112160562584950 0.3430548974374252
0.3032983897419492 0.3607900892327023
0.3902355326548703 0.4029129632679281
0.4348784112790634 0.4261477785734190
0.4078933505078537 0.4097724963856104
0.3102932197745837 0.3445677924081119
0.2272594557656410 0.2994709533471820
0.1563781966940479 0.2654918390265903
0.1095956094077137 0.2439917499610717
0.0869455479749912 0.2197341604514508
0.0819306474106487 0.1880855501429987
0.0847601478426725 0.1621844582157933
0.0855287350217712 0.1521362438193609
0.0773421730083466 0.1729367205248433
0.0594906343782600 0.2786882708329266
0.0373487906319952 0.6565044675261339
0.0189321233033017 1.9566611697048921
0.0100286747325526 6.6355738909228883
99.0861233829627110 25.0361326863959377
0.0126226870977270 6.6403085051715722
0.0255200145527400 1.9684611404737948
0.0536149898578559 0.6803895112259505
0.0935500754939169 0.3210982749960314
0.1386850412520680 0.2392894151898525
0.1812715708711342 0.2426529022414466
0.2137796634362931 0.2671950223708196
0.2305796968785172 0.2867899910422246
0.2275490191048186 0.2901331767053981
0.2025292538410952 0.2874537258658414
0.1611991655174434 0.3086964622285245
0.1158489796879816 0.4155585302674051
0.0783148647462946 0.7179090125265175
0.0538951074623494 1.3368269109243636
0.0439200527797898 2.0608898980447399
0.0523888822977015 1.3319624663329681
0.0775546396978026 0.7092810884555918
0.1182772259470590 0.4043815241158721
0.1689667921043335 0.2953094943438875
0.2148596835415151 0.2701129016299859
0.2367058020296531 0.2656330938388679
0.2229169327426974 0.2572359621039078
0.1795838098786357 0.2539037449020702
0.1244054768583819 0.3045218545967083
0.0737988217386976 0.5337025117754444
0.0377829165553117 1.2470627641677037
0.0193007897620156 3.0975354740739265
0.0159995525226332 6.5259398348536477
0.0265377571042997 3.1064558210548046
0.0515829906485012 1.2660342088215459
0.0979124537562284 0.5660881768748141
0.1660891176135539 0.3556623498330960
0.2500008641198193 0.3298760502206413
0.3333209735465998 0.3605883983370388
0.3848062175216964 0.3870453489290631
0.3750292804007307 0.3810942425652663
0.2559348429507557 0.3184624199489448
0.1897896791281936 0.3028766699626930
0.1320784266597970 0.3024694477579770
0.0945706817597552 0.3000913084237669
0.0789901236087529 0.2533710170084525
0.0796218992080647 0.2006858955998980
0.0870191735388760 0.1663072604595116
0.0912595087517555 0.1540592699657282
0.0850476779102329 0.1695619035752713
0.0676448795356764 0.2488015490844096
0.0450783963481513 0.5079971110929515
0.0257590169874473 1.2540197714929218
0.0148884511327662 3.1504006341697197
0.0135535062058593 6.6423332071461525
0.0210998536031817 3.1595960688574474
0.0378054072281948 1.2739773962347800
0.0672239322421863 0.5429469544898677
0.1055997310657429 0.3046477225082073
0.1441512290846379 0.2523844883187022
0.1747634104991506 0.2674529162811582
0.1952462823162509 0.3049122693960771
0.2090897877501072 0.3368190671257665
0.2180294284156915 0.3337033803058641
0.2150475937661504 0.3183247881564918
0.1950560406834710 0.3122474104665000
0.1630918954837729 0.3398916481513222
0.1301736409608170 0.4332204212991496
0.1051589617186244 0.6039972877391443
0.0935322992969983 0.7514553589151716
0.0997758947229309 0.5930227148171339
0.1234176795752382 0.4132762670232728
0.1611002349695324 0.3135087838862949
0.2051435360847417 0.2801831491776764
0.2411258282631701 0.2765197777409585
0.2520470281309257 0.2742689625931022
0.2293654029516498 0.2641225767576049
0.1805083352479219 0.2640076681636473
0.1223624156388771 0.3392520436178315
0.0699356981288504 0.6833122290835270
0.0330756777817925 1.9391799660225182
0.0161358753457763 6.5238485933546437
97.6431840065721985 24.6266543424455975
0.0161938571369151 6.5252914328769878
0.0338885791901235 1.9433458445601910
0.0730065911084407 0.6925940402219976
0.1312859364300177 0.3572375939960543
0.2017941198016664 0.2950144893363718
0.2702002474383314 0.3109691712835755
0.3119781710657087 0.3335127020879234
0.3057264660647432 0.3353089271071695
0.1854758385957082 0.3099681619322310
0.1350568757504818 0.3687866532905302
0.0914676068849145 0.4854208780401038
0.0641312266169007 0.5859618059905106
0.0567315941022809 0.4485689095192514
0.0645435466706691 0.2953518913593468
0.0790661902003475 0.2043092081267303
0.0908880111395452 0.1667283653305899
0.0916964584226625 0.1647770465364299
0.0793274747625493 0.2039688570419393
0.0592460723448216 0.3304665369600595
0.0400469146120842 0.6443662395964830
0.0276774662963761 1.2601336854511940
0.0262510730742271 1.9714486814041676
0.0384222107030022 1.2753402835417464
0.0605853493989777 0.6758996086072132
0.0909010213229635 0.3814966871893776
0.1227863808786029 0.2795187885555652
0.1451027305749326 0.2728970854150111
0.1523159150146436 0.3203852466209655
0.1522894542921287 0.4104627340267230
0.1597848909525291 0.4979391611651895
0.1835154621620894 0.4480712305708356
0.2129605887567664 0.3871742918851618
0.2295282855597086 0.3529583391111081
0.2240874375667251 0.3428155865967470
0.2035856051075886 0.3556712926393964
0.1808945548819477 0.3875458320770105
0.1662016502167348 0.4076661740700953
0.1651899749650367 0.3643245170210693
0.1791028664677201 0.3128034508300972
0.2041970819890730 0.2847686027371601
0.2327232783155856 0.2787135634357593
0.2530036021926906 0.2798769726003348
0.2527592559559962 0.2747318952283938
0.2264338377909609 0.2609894356686089
0.1797470005181113 0.2551225120246288
0.1254645114226487 0.3059904741338572
0.0760968824152084 0.5360205695806800
0.0404619611209604 1.2491333346987861
0.0213038061488086 3.0972451481350451
0.0124636200105100 6.5200407846226067
0.0134149068477959 3.0919744876824327
0.0278064483233464 1.2408031951294609
0.0589831994121631 0.5269458737403044
0.1052174629151541 0.2981706582922530
0.1595545013750154 0.2499785354335826
0.2088933200528524 0.2598191337253792
0.2350106293956590 0.2781439481785986
0.2252987512989407 0.2904579297901683
0.1214319028942404 0.3544056997040961
0.0840534213275054 0.5877853464659284
0.0530677304188960 1.0664106712521968
0.0339044584527304 1.6271131474006244
0.0330708255072539 1.0439880446217762
0.0462460871206048 0.5445479455995521
0.0670110331072553 0.2937713779122456
0.0871205844816951 0.1955617233666307
0.0969273316394544 0.1678766701572214
0.0921059879249328 0.1764598685753880
0.0768886461444685 0.2244914904895536
0.0602491936598626 0.3364433565568153
0.0502164623001611 0.5218758963126834
0.0525525697566684 0.6829302800709460
0.0693966184960436 0.5460329752075488
0.0965993325256593 0.3857052947402441
0.1270570091938572 0.3012241638199790
0.1480566657731366 0.2859194151492618
0.1459066648985440 0.3280531938525798
0.1221622038952236 0.4582690998252194
0.0980274104916742 0.7418611874480551
0.0954631065360246 1.1006976642550050
0.1308620718902067 0.7835188313490117
0.1915528561289951 0.5346644879380252
0.2534576994740569 0.4274621361583283
0.2879537095175006 0.3896168713321914
0.2889424274498208 0.3735941156696557
0.2701637800449633 0.3621712843211285
0.2478214082997133 0.3464019548923960
0.2320315536076125 0.3194759110012360
0.2261943111418195 0.2950176496497816
0.2286145295446282 0.2822687030901786
0.2347125533395259 0.2794078275440902
0.2378976070814484 0.2773664682406350
0.2309804382505806 0.2673177231588986
0.2094751800244304 0.2502286773428840
0.1745613498103795 0.2377020875399406
0.1324613888370606 0.2566022644585776
0.0914479367862770 0.3620580779353154
0.0586532185112538 0.6542938691139527
0.0365123722790769 1.2445851749407284
0.0229899274336121 1.9295630927814398
0.0205571074571813 1.2341880364806641
0.0299658576168289 0.6376858660722275
0.0516858974092355 0.3437829329125466
0.0844541775345898 0.2376749142937013
0.1221850587640701 0.2137107653064260
0.1539186051191622 0.2193571467540949
0.1667071219222722 0.2348314964783314
0.1538034672876166 0.2660681797484009
0.0739220265549850 0.4672059042074146
0.0471053618240940 1.0595627329067030
0.0279896777122715 2.5927627786262315
0.0175152611303561 5.4378633990847058
0.0186239653045316 2.5827824923304616
0.0329575440773510 1.0412833932238821
0.0573820728990339 0.4422664278096928
0.0833532795931112 0.2392094553932787
0.1000737908395332 0.1795785090228347
0.1017572065397431 0.1694742101706782
0.0919275330493126 0.1829981904433224
0.0801411254631574 0.2190469960485498
0.0758719803650409 0.2745828344152474
0.0854457674864911 0.3216403193196607
0.1102964692954464 0.3105164442843144
0.1454813178094971 0.2930230128012467
0.1786941354107044 0.2987289735617131
0.1892693977268681 0.3350394035607037
0.1605711321074028 0.4381970247889756
0.1045580178887110 0.7583941077690000
0.0593183424973441 1.6615304150068373
0.0513383430705860 3.4388760514106851
0.0855453604736022 1.6936379361148601
0.1608480254106822 0.8194744371074008
0.2600485162433596 0.5259627208791672
0.3366605906344178 0.4448660922804898
0.3639122375774526 0.4157828863523074
0.3489108645262743 0.3891452328114717
0.3135380194387682 0.3570883090451600
0.2752678418130369 0.3237936898362026
0.2428038374429522 0.2983536127958064
0.2189392320276833 0.2866759034280803
0.2035029312120361 0.2864301472113105
0.1942722236561739 0.2849108636374912
0.1871455655744026 0.2673837029875780
0.1774421863889990 0.2430945364915528
0.1618248181483403 0.2245348012644593
0.1396831033022871 0.2240910767384774
0.1134438786863647 0.2602038151783850
0.0872870004527303 0.3584415038860077
0.0643757961620473 0.5261444945194392
0.0462129057967148 0.6664651776682079
0.0360274017287083 0.5143910879399917
0.0357692524062166 0.3454800212820497
0.0457320041431376 0.2590153582834913
0.0647364966580931 0.2339798235247074
0.0879575915484415 0.2180188302407211
0.1067603848028432 0.2075242999307302
0.1119215434511626 0.2142797765201133
0.0992824962318125 0.2694192759019828
0.0444314630915203 0.5711247075826708
0.0250251111900385 1.6186647632840874
0.0142840023277372 5.4347663038059100
81.3163229981669815 20.5069543004659032
0.0153151588581110 5.4350179571114161
0.0288595882106131 1.6191270159854676
0.0547088756372134 0.5702250999933176
0.0820525596979053 0.2727683710122666
0.0999741079474301 0.1929707947996564
0.1032347886732939 0.1782154499179468
0.0962580183058330 0.1853851196255668
0.0894826930635876 0.2013280529911768
0.0930938638601793 0.2185832883660242
0.1134385702898535 0.2397229447944478
0.1520653686175324 0.2628323253738219
0.2035809775760695 0.2980524100481665
0.2512217527744833 0.3482526044855304
0.2637899569923494 0.4177909238657207
0.2167382241615474 0.5749488444697457
0.1306581266508208 1.1514792569932333
0.0675527292615837 3.4601009835106029
52.7335297515283372 13.0339744221157172
0.0659992970562617 3.4616642127678148
0.1397130836657998 1.1589424138639721
0.2562123925053723 0.5992131110875395
0.3565212354119522 0.4735357382248563
0.4010050751653072 0.4384964616398390
0.3862825309491524 0.4063196866560583
0.3364424726039315 0.3657207531131945
0.2764414247325651 0.3270745112777024
0.2213867125785492 0.3053325989279460
0.1783524160701878 0.3122250162278689
0.1497660653300597 0.3450787608604249
0.1352374768469996 0.3684795217468306
0.1320422444808083 0.3249726035580193
0.1358711234012163 0.2674761486582591
0.1414648234472031 0.2292644740126972
0.1435267678039259 0.2155260706212745
0.1379851912030225 0.2233316969341940
0.1235780589247961 0.2507871323457407
0.1020107755641353 0.2913129911784211
0.0773629021779522 0.3171806422182638
0.0555726698831789 0.2890237657493739
0.0417158461121315 0.2757435418704826
0.0381106237042411 0.3176744620355050
0.0446014321345256 0.3782919009315053
0.0571009128571591 0.3301141445747832
0.0683162274165170 0.2582717267089868
0.0713467034566944 0.2254572499500365
0.0625495960655633 0.2816910477753008
