TIMESTEP:
1000
TIME:
10.0
DATA: p c
0.9993118613192075 1.0000317109220891
1.0027258241656427 1.0020357844149779
1.0066230864270602 1.0041964383312190
1.0089288018394360 1.0053769833311521
1.0082806461387910 1.0048944443880343
1.0050533702418201 1.0029960294533922
1.0010607526364208 1.0006735565647797
0.9981787891124649 0.9989499063260979
0.9971340232994940 0.9982405611593524
0.9973552293305474 0.9982640816905215
0.9978136361128791 0.9984826613038023
0.9980573168928324 0.9986461255032713
0.9985231152689528 0.9989572872146533
0.9998643605569285 0.9997335053415212
1.0020130780482852 1.0009298217615465
1.0039667209558980 1.0020223082807713
1.0045378758175034 1.0023807765742510
1.0033437159204392 1.0017810101858728
1.0011300955016342 1.0005997510799391
0.9992255159444287 0.9995529862047061
0.9986383061103452 0.9992063404326381
0.9994285940816441 0.9996072764036109
1.0007231468491811 1.0002800847990965
1.0013662178596414 1.0005891184465376
1.0007610280210022 1.0002114835251046
0.9992658121485686 0.9993659471314209
0.9978962613218274 0.9986508082700359
0.9976611494593544 0.9986487315911776
0.9989672375027671 0.9995591580942669
1.0013181214024931 1.0010395970431674
1.0034990997230255 1.0023612738226522
1.0043397672691106 1.0028544890905402
1.0035595464990066 1.0023466254257796
1.0018406312395318 1.0011967366763876
1.0000372791452716 0.9999075029779618
0.9984496704787745 0.9987483427612779
0.9969222700352578 0.9977551941672551
0.9954844606403811 0.9970013253691913
0.9946850245855109 0.9967551506454931
0.9952375010775164 0.9973321108732041
0.9974143577834024 0.9988180981082830
1.0008028473476607 1.0009429912502550
1.0044917619844249 1.0031633098501016
1.0073763198389611 1.0048358957573922
1.0084911600157638 1.0054252110766360
1.0074442464075513 1.0047378665036526
1.0046986206309527 1.0030605723118160
1.0013707685901321 1.0010617090093137
0.9987387751438648 0.9995260075033631
0.9978662953477235 0.9990929720836095
1.0002653115858802 1.0005721695394829
1.0015953346756525 1.0013381224922759
1.0036496788192315 1.0024602475227460
1.0049157482282580 1.0030980015215216
1.0044675108723364 1.0027598742888764
1.0025874231508589 1.0016146088977136
1.0003903352527856 1.0002837896459527
0.9988468735517083 0.9993190158606768
0.9981120650352713 0.9988294540453324
0.9976716842127381 0.9985474749964018
0.9970802371231235 0.9982243564653277
0.9965898320663544 0.9979744485438169
0.9970459459013076 0.9982301930183445
0.9990722994571596 0.9993180664349627
1.0022696315243884 1.0010337654733148
1.0052029325565321 1.0026260884398865
1.0062858612980952 1.0032520976024628
1.0048943589378336 1.0025611725983659
1.0018269151090147 1.0009534829750655
0.9987576557876587 0.9993131516684411
0.9971032452647626 0.9984093748555251
0.9971243825636068 0.9983991731035551
0.9979052905350064 0.9987983169418221
0.9982140801972662 0.9989350827965217
0.9975169324650635 0.9985047866047725
0.9962945289154894 0.9977741125438390
0.9955477204700685 0.9973389952643132
0.9960939640953235 0.9977094572780415
0.9981305146746873 0.9990041419230575
1.0010926431647678 1.0008545593613023
1.0038351516264805 1.0025544485410629
1.0052648606782864 1.0034491120411897
1.0050962898593523 1.0033422360780069
1.0039647760081376 1.0025575479750588
1.0027175051266255 1.0015900048646746
1.0016867410148553 1.0007222001573524
1.0006981279121299 0.9999720976113614
0.9996161994183719 0.9993170162484040
0.9986786783561717 0.9988654735977823
0.9983012351706616 0.9988068043260332
0.9987454298501204 0.9992739156990749
1.0000694757316106 1.0002920051863065
1.0022083612713266 1.0017750184282914
1.0048440854637779 1.0034629233278356
1.0072304633915787 1.0048826098432648
1.0084145486475897 1.0055028103936463
1.0078117600364798 1.0050393736783025
1.0056258388835864 1.0036691920023015
1.0028175279743543 1.0019953251892297
1.0006949934068696 1.0007834025437972
1.0001179062783965 1.0004796555946152
0.9998187388377707 1.0002056451344057
1.0002259178238604 1.0003399847888526
1.0004223897963045 1.0003753716085020
1.0000630429220394 1.0001060915973587
0.9995320134030808 0.9997307279161927
0.9994084106194733 0.9995775145878117
0.9997930170692083 0.9997306811595499
1.0001196520418598 0.9999036628493500
0.9996333094460286 0.9996816800472084
0.9981521547944483 0.9989366935633721
0.9964444405036497 0.9980496427458099
0.9958096296622300 0.9977069511104844
0.9971236388132376 0.9983920130461064
1.0000826885496723 0.9999624790747861
1.0032283720840811 1.0016489445772681
1.0047831783591246 1.0025038520343250
1.0037973094977803 1.0020175705402092
1.0008386676947909 1.0004818155376562
0.9976456212740423 0.9988059550834273
0.9958870346656701 0.9978692530325450
0.9959633508954432 0.9978904994976044
0.9968523940705191 0.9983376623658203
0.9971417253845498 0.9984563678300583
0.9962856479070543 0.9979332905425172
0.9949370571600125 0.9971124659870176
0.9942586326947975 0.9966710777374248
0.9950745641806914 0.9971371303738500
0.9974744463386774 0.9985949424697272
1.0007983301879799 1.0006394940625447
1.0038732437572819 1.0025469729456824
1.0055956617954089 1.0036446243742867
1.0056457552761287 1.0037079519710188
1.0046621271993170 1.0030574625413602
1.0036171418067710 1.0022465826557809
1.0030409030447685 1.0016456928815518
1.0028277900474281 1.0012872071829257
1.0025918029546026 1.0010033447364628
1.0020336037730861 1.0006292577373861
1.0010592170897745 1.0001189273626676
0.9998486779658052 0.9996047425793561
0.9989795306008831 0.9994190166445081
0.9992878532612912 0.9999643001971402
1.0012580043343191 1.0013940615357013
1.0043982953225932 1.0033406116559640
1.0073022735687345 1.0050013337402950
1.0084883091220609 1.0055959928044162
1.0073766582289858 1.0048643685012051
1.0046619843570501 1.0032346100140881
1.0018220088176379 1.0015401364070879
0.9992533250737292 0.9999801631536201
0.9980294812941881 0.9990535908138379
0.9973327559119395 0.9984727581160907
0.9966925595916001 0.9979973344121265
0.9962924931880394 0.9977032696801342
0.9967486158868157 0.9979019110617722
0.9984057718935261 0.9987811176046113
1.0007981448498067 1.0001016571629775
1.0027286743944044 1.0012201329954042
1.0029902176832730 1.0014685923337463
1.0012633233274841 1.0006400222104723
0.9984742188219774 0.9991987177509244
0.9962521612724270 0.9980149199167921
0.9958812756324981 0.9978029767893479
0.9975076695173244 0.9986637295765791
1.0000548568201273 1.0000198256798831
1.0018452827108357 1.0009714035070774
1.0016570861050582 1.0008844017066278
0.9996437762094049 0.9998593830123210
0.9973249606564158 0.9986921053435681
0.9964023409601264 0.9982513740777136
0.9973154347161822 0.9987479847321854
0.9988886912929542 0.9995632301914348
0.9994548374535228 0.9998205270231998
0.9983648168235282 0.9991601891731627
0.9964253032375763 0.9980028231490676
0.9950725641027485 0.9971652560388292
0.9953341593757633 0.9972894071654790
0.9973690390371915 0.9985105148265672
1.0005017360301411 1.0004259112052249
1.0035039898260047 1.0022832573799167
1.0051682378412354 1.0033516296662601
1.0050440355472412 1.0033393869553677
1.0037409145263252 1.0025554703064390
1.0024220624003803 1.0016475600075854
1.0019406184765309 1.0011351285351466
1.0023511415113526 1.0011096315542458
1.0030143053789800 1.0012586886715056
1.0030383350197725 1.0011167500602409
1.0018053319093088 1.0003839581423100
0.9994492748928362 0.9991846504574267
0.9970343000005656 0.9981180142819455
0.9961024676819789 0.9979743709979427
0.9976671563683976 0.9992035477548892
1.0013429584407196 1.0014974930593084
1.0053757898498041 1.0038575028327197
1.0076927704338337 1.0051704975697848
1.0072560635977206 1.0049015762006335
1.0046706500137921 1.0033843711634578
1.0015547767924950 1.0014921532137022
0.9987494814564548 0.9996406755854175
0.9971893743280550 0.9984479916310947
0.9958653277697758 0.9974399688624835
0.9945533876414078 0.9965373901810228
0.9938111907723830 0.9960347397341017
0.9945326832907125 0.9963987440842971
0.9971269642570555 0.9978394163603388
1.0009747857761624 1.0000059925980007
1.0045360704051378 1.0020448136286060
1.0061420907399876 1.0030358088102505
1.0050483919483244 1.0025568707058836
1.0019629208390930 1.0009674934685810
0.9985824911460683 0.9991783238645359
0.9965345152456556 0.9980864475161978
0.9965156740749599 0.9980799346929270
0.9980302015945502 0.9988788915453080
0.9997295810324597 0.9997556166564555
1.0002886487596376 1.0000428779688744
0.9994611060041618 0.9996630407407309
0.9984079077743053 0.9992331770783127
0.9986900995004949 0.9995222796954539
1.0007009801581612 1.0006774817977988
1.0031187530161132 1.0019808522362430
1.0040310722869277 1.0024300084359024
1.0026397177185944 1.0015986363685516
0.9998466187268338 0.9999620790451562
0.9973668072808938 0.9984846170679350
0.9965170451883126 0.9979667419469809
0.9976456067506011 0.9986541193226898
1.0001570497626624 1.0001921841279697
1.0028019142609073 1.0018148153137501
1.0042320625796679 1.0027148486577229
1.0037823955526028 1.0024959772974931
1.0019543664781363 1.0014231738991322
1.0000745385108687 1.0002318857282473
0.9993445032958407 0.9996115075901260
1.0000298842982309 0.9997481486623532
1.0013103887039823 1.0002294494813773
1.0018216423061539 1.0003472127989970
1.0005790755899784 0.9996073665713792
0.9977558580904761 0.9981376112010563
0.9947720447026999 0.9967120350873064
0.9935241218428438 0.9963235686240973
0.9951747125202192 0.9975366879378633
0.9992783753928294 1.0000406372178854
1.0038854243145763 1.0027428188825853
1.0066981892551641 1.0044034628671852
1.0065648486448340 1.0044009288609872
1.0041371979836864 1.0030506477789154
1.0011046870200151 1.0012257492342447
0.9993307806202516 0.9998422190321593
0.9979301242858181 0.9987437703594862
0.9963397494811591 0.9975636014740785
0.9944209632909962 0.9962870486891684
0.9929406547784141 0.9953482605600907
0.9930431442816275 0.9953708299522567
0.9953891971410396 0.9967010512716779
0.9995541820163730 0.9990702734592086
1.0040183870553028 1.0016089240761981
1.0068752103344358 1.0032614640185318
1.0069540266812940 1.0033913151793501
1.0045466303587820 1.0021524118106142
1.0011253294497917 1.0003408255593680
0.9983684756055988 0.9988757011701681
0.9972916867539171 0.9983065490348546
0.9978731265288856 0.9985994042951004
0.9991714558197480 0.9992461477010796
0.9999904248272656 0.9996668941063367
0.9999112594062726 0.9997198282508184
0.9998075223203882 0.9998820185888898
1.0010343680611473 1.0007941110064480
1.0038825464993293 1.0025088308800365
1.0069235456578771 1.0042186589813944
1.0080816307981491 1.0048265241047090
1.0064313317222084 1.0038487863456675
1.0029095795164584 1.0017903576877201
0.9994274934446630 0.9997265253635742
0.9975421362649883 0.9985939646712689
0.9977892262027206 0.9987478450414511
0.9996854704893304 0.9998959602426161
1.0020012934627682 1.0012756301310248
1.0032666748091577 1.0020101573536460
1.0025776950976646 1.0015870167236294
1.0002692127398924 1.0002018456163801
0.9977684324667000 0.9986530842481857
0.9965896509248772 0.9977927582561810
0.9972338532964371 0.9979280792847582
0.9988174312394966 0.9986169402446130
0.9997041397122781 0.9990080102993090
0.9987270327504767 0.9984886908964431
0.9961129320561646 0.9971719864733963
0.9934058902789331 0.9958670364940020
0.9924812002353584 0.9955647868462865
0.9943540943145628 0.9967908717425010
0.9984851480719728 0.9992260257835167
1.0029862170019996 1.0018366154128742
1.0057281840179457 1.0034805640452504
1.0057237633831912 1.0036147365951522
1.0036865912121367 1.0025640796240456
1.0012068420554170 1.0011188090657739
1.0007057038418508 1.0004542444688260
1.0000331853128710 0.9998198441973659
0.9985747996316110 0.9987326544868427
0.9961893317207950 0.9971808638636955
0.9937393191792465 0.9956753386732429
0.9925509756318912 0.9949670751082691
0.9935775336822302 0.9955756313358458
0.9967589521129139 0.9974244064884388
1.0008780109277193 0.9997903042987487
1.0041249051024417 1.0016555557949334
1.0051765210419603 1.0022973947446072
1.0039951495733153 1.0016954758027166
1.0016658452952165 1.0004413426544518
0.9995417098065735 0.9992828942967128
0.9984939926221189 0.9986979720222948
0.9986172283530161 0.9987234134007564
0.9993041767646550 0.9990390042074830
0.9997235867673453 0.9992690373935869
0.9996388397862168 0.9993785934668362
0.9998561376498971 0.9998136072397881
1.0015355084663722 1.0010987667833755
1.0048040259077404 1.0031682677798952
1.0081466859656711 1.0051336031444755
1.0094318754966305 1.0058497980386933
1.0076907385411660 1.0048136008742712
1.0038725710785723 1.0025498740270204
0.9999732131807652 1.0001923049072992
0.9976558830816022 0.9987474292672256
0.9975381424940731 0.9986265072395788
0.9991968227594796 0.9995734104957035
1.0014273331710490 1.0008315006677901
1.0026818210631405 1.0014758965953641
1.0018642496466754 1.0008991660347857
0.9991549391549686 0.9992311433185945
0.9960487618286626 0.9973166267013549
0.9943307739733774 0.9961549489508037
0.9947577142678077 0.9961958791706107
0.9965134219909761 0.9970434045095188
0.9978784329105572 0.9978000227750666
0.9975971031406276 0.9977757501051807
0.9958222963856505 0.9969940891050367
0.9939097170541151 0.9961266238097837
0.9933987141679433 0.9959847330099335
0.9950274948338949 0.9969765875116500
0.9983025282991994 0.9988466239302450
1.0017552451076015 1.0008155390099942
1.0038230678268139 1.0020602601812363
1.0038978242171528 1.0022479410589828
1.0026839653625494 1.0016996975713730
1.0014254256225474 1.0010070769855701
1.0019559921573793 1.0010200141045837
1.0025578331426248 1.0011523103490323
1.0016578441565376 1.0004055200140058
0.9991089395387978 0.9987574028436345
0.9958275856675042 0.9967640513128907
0.9932384296577119 0.9952555424236752
0.9925036959037910 0.9948854690824352
0.9939048870298947 0.9957717600521628
0.9966252521482390 0.9974057519690486
0.9991956642342539 0.9989401914830236
1.0004692542988487 0.9997260162456796
1.0003455779423576 0.9996884473073627
0.9995748607139751 0.9992293231240555
0.9989605106937146 0.9988100525122610
0.9988092307169159 0.9986322740919815
0.9989320419126532 0.9986126749431747
0.9989114535127606 0.9985503907100458
0.9984600516197076 0.9983565886148903
0.9978489385480527 0.9982548201325767
0.9980253077161997 0.9987604322295884
0.9999419283662293 1.0002842633203279
1.0034506648749588 1.0025984656093010
1.0069166251421169 1.0047233718823161
1.0082479502782218 1.0055116405230868
1.0065592722215224 1.0044978397609237
1.0028506967821031 1.0022424343894316
0.9991270997750863 0.9998983635405965
0.9970226072150326 0.9984728668463622
0.9971034450146137 0.9983662682826516
0.9989152476997095 0.9993161988720280
1.0012551825802365 1.0005664030813144
1.0025509493364384 1.0011735426132566
1.0016112347795272 1.0004792165103733
0.9985289557064941 0.9985712015541331
0.9948530675752094 0.9963261280133178
0.9925822853193268 0.9948619793525505
0.9927319698078193 0.9947791290320483
0.9946750719307476 0.9957958785233786
0.9967673659786503 0.9970520276063488
0.9976825170813696 0.9977925538013940
0.9972891379032151 0.9978489796107635
0.9964308461691915 0.9975884156449261
0.9960839425373005 0.9975139151126203
0.9967094756613406 0.9978999327687897
0.9980815124537068 0.9986587340210562
0.9994937446602642 0.9994419958165019
1.0002676111458655 0.9999179311308007
1.0003279078643745 1.0000573996028801
1.0003039821262563 1.0001589216659492
1.0008793278443009 1.0005152162505029
1.0024708134329516 1.0012071635728805
1.0044473382931147 1.0021368700429956
1.0042621017818658 1.0018119014661946
1.0018577626619680 1.0002450924817634
0.9982244852306813 0.9980392522342980
0.9947863092639713 0.9960423734082098
0.9927390892076148 0.9949427653074698
0.9925351733116529 0.9949613032920650
0.9936653183414060 0.9957604531213432
0.9950307595316138 0.9966881418479223
0.9958163362502029 0.9972550602247005
0.9960877180066297 0.9974472755515332
0.9964603946526664 0.9975714932245938
0.9972494458616808 0.9978284773783737
0.9980801119123861 0.9980876850507059
0.9982807411245426 0.9980535363775168
0.9975184600169320 0.9975936808678306
0.9961213164631318 0.9969332603238086
0.9950154618695084 0.9966169483386356
0.9953431914619377 0.9972537998414899
0.9977518795681317 0.9991001970520641
1.0016647336796611 1.0017042757354404
1.0052621066033796 1.0039748241670023
1.0065657342471384 1.0048011595607045
1.0049045424661820 1.0038141346753702
1.0014010164224612 1.0016365670162608
0.9980459047646023 0.9994220577128018
0.9963707741734991 0.9981374828034979
0.9968167276144361 0.9981358503474045
0.9988502563058260 0.9991320500581151
1.0012714048336206 1.0003816217257289
1.0025509124064556 1.0009616494730993
1.0015029631301446 1.0002065973233027
0.9981772156456525 0.9981706510884876
0.9941062300155813 0.9957164038325484
0.9913786158689699 0.9940157078052373
0.9912262452475156 0.9938010380600710
0.9933165173315427 0.9949611284054046
0.9962415214783610 0.9967566526796081
0.9986460873593686 0.9983948266306349
0.9999667854041644 0.9994515238292364
1.0003142749691298 0.9998849893267117
0.9999791294517761 0.9998233969027991
0.9991829766192081 0.9994124769665597
0.9981045547897723 0.9987879168840138
0.9969461206814253 0.9981022949854159
0.9960224922914720 0.9975762313771386
0.9958529230748538 0.9975224638963262
0.9969905665673946 0.9982188889937629
0.9994877149142434 0.9996258853036247
1.0023443206283928 1.0010193943378991
1.0050288881567435 1.0023723112418932
1.0051606828029238 1.0022589531575572
1.0029695977015598 1.0008295712472930
0.9995778306227368 0.9987600343748004
0.9962868765154808 0.9968459881596590
0.9940901661669890 0.9956750472303855
0.9933565350719816 0.9954228590905303
0.9936676999465522 0.9958008597440519
0.9941361265354907 0.9962739504859738
0.9942066128069078 0.9964905112180004
0.9941757508799385 0.9965447444158655
0.9947367632511395 0.9967614499282113
0.9959997930393508 0.9972218602722215
0.9971356840170383 0.9975747190611712
0.9970844758922148 0.9973586852505353
0.9955840449485419 0.9964999271562126
0.9935155404569956 0.9954989626495587
0.9923702450519584 0.9951694606264982
0.9933643468588951 0.9961518255800826
0.9967029564959463 0.9984863641261567
1.0012776340542477 1.0014604810960879
1.0050675655841148 1.0038779624696403
1.0062730879679163 1.0047024526594304
1.0045107845897248 1.0036920624471630
1.0010437021526148 1.0015303035659300
0.9978245820747492 0.9993490902430557
0.9962734493069169 0.9980638495248793
0.9967401153048252 0.9979978062227760
0.9986752485267050 0.9988835962390447
1.0009598727225444 1.0000393532744600
1.0021934151494361 1.0006105678547419
1.0012483825605440 0.9999450570333511
0.9980775318371071 0.9980251878969305
0.9940194830774436 0.9956015809132237
0.9910521829160143 0.9937942012157225
0.9905423870933969 0.9934234538954282
0.9925387124249677 0.9945907650211684
0.9960385377257199 0.9967649304727729
0.9997753962114450 0.9991828761600597
1.0027724327136285 1.0011876912767188
1.0043929369699136 1.0023331634937482
1.0042595825580747 1.0023835877657858
1.0023709584307627 1.0013559893944368
0.9992420539169342 0.9995640390314320
0.9958213727249360 0.9975732939500737
0.9932579244546724 0.9960746386848777
0.9926122005850864 0.9956917597366436
0.9944168569909780 0.9967031770566661
0.9981818080633114 0.9987819054864623
1.0019474336345606 1.0006276265212632
1.0041554152396195 1.0017645897132361
1.0037875099345654 1.0014350593872769
1.0016029641713486 1.0000545486875430
0.9989228074554959 0.9984075234198940
0.9967993990423333 0.9971682725568857
0.9957834155792556 0.9966868711736959
0.9959056365219188 0.9969423676364306
0.9966129479063808 0.9975615471094992
0.9970179931557904 0.9980149311003196
0.9966383674434869 0.9980059450879645
0.9959232309255164 0.9977155896935646
0.9957704758961187 0.9975637518012045
0.9964144745654963 0.9976815077973575
0.9969692917823647 0.9976925475574271
0.9962627839557224 0.9971004012663659
0.9941344277514339 0.9958979729437876
0.9918246218138450 0.9947592208724138
0.9911108583018949 0.9946237478422644
0.9930757358914087 0.9960581373629556
0.9974240091142498 0.9988630903659870
1.0025902917625320 1.0021160767732207
1.0064825531634147 1.0045941939454799
1.0075600876179687 1.0053814102433680
1.0056879052984908 1.0043418505852972
1.0021419902629198 1.0021492252664277
0.9987318456140707 0.9998515142558247
0.9967745757320415 0.9983087316894412
0.9966549069037707 0.9978755323018884
0.9979857345627225 0.9983971215465228
0.9998866461678678 0.9993421658536957
1.0011750217151494 0.9999747034947295
1.0007631602274256 0.9996453658602997
0.9983553426078949 0.9981834086706507
0.9948543415837490 0.9960988364849792
0.9919134526354147 0.9943418444676609
0.9909519503857033 0.9937676016144441
0.9924547048654180 0.9947119421002188
0.9959478637853891 0.9969195414106123
1.0003931035596612 0.9997426784614355
1.0045656183394120 1.0023922449560234
1.0072901450327021 1.0041335469601744
1.0077073864864421 1.0044621220898693
1.0056081366440750 1.0032705588521462
1.0015966515042984 1.0009231162902577
0.9969514708262136 0.9981840591057426
0.9932926159776689 0.9960198654038201
0.9920766703838106 0.9952745976227576
0.9938845665692322 0.9962491861423280
0.9978565711903749 0.9984193476464959
1.0014393746999695 1.0001513651852401
1.0021771032027724 1.0005193693957415
1.0005930758937907 0.9995791354425145
0.9981543170220815 0.9981118476422831
0.9964236741010550 0.9970369095386290
0.9961102213132825 0.9968547640157426
0.9971473647776489 0.9975766402572065
0.9990598238629849 0.9988827190881997
1.0010468101454735 1.0002415984984450
1.0021275778772614 1.0010743976924656
1.0017626350272644 1.0010801836684087
1.0004226612433664 1.0004758296414802
0.9992015986230633 0.9997854030855829
0.9986545339356250 0.9992934690541189
0.9981724074309628 0.9987609183400800
0.9967365777260935 0.9977777058381977
0.9942866847710091 0.9963929390325102
0.9921401654349230 0.9953089231357096
0.9920004373540354 0.9954104405470211
0.9946311942957916 0.9970999727012899
0.9993426825204377 0.9999993226795678
1.0044305266803568 1.0031449199353062
1.0080484868043611 1.0054518983857839
1.0090205186508381 1.0061810308780486
1.0072994341161534 1.0052261245912091
1.0038841219386458 1.0031070440742251
1.0002256257944446 1.0006744188801482
0.9975162762001711 0.9987123625307662
0.9963280095701463 0.9976763893751153
0.9966562750018501 0.9976344355427440
0.9980370682461424 0.9983003766238016
0.9995744564489939 0.9990986048064313
1.0001598929253441 0.9993574148233705
0.9990821263025471 0.9986697397570018
0.9966062537606833 0.9971967803298990
0.9939137587624370 0.9956290957672511
0.9924207967822996 0.9948093012962582
0.9930477932328132 0.9952976048857125
0.9958677649701011 0.9971329286293497
1.0001459505868531 0.9998441833093911
1.0046176799528119 1.0026373434075380
1.0079034668343017 1.0046679104409613
1.0089712100278228 1.0053171309532143
1.0074733045252016 1.0043849668031208
1.0038382058966415 1.0021528904212509
0.9992067070223486 0.9993443023063205
0.9952561210358017 0.9969761385484527
0.9936548450102541 0.9959955375626437
0.9950731192774090 0.9967304410019371
0.9984421012702990 0.9985436941374464
1.0008425004708250 0.9996756791779875
0.9998357747453237 0.9990750943962434
0.9968223744089205 0.9973652939185031
0.9940232659683578 0.9957287882623808
0.9932502049837341 0.9952268397746435
0.9948287379651466 0.9961598380945944
0.9979962743721827 0.9981530401157720
1.0017232807955190 1.0005577316169243
1.0050174675409231 1.0027045208051957
1.0069290372416049 1.0040178615134963
1.0069161376570244 1.0042175148548802
1.0053771563791420 1.0035191963732333
1.0034512931196564 1.0024900133434396
1.0019717964077550 1.0015531282574770
1.0007205194653315 1.0006568681498267
0.9989633081603267 0.9995273104955615
0.9966844966209899 0.9982278014162346
0.9949903761244591 0.9973397069304313
0.9951825280028890 0.9975327914912673
0.9976113162415544 0.9990080822605937
1.0014557266657009 1.0013505238070883
1.0053614197268408 1.0038038181836169
1.0081380401494744 1.0056251580378259
1.0090629897679535 1.0062992628036904
1.0079475397280622 1.0056423729781478
1.0051677260577598 1.0038523247919808
1.0015682359322751 1.0014552502805019
0.9981611551343138 0.9991219554069761
0.9958041629791995 0.9974477930629011
0.9950245458207512 0.9967931795027716
0.9958860152246088 0.9971758564073417
0.9978152827849197 0.9982074305634796
0.9996499446874906 0.9991870146858710
1.0001906400939300 0.9994396981194669
0.9989900429357192 0.9987358475730035
0.9967053340435637 0.9974645072269172
0.9947040264052216 0.9964123007726012
0.9942666563510304 0.9963139202904132
0.9959231362316860 0.9974639247411765
0.9992338562784179 0.9995848766777407
1.0030574377375907 1.0019825333192314
1.0061170124774497 1.0038710079683653
1.0075055837805116 1.0046716388987829
1.0068555929722454 1.0041502361035382
1.0042926063185427 1.0024367984407780
1.0005271110827336 1.0000562389890653
0.9969998429529751 0.9979099021994721
0.9954270597126674 0.9969440342923992
0.9965569305236590 0.9974940442554289
0.9991926093132351 0.9988520873990510
1.0004036470429976 0.9993973414510745
0.9979954235978209 0.9979558446598947
0.9937677453720133 0.9955398840558352
0.9906275003484436 0.9937050309933431
0.9906191155620866 0.9936445618387482
0.9936942008981652 0.9954595708132370
0.9983922094793040 0.9983912790884750
1.0031635761662931 1.0014881379308167
1.0069919213818417 1.0040293680276846
1.0092469274485885 1.0055781147689511
1.0096174267477243 1.0059815326001034
1.0084255065586918 1.0054561172655672
1.0066299497491886 1.0045148370819128
1.0050925246009208 1.0036048434334193
1.0038715965228022 1.0027978995632971
1.0025022635342455 1.0019288304712588
1.0009372959094873 1.0010183094965062
0.9998634994742714 1.0004166544520687
0.9999760498101768 1.0004845117277523
1.0012361392914546 1.0012469099331600
1.0030255738336897 1.0024255080698399
1.0048034363254759 1.0037011146619850
1.0063290639510680 1.0048205282788820
1.0073196111179621 1.0054929349673019
1.0072321066301535 1.0053564568693221
1.0055957129267306 1.0041739273050048
1.0025178444848921 1.0020759217209785
0.9987899332115545 0.9995916286804856
0.9955492415668241 0.9974444366473291
0.9938390436747029 0.9962736187482765
0.9942291795049462 0.9963905769129987
0.9964770276688328 0.9976052193881062
0.9994280141914967 0.9992282410510803
1.0014927900728248 1.0003735354040686
1.0015931563280651 1.0004629922945016
0.9998738594028833 0.9995836552759262
0.9975722860526892 0.9984123869538148
0.9961756165252766 0.9977691342334627
0.9965226351461777 0.9981258427613775
0.9984253867587892 0.9993827518101672
1.0009631887404862 1.0010074248801999
1.0031362950030938 1.0023781957728040
1.0043189063563549 1.0030530500949737
1.0042188725828258 1.0028200366364519
1.0026965662619700 1.0016684100505382
1.0000082954313649 0.9998928185455357
0.9972729767283769 0.9982162308139946
0.9961511424018750 0.9975184237188808
0.9974071011789346 0.9981051246780291
0.9997101645518222 0.9991955968871649
1.0006626421616351 0.9996354183189086
0.9973201859518488 0.9975883405894610
0.9921666775792560 0.9945999761383271
0.9886643830534300 0.9925292515092149
0.9890666652288844 0.9926836693601955
0.9930052473780150 0.9949917586333209
0.9983780271055401 0.9983500234357310
1.0031745181118557 1.0015516401572515
1.0065006369750009 1.0039093313513625
1.0083107267167932 1.0052558077675366
1.0087906625198235 1.0056907084301479
1.0082696319586550 1.0054719808575112
1.0073600855159857 1.0049856666624206
1.0066656623426873 1.0045690414084996
1.0062974778978593 1.0043009365216229
1.0059553185927710 1.0040554598742895
1.0054976973370700 1.0037628406360097
1.0051107582990229 1.0034983918749651
1.0048503774501549 1.0033060039101220
1.0044211977713964 1.0031084027918880
1.0036883420053344 1.0029011836570332
1.0031527700241492 1.0029130208346846
1.0035272230076171 1.0033902599670725
1.0048063432563756 1.0041969118240472
1.0059643920702945 1.0047293460043463
1.0056970906549869 1.0043128950745275
1.0034671417881120 1.0027197206969152
0.9998795672039530 1.0003498261072836
0.9962468582580899 0.9980000763532637
0.9939268272546573 0.9964851941533041
0.9938265838245856 0.9963235602641024
0.9960204103025314 0.9975177440068139
0.9995344627727802 0.9994820704122028
1.0026637280975452 1.0012641176587727
1.0039179489650665 1.0020551068725905
1.0029694533918105 1.0016674056628596
1.0007836381426185 1.0005981291292450
0.9988360673268322 0.9996342296273272
0.9981113730290768 0.9993278132846202
0.9986351443077154 0.9997241645883351
0.9997572870496944 1.0004758633376973
1.0007986974462402 1.0011626843858450
1.0014171746580829 1.0015063643329269
1.0014249482634634 1.0013494148865301
1.0005349863227229 1.0005950076638532
0.9986997777384484 0.9993628927967965
0.9967803706764318 0.9982128129037933
0.9963295036421187 0.9979276863773914
0.9980475146657106 0.9987461008113994
1.0004382182867151 0.9997997125877673
1.0021076883804321 1.0006323512850301
0.9981225755256001 0.9981732328920219
0.9922182581168136 0.9947275021126404
0.9882449383580906 0.9923632046101838
0.9886421903810250 0.9924836054686981
0.9928303410622856 0.9949001417575061
0.9981891129269299 0.9982371611192165
1.0022995440608444 1.0010759710379544
1.0044015832248800 1.0027854481479184
1.0050949884660780 1.0035090817184396
1.0051997109026738 1.0036705086619275
1.0051820763407282 1.0036315625466050
1.0053138813395481 1.0036522791818201
1.0058032736861260 1.0038919117392109
1.0066330030430051 1.0043435646026939
1.0075442533261634 1.0048523315844888
1.0082644352465706 1.0052344763950105
1.0085223876283764 1.0053136133249443
1.0078634993717721 1.0048851309657385
1.0059232644849474 1.0038592805119020
1.0031689628409259 1.0025549514112568
1.0010459290620779 1.0016975058328821
1.0009313961504684 1.0018964752467971
1.0028365506791310 1.0030463205688880
1.0052276259274908 1.0042856837981946
1.0061923792518852 1.0046068630285119
1.0048440157275962 1.0035658262671838
1.0017323305158636 1.0015003244011327
0.9982049777106097 0.9992152717400580
0.9956175157960497 0.9975430195224549
0.9949383376599009 0.9970649026983144
0.9965108701758044 0.9979448091297169
0.9997645079557055 0.9998097532681222
1.0032489458156784 1.0018314517249323
1.0053661053130691 1.0031352760950931
1.0053877895814545 1.0033130737242102
1.0038477167136257 1.0026166367573783
1.0019650747819813 1.0016759373075208
1.0006968158591252 1.0010177398563014
1.0002335388949892 1.0007838002702731
1.0002111568305445 1.0008050120724121
1.0002589610838513 1.0008608698233865
1.0002673705026917 1.0008296876732212
1.0001477756791177 1.0006221500149803
0.9995702059232826 1.0001095918770730
0.9983360152792150 0.9993046161128807
0.9971209825242466 0.9986354034888699
0.9973289643874854 0.9987738899774672
0.9995429294614973 0.9998742508772869
1.0021260986567273 1.0009935099474156
1.0046855003649913 1.0022824717835477
1.0003053861883744 0.9996040163689255
0.9938539336304791 0.9958527955600059
0.9893606246714287 0.9931907206616881
0.9894322680968978 0.9931001043596199
0.9934480811471057 0.9953599685838113
0.9984677296277185 0.9984268823858060
1.0017079252762753 1.0007040163239931
1.0023997491709844 1.0015633717571859
1.0016096927379243 1.0013889472656292
1.0007558230084002 1.0009206372885648
1.0005792702680298 1.0006893435794340
1.0011876678922209 1.0009057056926223
1.0024592120704221 1.0015755530336585
1.0041850245995911 1.0025747228177033
1.0060560620052719 1.0036797526333590
1.0076628279460953 1.0045988260817680
1.0084094668305605 1.0049762236115183
1.0075553177324901 1.0044680807624660
1.0048297604722582 1.0030415422452525
1.0012244709631040 1.0012884174656256
0.9987790621346452 1.0002511790481876
0.9991027054818532 1.0006827973994405
1.0019658553696358 1.0023740544300568
1.0053806572642907 1.0042309482524741
1.0071444937974752 1.0050753454941641
1.0064028791253283 1.0044449571478573
1.0038571586757117 1.0027277385662814
1.0008032408778171 1.0007008987921955
0.9982910708409084 0.9990626045818157
0.9970390633327455 0.9982907582269451
0.9975413358160929 0.9986353942152826
0.9997752506844410 0.9999983795201820
1.0028649429417535 1.0018380626250691
1.0054170974836825 1.0033848980272444
1.0064432272976900 1.0041021312372442
1.0059715849959681 1.0039792621526240
1.0047707815050866 1.0033987323344546
1.0035865595973283 1.0027592273550656
1.0026727706031748 1.0022267479482507
1.0019212118676954 1.0017754076103038
1.0012629918390308 1.0013706484978318
1.0008137813950659 1.0010437533264140
1.0005959640597863 1.0007851318354326
1.0002862994761466 1.0004649017868561
0.9995881599704647 1.0000210608410796
0.9989915708600731 0.9997608012526394
0.9997100083085360 1.0002405493774782
1.0022216703261282 1.0015493642609381
1.0048704847106569 1.0027288860977928
1.0074736582507968 1.0039885374833668
1.0031870831083989 1.0013956457711493
0.9966522025407601 0.9976215756009170
0.9918256076392603 0.9947883998271425
0.9914626352253773 0.9944410650223922
0.9951127347334286 0.9964297043508932
0.9997659266672121 0.9991702149968681
1.0023274117469418 1.0009220542735178
1.0018039294120666 1.0009690125833450
0.9994304123516612 0.9998020953336583
0.9970955621084504 0.9984173679882049
0.9959379766445420 0.9975664778610652
0.9961401117270573 0.9975152454787409
0.9974133309290416 0.9981893850914382
0.9993726442755003 0.9993606073827045
1.0016130694789560 1.0007305242397202
1.0036224581963362 1.0019345363828966
1.0046580913032730 1.0025351600470633
1.0039231389633108 1.0021582570993970
1.0013162332163057 1.0008518199936915
0.9981313967529286 0.9993577416957938
0.9965696671953985 0.9988069839655448
0.9980752622772714 0.9998804300746570
1.0020071507922517 1.0021680812884717
1.0060203161075327 1.0043973765162284
1.0079163376996323 1.0053859624671568
1.0072214446825745 1.0048479002934789
1.0050281900109463 1.0033556255870830
1.0026143428679235 1.0016796754426864
1.0005567551304351 1.0002929878445297
0.9990511153190939 0.9994176307951023
0.9985131223746442 0.9992559948625477
0.9994033229478551 0.9999394815855250
1.0015447391118830 1.0012770942439444
1.0039912694805493 1.0027401295560150
1.0057271162948052 1.0037985523576562
1.0063840226151077 1.0042507494053650
1.0062316379490055 1.0042176354828483
1.0056522603411495 1.0038943428611444
1.0047987397589528 1.0033797144439809
1.0037180012951497 1.0027235941805979
1.0026267885898197 1.0020489543211053
1.0018994668056267 1.0015405004069848
1.0017016288132099 1.0012787656611164
1.0017211064253617 1.0011409937140898
1.0015398426215434 1.0009937016491819
1.0014285934909628 1.0010259186504060
1.0024121831861599 1.0016992184858731
1.0049610462913925 1.0030983263026958
1.0075892982200698 1.0043406542796460
1.0088831033260215 1.0048470094305910
1.0054539067382042 1.0027563809265414
0.9995535489371629 0.9993516432995075
0.9948015365062242 0.9965808226840115
0.9940782131266340 0.9960357170191685
0.9973110103135764 0.9977413518204903
1.0016795226525086 1.0002061268074338
1.0038638858630071 1.0015959217855099
1.0024800076107145 1.0010330372434553
0.9986720803497603 0.9989885571490440
0.9946740876565257 0.9966396075951890
0.9920944961331102 0.9949747979030785
0.9913497929464780 0.9943798691039114
0.9920892226398439 0.9947510567811045
0.9937620684966028 0.9957741086632325
0.9958627521048456 0.9970956779792713
0.9978616977468650 0.9983421976764706
0.9990576267519833 0.9990985859897384
0.9987640405372933 0.9990401561363175
0.9970181210555725 0.9982698355504234
0.9951418740300073 0.9975289333320390
0.9951342827836197 0.9978355441124008
0.9980276387808171 0.9996536341809316
1.0027257176495767 1.0023433820621330
1.0066531443648639 1.0045316152200150
1.0078379824226351 1.0051697982593333
1.0064299644485653 1.0042953062529845
1.0041233738905362 1.0027846140547791
1.0023205807462177 1.0014695001945517
1.0011401938225530 1.0005867102993689
1.0000784875685362 0.9999930438780728
0.9991431711312859 0.9996634085781331
0.9989618662814301 0.9997935562970285
0.9999304303224191 1.0004825800283244
1.0016788112946584 1.0015175314751075
1.0034645605132801 1.0025374435851502
1.0048193821275724 1.0033077843423275
1.0056546772499526 1.0037671691111933
1.0059361474268849 1.0038881475819539
1.0055434957228135 1.0036186236090610
1.0045082664291665 1.0029910250738503
1.0032440876778979 1.0022234327803965
1.0023707711735912 1.0016275818666553
1.0022025760198781 1.0013665897620243
1.0024291390407334 1.0013238264960913
1.0025044146671713 1.0013040145512091
1.0025122835814391 1.0014096101625298
1.0033828429889236 1.0020679526508787
1.0057358690594029 1.0034457914723152
1.0084338051454971 1.0048220960544132
1.0076714356566736 1.0042309127292981
1.0058103028182210 1.0030044142804961
1.0011889879219866 1.0002978561688085
0.9968855011630586 0.9977869022025292
0.9958844104330644 0.9971031421095348
0.9986555439464276 0.9985347423418484
1.0027976371178262 1.0008048236646456
1.0049013161642104 1.0020582096035457
1.0031500308464347 1.0012346348463437
0.9984507327464687 0.9987005290837404
0.9932646601281837 0.9957300736063009
0.9896241732412223 0.9934992068300695
0.9881608301355048 0.9924901083995383
0.9884310042036849 0.9925575784813796
0.9896974799552601 0.9933080833084958
0.9914032454416367 0.9943804445055342
0.9931472528853179 0.9954842610665803
0.9944494339855243 0.9963268210750565
0.9948137994932021 0.9966738876960110
0.9943016200478714 0.9966204105657466
0.9940070906313870 0.9967667669954013
0.9955002405261327 0.9978866937358843
0.9993352883371093 1.0001809171570135
1.0040590071656821 1.0028313835865124
1.0070427834924807 1.0044695120241667
1.0066992692793137 1.0042813136778976
1.0038992831455862 1.0026961672114845
1.0010249032036176 1.0009481054702531
0.9997429015151499 0.9999918053801585
0.9998513827386959 0.9998715203040951
1.0001035850767050 1.0000329150689693
0.9997756933902783 1.0000536129486104
0.9992080694177045 0.9999697869108762
0.9990664796688915 1.0000229481337446
0.9995747151279841 1.0003271870059307
1.0005524377826316 1.0008381507162787
1.0017982095092981 1.0014771619886300
1.0031254632397206 1.0021383147544509
1.0041576203074896 1.0026169957684024
1.0044132083386372 1.0026721363269298
1.0037367832728779 1.0022334364242782
1.0025675554965607 1.0015220564808247
1.0016493125226122 1.0009062728863609
1.0013835868452172 1.0005945160416678
1.0014607192160074 1.0004752789335329
1.0012736730199656 1.0003273208769714
1.0008496048060951 1.0002329197607751
1.0011812568645562 1.0006652249748551
1.0031768704667403 1.0019454464994146
1.0061323021055890 1.0035577897876464
1.0042512028052217 1.0024369005452605
1.0041787234255606 1.0021664843570559
1.0009911662815827 1.0002157012931143
0.9971589380012386 0.9979625624198302
0.9957766758858326 0.9970921854215171
0.9979611566497499 0.9982200870759249
1.0019035515070835 1.0003797387837796
1.0042733741912719 1.0017785481376338
1.0028919308416673 1.0011980837039751
0.9983568265265857 0.9988456021913525
0.9931787528602760 0.9959788324382058
0.9895967791139253 0.9938286060564996
0.9882608164357727 0.9928624269680136
0.9885151508833747 0.9928368881684522
0.9894406300432775 0.9932956310093933
0.9905623636136235 0.9939534088938029
0.9918092397733077 0.9947170823300899
0.9930771945305668 0.9955018586375093
0.9940642010066131 0.9961697569306135
0.9946983634967593 0.9967293206903828
0.9956434327779872 0.9975339786038422
0.9979483292382849 0.9990607416402020
1.0017834016474583 1.0012937548683536
1.0055744237546664 1.0033611839068723
1.0068838970994431 1.0040283568214561
1.0046105627221338 1.0027735049138375
1.0002614224580504 1.0003855464841280
0.9967693324025751 0.9983947792759632
0.9960597324435556 0.9978691354220957
0.9977560905462626 0.9987115917200270
0.9999717472370939 0.9999869430315932
1.0011027176928371 1.0007977897968803
1.0008377807575919 1.0008491021778811
0.9997938794537714 1.0003707908120485
0.9987224333365484 0.9997651609880532
0.9981758508896237 0.9993839526718984
0.9984770926484825 0.9994363349614955
0.9995658993094474 0.9998934642343806
1.0008730897811202 1.0004556992648166
1.0016122979256881 1.0007234996885284
1.0013811133546358 1.0004953573591346
1.0004853053644174 0.9999197226950794
0.9996148258034930 0.9993363833900455
0.9991535186831807 0.9989472936970798
0.9988007975437846 0.9986463006080922
0.9979881635265770 0.9982272427397623
0.9968163455365225 0.9978061343096436
0.9964362884976912 0.9979416602137333
0.9980702369618911 0.9991220829299969
1.0014139841081935 1.0010260242875626
1.0009095621104578 1.0007337490365333
1.0021635795525210 1.0011429985855111
0.9999132065481671 0.9996561620387017
0.9961195445194788 0.9974115175774112
0.9940313453246242 0.9961822337501883
0.9954480701125790 0.9969409934440677
0.9992393909844335 0.9990803531247089
1.0023004069730912 1.0009363162241791
1.0022023890151335 1.0011706875140076
0.9991730526619116 0.9997840358566175
0.9955100644131658 0.9978725975481401
0.9933084996922746 0.9965342098047969
0.9929567169641421 0.9960740111395117
0.9934887835783114 0.9961024160769347
0.9939048757228414 0.9961575176699339
0.9940333036420047 0.9961469738943409
0.9943440591022069 0.9962852798014006
0.9952031691364606 0.9967473393870098
0.9964463671923266 0.9974690463195520
0.9977196281267630 0.9983042760982879
0.9991361564985155 0.9993054827769914
1.0012466754916738 1.0006709595080350
1.0040411555607320 1.0022764383646274
1.0061413453249484 1.0033555430413983
1.0055633908099328 1.0029314787277837
1.0017073651811659 1.0007765002556663
0.9964422092085933 0.9979050088820167
0.9928806012139588 0.9959622038046532
0.9930031849338188 0.9960240206725969
0.9963332682768015 0.9978793933247645
1.0005758635188935 1.0003183659509829
1.0033922186446949 1.0020414998510037
1.0037512051335982 1.0023988686801046
1.0020427026958358 1.0015245628852487
0.9994227039014071 1.0000380935366888
0.9971463243519784 0.9986609557964758
0.9960766520138727 0.9978989979694716
0.9963356356298730 0.9978386365250121
0.9972898961047473 0.9981560396006680
0.9980198584065761 0.9983770792649264
0.9979829710525536 0.9982200808794732
0.9973228331697925 0.9977522371856186
0.9965690816783194 0.9972422085919711
0.9960207591428496 0.9968569940329078
0.9954026547568299 0.9964985491784404
0.9942259650941596 0.9959837782271737
0.9926511732360410 0.9954418123838255
0.9918968252489698 0.9954611922599914
0.9933712344918879 0.9966296611751481
0.9970671109106117 0.9987741344595537
1.0002390763756113 1.0005243160461210
1.0018422719915172 1.0010544403998347
0.9996065446026838 0.9995104936949211
0.9951928048288223 0.9969034597913038
0.9920522453014218 0.9951264904865471
0.9926057952260987 0.9954838889158119
0.9963552766452897 0.9977024911995946
1.0004759072537179 1.0002613695397493
1.0023811654711761 1.0017287882986492
1.0018852871518822 1.0018638466521224
1.0008161066579462 1.0014725264774704
1.0007784863337552 1.0013521660043723
1.0016707206682112 1.0015372647322420
1.0022295892406126 1.0015012149021807
1.0015861338722938 1.0008782342621640
1.0001138094337676 0.9998822120796449
0.9989461956084448 0.9990926393522042
0.9988958597549090 0.9989345176319490
0.9998395812682894 0.9993752260674286
1.0010645200470114 1.0000837753576952
1.0021406102539154 1.0008255806937660
1.0032375953442723 1.0015898116876449
1.0043837693731781 1.0022593059629854
1.0046554054555785 1.0022977061149978
1.0026821542164064 1.0010528895782345
0.9982706602214576 0.9985331939379408
0.9932821651937501 0.9957897239320600
0.9905422358483722 0.9943459617875334
0.9917708422345114 0.9951263929046555
0.9963892335886282 0.9978107650179560
1.0019997200672031 1.0010762110010836
1.0059480815863979 1.0034367050303770
1.0067595513669270 1.0040293159226834
1.0046198636342107 1.0029036189499210
1.0009280488147594 1.0008069312772749
0.9974058051862111 0.9987015023419615
0.9952316288220467 0.9972747699921856
0.9945841227567912 0.9966711221574703
0.9948067608322183 0.9965675382300762
0.9950280589323043 0.9965039608639040
0.9947639279251711 0.9962150449553138
0.9941095827731753 0.9957478164248649
0.9934786012792997 0.9953305572179527
0.9931298801219727 0.9951209495224445
0.9928541470595738 0.9950434240473782
0.9921896158313575 0.9949017264002038
0.9911557760308812 0.9947292117872473
0.9907557334389518 0.9949947225485165
0.9923490856668754 0.9962608062991235
0.9961296554374697 0.9984557244407296
1.0030050895297877 1.0022385055486938
1.0038561447696950 1.0022667414905400
1.0007421968448074 1.0001639286153123
0.9952445075936434 0.9969291796670694
0.9910054292766602 0.9945707286163757
0.9908745860956973 0.9946234454193610
0.9947729529771954 0.9970320002752334
1.0000691595759454 1.0003607221777933
1.0040640304593713 1.0030910114676639
1.0061906611574711 1.0047504164697538
1.0077093282332548 1.0058182195085108
1.0095747855846471 1.0067362393148613
1.0111518836916298 1.0072672832402625
1.0110400794923042 1.0068291716486433
1.0087481559802547 1.0052590879433836
1.0053173307240992 1.0031209578930942
1.0024600801401897 1.0013105812475971
1.0012552383130024 1.0004146929786855
1.0015158719282582 1.0003826849209765
1.0022223171675544 1.0007268139015462
1.0025627445649035 1.0010101743054203
1.0024939959288113 1.0011043332533607
1.0021952030438190 1.0009623515942008
1.0012431800299784 1.0003012254360957
0.9988435986040568 0.9987676109264546
0.9950518554112481 0.9965145359303472
0.9914370327590277 0.9944715469584290
0.9901917735766467 0.9938542859228955
0.9925034131205370 0.9953018204969379
0.9976595772716667 0.9983905408230423
1.0034656644507405 1.0018635912219813
1.0074892488780842 1.0043282420829212
1.0082816093833409 1.0049399147711673
1.0059690114877933 1.0037294032019601
1.0020024090704278 1.0014694911188937
0.9982208984734197 0.9991792617269389
0.9957962477684342 0.9975579089275937
0.9947711226777758 0.9967084455635755
0.9944288169204430 0.9962922888098215
0.9940313104444959 0.9959093725183608
0.9932920438302162 0.9953835516940712
0.9924025475766284 0.9948182408844443
0.9918116421759089 0.9944795197898205
0.9918918244605407 0.9945895746793282
0.9925844821045032 0.9951298504162660
0.9933678920933354 0.9958406033878372
0.9938418746449937 0.9965176239624912
0.9944446439969686 0.9973333062440245
0.9962433156115481 0.9986979764900972
0.9995914497012588 1.0006195047085298
1.0074699090397263 1.0049693829735764
1.0067800368566369 1.0040570408696028
1.0023518335780384 1.0011495663927894
0.9958327434434490 0.9973080155029604
0.9909525727940327 0.9945982013270910
0.9906788536805629 0.9946168355061370
0.9949975017689827 0.9973335343851463
1.0012503746414223 1.0012774145659411
1.0066235672962187 1.0048382911418183
1.0103157692696600 1.0073912446387006
1.0131852603783320 1.0091935655576227
1.0156948198215991 1.0104427043543796
1.0168922151706421 1.0107581896869742
1.0154962620817511 1.0096247653985224
1.0115230433252138 1.0071274977148970
1.0065441757155229 1.0040986206064757
1.0025205476969896 1.0015821473841751
1.0005038184490704 1.0001783828181825
1.0001778525120792 0.9997808260675194
1.0003977303053311 0.9998276814402119
1.0002402903530812 0.9998093416293216
0.9996004043927164 0.9995583628997025
0.9987500046643042 0.9990796561480677
0.9975699769369953 0.9982554066602569
0.9956396883490800 0.9969308455314885
0.9931390421713709 0.9953273700888692
0.9912800733129101 0.9941952604239311
0.9915402873452639 0.9943833187775125
0.9944693866687689 0.9961995917569850
0.9992198174272795 0.9991459332969734
1.0040420712183218 1.0021841889879661
1.0071738777317638 1.0042533423883242
1.0075937330337994 1.0047245543421115
1.0054635067687552 1.0036501583281798
1.0020615555593926 1.0017093682534415
0.9990171558765646 0.9998018551526140
0.9972692315393676 0.9985080357858839
0.9966343336648957 0.9978333454650438
0.9963053231929815 0.9974108305538428
0.9956473833490811 0.9968971697257503
0.9945528531255939 0.9962083380011495
0.9933547890505032 0.9955317995975311
0.9926695226963861 0.9952334145574054
0.9931521913085714 0.9956746726061005
0.9949995273981489 0.9969369668192666
0.9975894716628937 0.9986723102818212
0.9999179149207138 1.0003489225304407
1.0016267948596917 1.0017324930195788
1.0033469361223692 1.0030113372952367
1.0056088229590074 1.0042816161548738
1.0108851248003461 1.0072090299326102
1.0084834136196641 1.0052673840934176
1.0029260112303053 1.0016595616988011
0.9959726343281303 0.9975267361753707
0.9912860840772797 0.9949025649742971
0.9916147103340222 0.9952573127249186
0.9966201388259887 0.9983742148373281
1.0033469142908813 1.0026103124958154
1.0088498206079066 1.0062669286620129
1.0123391829115296 1.0087070747447726
1.0146691516762389 1.0101884230706490
1.0162488284600382 1.0109066405246838
1.0161989287695175 1.0105420587585825
1.0135593594795871 1.0087413555277522
1.0087348866759120 1.0057719959710838
1.0034328958001335 1.0025349888289183
0.9994146933000928 0.9999918641977227
0.9974322793789157 0.9986071490266561
0.9970492964776601 0.9982085804238181
0.9972303314964999 0.9982649575779023
0.9972049202098294 0.9983178844588595
0.9968828328430113 0.9982010981971006
0.9964511942018645 0.9978941226396318
0.9957900946709572 0.9973053998270884
0.9946267100888107 0.9963704847505626
0.9932461177455927 0.9953579025752114
0.9926487565960194 0.9948892518848944
0.9937542471592086 0.9955114812845920
0.9965518915577225 0.9972485516964285
1.0001152232817003 0.9995804210987238
1.0032818741983698 1.0017834432814767
1.0051792822005134 1.0032524492968857
1.0053581231134019 1.0036501265213080
1.0039360000137953 1.0030080469173279
1.0017507744826324 1.0017713543581179
0.9999860142434626 1.0005869178003168
0.9993159854551616 0.9998782278934588
0.9994542170391739 0.9995988003301971
0.9995955445523238 0.9994011070928044
0.9991572822001119 0.9989896597595529
0.9980717652969245 0.9983203632381612
0.9967158873224038 0.9976205082022237
0.9958739435514260 0.9973472695547287
0.9965376750232687 0.9980164002874162
0.9992045030665990 0.9998256876855444
1.0031774118526797 1.0023524220980486
1.0068724059400218 1.0047545333163339
1.0091641042238062 1.0064125012299292
1.0102790783829467 1.0073133535666274
1.0109647037775951 1.0076630717178889
1.0116719495374749 1.0079533646620609
1.0080010878727934 1.0052425313061228
1.0019258723781932 1.0012959684777509
0.9953058395410189 0.9973158647601867
0.9916128556240956 0.9952224820858379
0.9931306944595226 0.9962154160258793
0.9989145686324236 0.9997384151355679
1.0055234343403423 1.0038886716246216
1.0099090469467371 1.0069112509483678
1.0115719891557777 1.0083157554522739
1.0118124377852549 1.0086034724305777
1.0114690355192841 1.0082237076535143
1.0100721826808923 1.0070928531304599
1.0069955329040263 1.0050327632327229
1.0027039806021720 1.0023376227730216
0.9985771505993324 0.9997420356701311
0.9958255855883503 0.9979282412905003
0.9947745323295575 0.9971357536559922
0.9949435286760292 0.9971473633386586
0.9955880411768538 0.9975452283051764
0.9962335333936002 0.9979920482173975
0.9967881517515923 0.9983186244190912
0.9971720423195579 0.9983975100110928
0.9970433270374670 0.9980628850897922
0.9961795751678519 0.9972950292285268
0.9950702230918015 0.9964519206771234
0.9947361810299393 0.9961310859663772
0.9957744166750064 0.9966904722165709
0.9977694184575727 0.9979537559012605
0.9997956010704351 0.9994306872851149
1.0013147440439363 1.0007427726406983
1.0023358464170706 1.0017468111922672
1.0028852292714079 1.0023540135023337
1.0028130656590637 1.0024638438985007
1.0022275199128023 1.0021409941517785
1.0016994663090861 1.0016897478305893
1.0017419475637359 1.0014145477803738
1.0022653069876819 1.0013523235161177
1.0027260416723576 1.0013010797341186
1.0026462290590619 1.0010491844377045
1.0018751659210838 1.0005427153285817
1.0006621726996294 0.9999643032097678
0.9998056976553933 0.9997769915877855
1.0004979843366617 1.0005757620330764
1.0034521853069134 1.0026347374782680
1.0079500079100563 1.0054917688796634
1.0120560772460812 1.0081145033519698
1.0141740387880773 1.0096472167595398
1.0143111645457008 1.0099694483263020
1.0134254216875833 1.0093990019494050
1.0100601209259519 1.0071276327489100
1.0058775256104644 1.0041035625955912
0.9999595475050720 1.0002477729415702
0.9942464995497237 0.9967947276527116
0.9919630600269549 0.9955041354953703
0.9948306707243012 0.9972418080100055
1.0012193637788294 1.0010690013247892
1.0072044567354497 1.0048314767499555
1.0097417087792016 1.0067838313909974
1.0088200851607994 1.0066948095368300
1.0064480091004850 1.0054542443477301
1.0041573993289878 1.0039085641411631
1.0020142729734436 1.0022839767134846
0.9995901201820020 1.0005229306601853
0.9970728382267944 0.9987853435476010
0.9951970369280306 0.9974690148685016
0.9944875233445216 0.9968819517903822
0.9948792390096050 0.9970314436299842
0.9959470280219722 0.9976930575605323
0.9972996677356842 0.9985944776580999
0.9987387715740489 0.9995178813350144
1.0000843817325131 1.0002583225222421
1.0009015523626987 1.0005459355702557
1.0006167608937020 1.0001379479025614
0.9991590420701334 0.9991035577016344
0.9973866376791525 0.9979639143025760
0.9964981428751442 0.9973689643554818
0.9968907685176114 0.9975535176560730
0.9978345062694248 0.9981905688039651
0.9984442715555689 0.9988403035680238
0.9987596024445469 0.9994464484525861
0.9995384050452935 1.0002629999236470
1.0011035576830707 1.0013591038187724
1.0028318910949825 1.0023975906850029
1.0038897112684630 1.0029636787506473
1.0041257203359319 1.0029771259700191
1.0040102030785985 1.0026870393286158
1.0039617155774554 1.0023621825007452
1.0040129247617109 1.0020941696454122
1.0039505785214717 1.0018309867027861
1.0035321700376449 1.0015013401255495
1.0027547932143235 1.0011739338708607
1.0022131741264835 1.0012024836457731
1.0030245532793178 1.0021260455409715
1.0059150002604227 1.0042061800652107
1.0101867270520308 1.0069760257364133
1.0138822218672063 1.0093816354950254
1.0153565124159876 1.0105375738686297
1.0146144964443298 1.0103251714233095
1.0127222254039645 1.0091338389402029
1.0070113273757639 1.0052057277721074
1.0030360457052250 1.0023245751978593
0.9977792926617798 0.9989074917427053
0.9932477736422969 0.9961963366174630
0.9923992548585533 0.9957727221204591
0.9964132488435481 0.9981803523623046
1.0030994721389750 1.0021656595598480
1.0082517725078672 1.0054265451198772
1.0089779623361885 1.0063035205706130
1.0057597319767162 1.0048360149810402
1.0012425296613958 1.0022784105428340
0.9976033686289010 0.9998559190628570
0.9953963598546164 0.9980830359601309
0.9942749753330313 0.9969673648205649
0.9939971953161605 0.9964567761629086
0.9945776907024160 0.9965653052000703
0.9959175510127409 0.9972434093449232
0.9976927307528434 0.9983202416996050
0.9996054034473553 0.9995975919996800
1.0015606447930689 1.0009289495756675
1.0035007252478407 1.0021648771323310
1.0050693064831111 1.0030365692920344
1.0055351247867990 1.0031666629219831
1.0042938483881148 1.0023251748292497
1.0016463559673290 1.0007607495133644
0.9989167626003547 0.9991949958755295
0.9974374564019955 0.9983127950633292
0.9973295336110181 0.9981977952718101
0.9975219813999470 0.9983624406774564
0.9971526661653489 0.9984031622087313
0.9967418358336840 0.9985301052645990
0.9976287598369225 0.9993053171583023
1.0003037023726222 1.0008854080359444
1.0036387134757561 1.0026785184723082
1.0058775746382138 1.0038121388374266
1.0061805914156692 1.0038624298937058
1.0050576066306820 1.0030822689807490
1.0035772601380863 1.0020455021936010
1.0024966388628602 1.0012037813484094
1.0019770727667094 1.0007075524860285
1.0017481959403458 1.0004840395564998
1.0015458256975363 1.0004670767031107
1.0016224058713443 1.0008246793245972
1.0027660343380926 1.0019212293999926
1.0055004540297598 1.0039165854223147
1.0091674006483384 1.0063648140575572
1.0120804884409857 1.0083411986836841
1.0129058419223638 1.0091073779844033
1.0117808818690566 1.0086180587627833
1.0097102730202865 1.0072610340681565
1.0033698628199070 1.0028084842777674
1.0000532275198433 1.0003822326843983
0.9957275658060474 0.9976010801565341
0.9924414338799089 0.9956925382761113
0.9928609534789911 0.9960559033048552
0.9977010707550837 0.9989696337064005
1.0044614685760116 1.0030035635118126
1.0089674583784956 1.0058636053575980
1.0085921843707075 1.0060313437252546
1.0040948824638303 1.0037184238280645
0.9983897934521765 1.0003653312988519
0.9940249853808431 0.9974288793775095
0.9919383533374980 0.9956423761939808
0.9918806977737483 0.9950732401813273
0.9932700946142929 0.9954970864611792
0.9955546293529649 0.9966226670697939
0.9982028546735034 0.9981434818436565
1.0007806215904225 0.9997900414877102
1.0031288938750764 1.0014040279733905
1.0053176736568639 1.0029142185100688
1.0072821607263605 1.0041851348885045
1.0084883544026306 1.0048963933295121
1.0081058180793494 1.0046572818694159
1.0057704812196642 1.0033648087225606
1.0022840930014911 1.0014897468580046
0.9993166584062561 0.9998878979658138
0.9980791752483907 0.9991584240994655
0.9982282599100855 0.9991468515708118
0.9983058153481292 0.9991809914040950
0.9974602376346366 0.9988788625593590
0.9965746925455387 0.9986499228173419
0.9973784323005096 0.9992651658923065
1.0004561740622226 1.0009319092702720
1.0043533575139871 1.0028941816883987
1.0067355480054845 1.0040001271519869
1.0063610506289407 1.0036395101998550
1.0038556621030335 1.0021243643435209
1.0008236794598646 1.0002879112707936
0.9985692381337400 0.9988539634807156
0.9975196628835051 0.9981104961618493
0.9973895206001718 0.9979706495682810
0.9977295589037646 0.9982521883862854
0.9984756396922772 0.9989411236792579
1.0000105278936933 1.0001955037656620
1.0025576719433629 1.0020415176446045
1.0055138988764600 1.0040782351769837
1.0076266679067185 1.0055998110708411
1.0080507644648611 1.0061070844633377
1.0070775852338332 1.0056435576974188
1.0054959498615486 1.0045206468262380
1.0001552421769393 1.0006935962791133
0.9976030295027514 0.9988337723379428
0.9942174495183759 0.9967099291087838
0.9920493700173031 0.9955131420872121
0.9934437678693070 0.9964637175579181
0.9987514719968383 0.9996535795399735
1.0054470876707744 1.0036382790204912
1.0097032289483574 1.0062923389396790
1.0092087687157372 1.0062643261881932
1.0046684481826254 1.0037798178114361
0.9987679674598374 1.0002140071296650
0.9940598453014733 0.9970482214406545
0.9917528465689978 0.9951474923854039
0.9918051652245965 0.9946733338626299
0.9935458133473929 0.9953491626047597
0.9961565012380968 0.9967362426199597
0.9989291495767562 0.9984131831232131
1.0014427760183691 1.0000888997223898
1.0036305914184365 1.0016388729147214
1.0055888531778723 1.0030169387606847
1.0071825624096626 1.0040846392205840
1.0078277634248127 1.0045348054871113
1.0068443112234946 1.0040735723645740
1.0042537793666442 1.0027790636941463
1.0012205183655598 1.0012667697560222
0.9993974654327665 1.0003474050194041
0.9995343081089587 1.0003675419582718
1.0007068538068431 1.0008752933631389
1.0011611793135857 1.0010528579748570
1.0001434699346503 1.0005742333253862
0.9987914742056293 0.9999903802416230
0.9989833142665761 1.0001664258060334
1.0013070602921579 1.0013252795537797
1.0042642637052064 1.0026931880628229
1.0055170751965261 1.0031195285183230
1.0039195890834376 1.0020493780252944
1.0003041576578882 0.9999068778981370
0.9964976581684317 0.9976441860704210
0.9939005621651116 0.9960389164060083
0.9928788977338374 0.9953455972424917
0.9930315725699423 0.9953990646997150
0.9938080085599272 0.9959309768448495
0.9949863117262426 0.9968192031254808
0.9966805108230133 0.9980863461914735
0.9988932497558247 0.9996745424560457
1.0011176206581687 1.0012616604208713
1.0025537768995776 1.0023829106240592
1.0028271275607630 1.0027789215119227
1.0023168827394027 1.0025511443499038
1.0015087050383320 1.0018820342098000
0.9987421119729720 0.9996818210169824
0.9968183897869360 0.9983507711128987
0.9941372789046254 0.9967531109436807
0.9926990787082207 0.9960162210947409
0.9945246039721440 0.9971976030443476
0.9997301271543308 1.0002965122412013
1.0060346521702517 1.0040122024338649
1.0102210814032573 1.0065277892094497
1.0103272511587138 1.0066779989020211
1.0067314438951547 1.0045686078369587
1.0014681767712852 1.0012910203550573
0.9967446576409017 0.9981540565387416
0.9938926119083024 0.9960531528256814
0.9931500547526313 0.9952605911411774
0.9939983103220921 0.9955610712414171
0.9956588284684934 0.9965246324137440
0.9974882364460378 0.9977464532698419
0.9991621338796768 0.9989722600377616
1.0006427631897337 1.0000998915945294
1.0019709515894057 1.0010846542022049
1.0029922817784482 1.0018161532466523
1.0032771624810897 1.0020933432431292
1.0024800770994267 1.0017960299632760
1.0009394199899575 1.0011424403403333
0.9998109390357088 1.0007124860919270
1.0002712588171876 1.0010488214513658
1.0023522144615478 1.0021189420431584
1.0046311688834515 1.0032119194507580
1.0053652427104878 1.0035085861358217
1.0041310694518892 1.0028449349390340
1.0022518270435909 1.0018796298632953
1.0014713709766820 1.0014435421240389
1.0022159274939579 1.0017071256801402
1.0031598799527814 1.0019891726048380
1.0024946838400917 1.0013909384111253
0.9996387931811475 0.9996297607801963
0.9956895304489518 0.9972705394640504
0.9923516203241823 0.9952210344385614
0.9906459000901607 0.9940762518578569
0.9905166450602587 0.9938709262702933
0.9912962481776491 0.9942828897109095
0.9923806938858547 0.9949847849898796
0.9935826446277488 0.9958467727693069
0.9949989915166515 0.9968830435777860
0.9966162766881673 0.9980546838652772
0.9980966282666588 0.9991603121560142
0.9990200980906634 0.9999523311768750
0.9993383360777826 1.0003519294224275
0.9994094325576081 1.0004659219808745
0.9993895468300935 1.0003215495445164
0.9999174360695141 1.0001522704410206
0.9985209447727718 0.9993040269974978
0.9962435021350020 0.9980578166932491
0.9949541891259029 0.9974346233284509
0.9963926082699693 0.9983602090814764
1.0006135900245841 1.0008477346940652
1.0058147122309473 1.0038775595597751
1.0095739018654986 1.0060464911528584
1.0103366790592994 1.0064077165546634
1.0080841732305104 1.0049056732412478
1.0040290913408807 1.0022525984533437
0.9998126900815385 0.9994645285495641
0.9966987845631889 0.9973620426786339
0.9951252842016857 0.9962789343251255
0.9947883869573750 0.9960846041730302
0.9951010037275759 0.9964289204022360
0.9956165628143097 0.9969911384140776
0.9961443268922227 0.9975815295819978
0.9966437046453742 0.9981171843278674
0.9971036072992328 0.9985650565848392
0.9974665157559715 0.9988989770435943
0.9976327934540181 0.9991013271166640
0.9976500322877762 0.9992460895856179
0.9979749148600663 0.9995941098545060
0.9993639321755448 1.0005044027479291
1.0021782203901937 1.0020936683029371
1.0056750907920535 1.0039323515415590
1.0082163107199151 1.0051944636945143
1.0085186465796057 1.0052734494960014
1.0067927188502941 1.0043072792914443
1.0045161886679728 1.0030480443832821
1.0030349649918859 1.0021719573861760
1.0023931873110092 1.0016955892727577
1.0014593180095637 1.0010377146260085
0.9991701463637306 0.9996465416044605
0.9956851927132313 0.9975880549949120
0.9923269229543608 0.9955412924053353
0.9904571209943649 0.9942516799938318
0.9904700447391467 0.9939984364490870
0.9917245992465538 0.9945117252325009
0.9932296499589957 0.9952941481175950
0.9943708998413989 0.9959989561725968
0.9951368361784305 0.9965724495821113
0.9958178112426277 0.9971262526664463
0.9965751413653932 0.9977276941050192
0.9973022084643570 0.9983224359758959
0.9978626374109225 0.9988385276854826
0.9983770557800248 0.9993115754994123
0.9990998363930215 0.9998172860286803
0.9998784501145001 1.0002297040315142
1.0027808796382114 1.0015606219712141
1.0020981243045484 1.0012688966792540
1.0001412093094140 1.0003076276851195
0.9985212781494118 0.9995255109051024
0.9987770625595186 0.9997548131548871
1.0011066258135044 1.0011286555755723
1.0043526298987029 1.0030030905785670
1.0069432894002222 1.0044320167880922
1.0077700407942738 1.0047130448767960
1.0065471288316503 1.0036829102457778
1.0038214556775586 1.0017364641115567
1.0006945055909977 0.9996066650155250
0.9982182287178178 0.9979749550421312
0.9968162929077091 0.9971359463414643
0.9962304943157299 0.9969575200382337
0.9959749948129292 0.9971174531618427
0.9957566872512766 0.9973515839793338
0.9954943685869747 0.9975205123058019
0.9951512403537620 0.9975627894342984
0.9947246661135659 0.9974832190396397
0.9943541809732266 0.9973823246503399
0.9943391228960966 0.9974529826372596
0.9950725503422364 0.9979377073424897
0.9969549053661031 0.9990587450753451
1.0001512377681543 1.0008711048228971
1.0041588303667288 1.0030595170498948
1.0076519927659884 1.0049094965606449
1.0091559063551661 1.0056731594132271
1.0082180160652165 1.0051348299660474
1.0058562879864081 1.0038162326396891
1.0036576523036891 1.0025402834533725
1.0024138404164464 1.0017489542219615
1.0016149666815668 1.0012147277864281
1.0001629582425082 1.0003717621431159
0.9975680338471590 0.9989271444815476
0.9945388548753757 0.9971961645105317
0.9924600820760294 0.9958788243630385
0.9922846405869290 0.9955076556695630
0.9938392110098676 0.9960643796889441
0.9960483012266377 0.9970536993817823
0.9977646207985820 0.9979032108793324
0.9984816017655912 0.9983264377371307
0.9984235770965797 0.9983898176954036
0.9981080449419555 0.9983191527227242
0.9978871297307290 0.9982840776676224
0.9978543478266098 0.9983497345148176
0.9980758292491879 0.9985779750275364
0.9987809356502693 0.9990967228954922
1.0001558760517033 0.9999751368138283
1.0018350509187381 1.0009808495609533
1.0050452993760852 1.0026661400906873
1.0055186564565772 1.0031187756766666
1.0041393763250199 1.0025535992486019
1.0021037490558746 1.0015681233333658
1.0008449418467615 1.0009359591989273
1.0008964799485462 1.0009925160461508
1.0017974950654167 1.0014954950477206
1.0026951725862854 1.0019070266193375
1.0028400759630738 1.0017396866215662
1.0018589147701524 1.0008049794827214
1.0000054904389353 0.9993488241125199
0.9981341949353444 0.9979616345526002
0.9971261070456314 0.9972162287899955
0.9972158936386712 0.9972929664489347
0.9979222718863350 0.9979291551114078
0.9985931117937547 0.9986963513097413
0.9988847769177069 0.9992821709770731
0.9987277572125153 0.9995428857902946
0.9980949946576438 0.9994315246141794
0.9970414944833969 0.9990024680937890
0.9959173874483912 0.9984776490334198
0.9953605288967536 0.9982232068844058
0.9960086195646511 0.9986004685932323
0.9981589868530641 0.9997781191992462
1.0014923041132164 1.0015752811831951
1.0049339374490371 1.0034064889789074
1.0069634798924609 1.0044754585133708
1.0065636066928869 1.0042618526366103
1.0041582368736326 1.0029710451678460
1.0014309907815131 1.0014489256696144
0.9999664228308176 1.0005309133746163
1.0000156636042254 1.0004117892487847
1.0005249119619843 1.0006055625428414
1.0002597345741033 1.0004722289637169
0.9989280057953849 0.9997972343412003
0.9973667953396532 0.9989389301783598
0.9967667932247865 0.9984826162095291
0.9976843421059453 0.9987441242522503
0.9996377021495312 0.9995363214107085
1.0015215963264104 1.0003472452551774
1.0024253531942982 1.0007331829829311
1.0021704910386118 1.0005851028653057
1.0011980837526533 1.0000865956282836
1.0000589677459266 0.9994821401184287
0.9990545113066794 0.9989157840584715
0.9982933957778655 0.9984686759159779
0.9979788694796146 0.9982972793492737
0.9985345110781787 0.9986657236967136
1.0002873882172378 0.9997458303743779
1.0028699455187413 1.0013077298914099
1.0047688553615020 1.0024282847271440
1.0067825551030822 1.0037926283864873
1.0064015879713915 1.0038365746764457
1.0042762207282876 1.0028420114100765
1.0018190566440612 1.0015477996488018
1.0000265023017469 1.0005309716630344
0.9990571636606113 0.9999036504973726
0.9984805593798712 0.9993998792068121
0.9976568049093693 0.9986380331855381
0.9961848488552891 0.9974364823786063
0.9943767263331590 0.9960598322198311
0.9932398709447198 0.9951516008093888
0.9937227277647314 0.9952978381629843
0.9958948623658217 0.9965795342770184
0.9989039046318617 0.9985307293358612
1.0016866178548951 1.0004990386593766
1.0036156869434130 1.0020150943425341
1.0045103494095937 1.0028728580721555
1.0043386751889616 1.0030272613719413
1.0031995556956832 1.0025644989093454
1.0015433734886345 1.0017616065123214
1.0001618768318477 1.0010573880296276
0.9998132814922559 1.0008664543074852
1.0007765775224400 1.0013489882705915
1.0025960698660155 1.0022686418369489
1.0041312207768238 1.0030267213159600
1.0040772079469034 1.0029509238865366
1.0019242317452846 1.0017820782999078
0.9986314857039147 0.9999983899331844
0.9961155214216969 0.9985706738964040
0.9957919597287135 0.9982544834848934
0.9975325918084108 0.9990494938700409
0.9999748633628037 1.0003042221907268
1.0017589292522844 1.0013046210325167
1.0025021642518563 1.0017812253836180
1.0027714887602930 1.0019485192848248
1.0033117716397151 1.0021577079143693
1.0043107790538588 1.0025275703507008
1.0052717091137138 1.0028554107785859
1.0055056738897090 1.0028366068456374
1.0047577235873284 1.0023584771392180
1.0033830324144259 1.0015843251885386
1.0019433349628242 1.0007648795707029
1.0006887225025756 0.9999982386243766
0.9994660339350482 0.9992011469551575
0.9981082911132690 0.9983207251569368
0.9968973217641439 0.9975714114219514
0.9966350646709029 0.9974408708134883
0.9981157674551936 0.9983682266728595
1.0012693341308321 1.0002819863312660
1.0018492866731934 1.0007649839413726
1.0054735095365583 1.0030690405151355
1.0064085472696256 1.0039046477682689
1.0046981553033407 1.0032097034593959
1.0017760143240853 1.0016927341863417
0.9991333313759000 1.0001630803946622
0.9974017960213585 0.9989981056602448
0.9962461666676420 0.9980400419122361
0.9948230243981171 0.9968646834474416
0.9926070642938076 0.9952564223975441
0.9901219914405330 0.9935795653373024
0.9888075876754219 0.9926735201621922
0.9899433463255845 0.9932700678214622
0.9936055862562044 0.9954318512265788
0.9986232951175352 0.9985097910480957
1.0034710850029256 1.0016045762834391
1.0071638736728357 1.0040653400163495
1.0094004944768045 1.0056319357645531
1.0101815739109825 1.0062853918467316
1.0096073166401853 1.0061226355105646
1.0080207244884509 1.0053706062165650
1.0060767490805906 1.0043909088312519
1.0044815863257106 1.0035559226687198
1.0036031140554060 1.0030602004617668
1.0032342575276381 1.0027956658235977
1.0026383934257888 1.0023795193863809
1.0009788955781946 1.0013907130638628
0.9980764123434316 0.9997555328893423
0.9949048838049300 0.9979818772249103
0.9931068078195120 0.9969156891593756
0.9937587364696974 0.9971341535734860
0.9965584021666430 0.9985269027665787
1.0001926958372607 1.0004453340023745
1.0034072581276294 1.0022167868252030
1.0057129154651543 1.0035188181538293
1.0072511988537094 1.0043589538425677
1.0082206491141832 1.0048178555021379
1.0085005076828937 1.0048578610745644
1.0077731033020634 1.0043626004278889
1.0059912135450340 1.0033448809105301
1.0037026732203480 1.0020890318579150
1.0017989797015003 1.0010230161560496
1.0008111431674453 1.0003807372591078
1.0004168657750860 0.9999734013521749
0.9996934526412011 0.9993332843300184
0.9979616191089524 0.9981554920719699
0.9955360492463412 0.9966838512720922
0.9937611801310060 0.9957034953569791
0.9941819077721946 0.9960621242382910
0.9972974471867213 0.9979924432623654
0.9978666147107311 0.9985084237854848
1.0028953082468306 1.0016362995440320
1.0052767723042915 1.0033428991637214
1.0044480654049324 1.0032294346453738
1.0018165474206735 1.0019453934302627
0.9992924127246169 1.0004757220203768
0.9978508807638543 0.9993753881068838
0.9970655528351000 0.9984852384793405
0.9956948563617861 0.9972367823660189
0.9929517706194632 0.9953177140292859
0.9895275093835928 0.9931793595118353
0.9873348073135342 0.9918841250053835
0.9880790977141699 0.9923587927540579
0.9919620522513292 0.9947042276494692
0.9976119648811845 0.9981441698883273
1.0031589125579068 1.0015940328455124
1.0074141814484863 1.0043084881200932
1.0101688654067815 1.0060913090128711
1.0116574064786530 1.0070593572241284
1.0120295094262370 1.0073524391611477
1.0113365763584903 1.0070639000534563
1.0097698463738436 1.0063189908100834
1.0077217464828800 1.0053103384098070
1.0056135903186687 1.0042327762397889
1.0036698539095648 1.0031806292468368
1.0017885766522370 1.0020919908255672
0.9996618409433038 1.0008254557976737
0.9972215642541447 0.9993842856509401
0.9950489898062299 0.9980981346783766
0.9941459045895659 0.9974942341246286
0.9951210828258784 0.9978998891761238
0.9976529279456975 0.9991755259451951
1.0008060765308788 1.0008497522385760
1.0037567572076163 1.0024645264617451
1.0061229623337586 1.0037610640187216
1.0077485451203567 1.0046124135306014
1.0084055651880599 1.0048944358495697
1.0077854577133822 1.0044754693553688
1.0057881574132965 1.0033455074764432
1.0028837459283511 1.0017758295580925
1.0001643762700099 1.0003223063393967
0.9987983256750189 0.9995445575872424
0.9991415669804313 0.9995749786544161
1.0002703588915574 0.9999103005136570
1.0004950875331722 0.9996952785777080
0.9986015539228387 0.9983630070815164
0.9949091064216200 0.9961692525673833
0.9913169990892541 0.9941937600821842
0.9901903331536689 0.9937239226909734
0.9927177630121220 0.9953656945984395
0.9947520998231133 0.9967422486404053
1.0008270094382969 1.0004675186709380
1.0046154539382839 1.0029890499629484
1.0049892809541554 1.0036112478134489
1.0031719137453494 1.0028599026881062
1.0012954757786743 1.0017923285584347
1.0005824550214599 1.0010695300494921
1.0005376488951807 1.0005136563265702
0.9995773141598830 0.9994214033531830
0.9966432267423243 0.9973760029594266
0.9924885880008473 0.9948689644581900
0.9893449733609060 0.9931134975309631
0.9892101883280987 0.9931651429523325
0.9923395058690567 0.9951275842970277
0.9971703898510770 0.9981071308694489
1.0016079074338731 1.0009020649486087
1.0045135010245525 1.0028079307295443
1.0061260154095095 1.0038780404796532
1.0072627646482490 1.0045484856238751
1.0083347614782234 1.0051170211449350
1.0090939516902713 1.0055476180539566
1.0090567081129078 1.0056301448636189
1.0080048024807782 1.0052306253386425
1.0061705556525100 1.0044160467891510
1.0040827215962800 1.0034065633649505
1.0022211109967853 1.0024213009428515
1.0007512046183591 1.0015573045169177
0.9996152011459192 1.0008266691593479
0.9988628491929697 1.0002916803482884
0.9987265383404768 1.0000853984244968
0.9993007085358243 1.0002669257768022
1.0003324063926666 1.0007282511130884
1.0014666895888933 1.0012960441205383
1.0025522144668906 1.0018650327584431
1.0035461231002378 1.0023688542731966
1.0042248064376620 1.0026670460773170
1.0041615340462531 1.0025425485905688
1.0030066766731032 1.0018364440358070
1.0008126111105091 1.0006081428218803
0.9982291696661536 0.9992210876023409
0.9964018191298437 0.9982620974145285
0.9963862751680423 0.9982267580362483
0.9982843730552307 0.9990982632884582
1.0008103825045394 1.0001692568480700
1.0018722794634096 1.0003737087349291
0.9999549566546827 0.9989986781645336
0.9953522580053149 0.9962960868975342
0.9902924943133143 0.9935214862808309
0.9877238662005505 0.9922744074325480
0.9894371688977045 0.9934880993509382
0.9936900321866743 0.9961710704625448
1.0002242080118697 1.0001213601593326
1.0050663974368115 1.0031882264635004
1.0066572878356805 1.0044734869647811
1.0058434564203711 1.0043146294675442
1.0046808202083854 1.0037080360749469
1.0045101164448476 1.0033454886340849
1.0048970989317201 1.0030673524165199
1.0041803255853319 1.0021383337848029
1.0012166150739084 1.0001113779799962
0.9967952407085463 0.9974995264677893
0.9932582193108495 0.9955629716619322
0.9926278069334089 0.9953518938647619
0.9949844190012830 0.9968606818436643
0.9984378587866696 0.9990185672166974
1.0006667167461516 1.0005169855077229
1.0007415387685226 1.0007781395989466
0.9996277421517749 1.0002492053249208
0.9990399816828454 0.9998533225032920
0.9999372601191082 1.0002012065600447
1.0019769579053677 1.0012339642986998
1.0040460494281744 1.0024281831611659
1.0051563408047204 1.0032460347505439
1.0050413543125951 1.0034757791598801
1.0041963341823237 1.0032926718853283
1.0034276324906051 1.0030577880163360
1.0032590043002620 1.0030287907381608
1.0036652589376587 1.0032125700077064
1.0042638208112793 1.0034330252336980
1.0046166798592580 1.0034736436710867
1.0043747607806328 1.0031717140045380
1.0034138789525937 1.0024975059018317
1.0020131830903909 1.0016188119914835
1.0007341148700217 1.0008198349515993
0.9999280267076532 1.0002691120362561
0.9994154592565964 0.9998767031651014
0.9987260789661687 0.9994091904162746
0.9975764991404322 0.9987250044586140
0.9961085060198078 0.9979082964220752
0.9948607823481999 0.9972572497391059
0.9946067912470832 0.9971705100805134
0.9959627556744360 0.9979169798966465
0.9987809556076155 0.9993393499763750
1.0018063824650179 1.0007279732298975
1.0031205826668701 1.0010927443263617
1.0012985312837959 0.9997670404855514
0.9965523861379814 0.9969728369646397
0.9909987533370987 0.9939205911014189
0.9876572077346594 0.9922522789758081
0.9886391750169043 0.9930690204928652
0.9948374863177795 0.9968871438790211
1.0008526440967020 1.0004966041465402
1.0058320047269678 1.0035422424884701
1.0080984440850500 1.0051015508085754
1.0080643590954594 1.0053291946258829
1.0074248063782800 1.0050498836173123
1.0074357806274021 1.0048951496265779
1.0077822227645401 1.0047392820780576
1.0069840546095927 1.0039161337586404
1.0040619367786556 1.0020429953007726
0.9999018221977947 0.9996655787123687
0.9968181748005529 0.9980145516707714
0.9966346641716448 0.9980219486037687
0.9990489995313759 0.9994734741203504
1.0016848327792740 1.0010534302020355
1.0018916403116802 1.0013065114916337
0.9989077335432360 0.9997634044514147
0.9944414973899480 0.9972705639942155
0.9911861697939457 0.9952825207772587
0.9908343866161401 0.9948259985969103
0.9932438844923971 0.9959721816877320
0.9969637952048289 0.9980277661501158
1.0003493748939289 1.0001066095266955
1.0024895015604463 1.0016508995418780
1.0035262196957235 1.0026370555524327
1.0042766179699514 1.0034075335055730
1.0054603986791522 1.0042869827581700
1.0071271900947572 1.0052818885927919
1.0086554137992059 1.0060626871719329
1.0091719108862653 1.0061792247530332
1.0080658198389980 1.0053436712378649
1.0054125282863198 1.0036475544856911
1.0020618248912905 1.0015773595351554
0.9991294010445202 0.9997398865784913
0.9972070192730489 0.9984730686861333
0.9960893151412168 0.9977084156916738
0.9952743680132875 0.9972014916221296
0.9945788969931808 0.9968362661560269
0.9942183069352701 0.9966957528683633
0.9945071479470211 0.9969343786960818
0.9956558632992452 0.9976535909505767
0.9976950731329832 0.9988269212003831
1.0003048526886582 1.0002132770117698
1.0026433218109558 1.0013093449046591
1.0035086505106898 1.0014793412643921
1.0019450728104178 1.0002928587848863
0.9980240122548896 0.9979147624677484
0.9932606296806005 0.9952653488116023
0.9901159584813634 0.9936985042213407
0.9905957244456097 0.9942433813847555
0.9975564864017384 0.9984744846571192
1.0018334372193083 1.0010947318106018
1.0055367120615879 1.0033437067134159
1.0073451617766545 1.0045167996191142
1.0074391725080354 1.0047048741250031
1.0070524832501411 1.0045405876278157
1.0071569824982745 1.0045208596745894
1.0074622111602185 1.0045135022308396
1.0067132638093270 1.0039308218762000
1.0041689197411148 1.0024684095495686
1.0008138666769990 1.0006832144382058
0.9988728161337542 0.9997300433177893
0.9999249918068082 1.0003942057765864
1.0033017912652615 1.0022655445561954
1.0061764905730144 1.0038130253051085
1.0055217804189893 1.0034222372773147
1.0005424225436408 1.0006348602070616
0.9933844406187230 0.9965354509517269
0.9874663714036827 0.9929698711473963
0.9851719357403713 0.9913526740596549
0.9867825160553472 0.9919990535880859
0.9908992486168143 0.9942456667412255
0.9955691793109558 0.9970362004160426
0.9993657734121650 0.9995371358846457
1.0019656458400461 1.0014781029584621
1.0039707542673864 1.0030764172521009
1.0061225362665864 1.0046390396985230
1.0085234657360218 1.0061618109309627
1.0104499268865730 1.0072311683773778
1.0108224155210144 1.0072772584464154
1.0089800053301028 1.0059888106176693
1.0052772266724543 1.0036133815009454
1.0010248355181193 1.0009014997851045
0.9976552488955498 0.9986683577984291
0.9957668484758877 0.9973067358789923
0.9949779075670127 0.9966926707377801
0.9946781797116588 0.9965290323238253
0.9947474184510470 0.9967009970891048
0.9954681541487104 0.9972752665606176
0.9969515834859145 0.9982565741317739
0.9988743214123368 0.9994533402721951
1.0007224894045983 1.0005687907924683
1.0021142981778393 1.0013499539030959
1.0028497724623024 1.0016339854955616
1.0027468703723836 1.0013072933346909
1.0015598561268180 1.0003042199803411
0.9992348333712503 0.9987383824374706
0.9963866198212995 0.9970823175786501
0.9943964184908786 0.9961284525885824
0.9946765852568376 0.9965726940644822
1.0007721115410013 1.0002577771884558
1.0024711138461910 1.0014787467332107
1.0036410346431484 1.0022966003118239
1.0037482198423167 1.0024303848979159
1.0031145894111999 1.0020922651671331
1.0026685187834408 1.0018149017036557
1.0030542824329296 1.0019623813587777
1.0038709640293537 1.0023468996485103
1.0039201932305402 1.0023805718487049
1.0024965817983262 1.0017308992435343
1.0004829855478368 1.0008537303952141
0.9999171578812303 1.0007662501754211
1.0022328186134206 1.0021507483624412
1.0066945945658723 1.0045546700767498
1.0103994878241065 1.0064238041708673
1.0101430909333697 1.0060873616243222
1.0049041870308142 1.0030061586385295
0.9967300577138437 0.9982328165251861
0.9891924048169373 0.9936983316556002
0.9850558761491320 0.9910218459518280
0.9850776251516190 0.9907743916329809
0.9882411071548510 0.9924924857308015
0.9927081424559535 0.9951737063571607
0.9968610026167143 0.9978826151108787
1.0000357346432163 1.0001750362919928
1.0025740673425909 1.0021319190928155
1.0051314706761745 1.0040015023879234
1.0077948262606911 1.0057489196095328
1.0097605935315006 1.0068997997462430
1.0098457487091488 1.0068194151808156
1.0074530208458574 1.0052214465762392
1.0032432632888135 1.0025088015060035
0.9988845547115858 0.9996327317900098
0.9959532984648295 0.9975222908192005
0.9949130922648570 0.9965457732990989
0.9951252688475061 0.9964752812415557
0.9958050648719975 0.9969244513507259
0.9968146906974380 0.9977412342623524
0.9984560589223361 0.9989545081902667
1.0006891846739627 1.0004438776588553
1.0028026019917222 1.0017937549019391
1.0038922094909630 1.0025132435324309
1.0035965011340855 1.0023839785202595
1.0023582329724583 1.0015975431386872
1.0010025819178259 1.0005758881332609
1.0000606010316737 0.9996645818308834
0.9994964618031160 0.9989919619391915
0.9990810931976921 0.9985952428081804
0.9989176133162919 0.9985991638276095
0.9994244650610278 0.9991682400153226
1.0033007479576526 1.0015585033087318
1.0026593235845582 1.0015406484508818
1.0010801018131283 1.0008622783687209
0.9989298515392445 0.9997044214621742
0.9969531111850479 0.9985286737795156
0.9960709358380586 0.9979157859920006
0.9967913641296324 0.9982034881489977
0.9986316235199941 0.9991768789428267
1.0002914693426543 1.0001796008887864
1.0007715213403132 1.0006936629741630
1.0004717404849823 1.0008874891495603
1.0010160538442288 1.0015286877927725
1.0037831467284164 1.0032458307219112
1.0084015432859157 1.0057657366808708
1.0125110778908162 1.0078179070251887
1.0132112418784163 1.0079028018530432
1.0092536522531148 1.0053951548096305
1.0020596958577912 1.0010584066251527
0.9946364191133732 0.9965424138379999
0.9896137370216666 0.9933835268669076
0.9880758758229768 0.9923050562060889
0.9895521501050308 0.9931164244935168
0.9926472363086926 0.9950427710909789
0.9958928574603498 0.9972323966892405
0.9985308272511945 0.9992044709955904
1.0007609424125303 1.0009761386729874
1.0031740633839445 1.0027631620484148
1.0058204170239444 1.0045073324211662
1.0077900394965074 1.0056764311607433
1.0077648177004357 1.0055631149390645
1.0051487868566551 1.0038706829467960
1.0008025715027669 1.0010895261854436
0.9966354626033962 0.9982938779041296
0.9943101495383087 0.9964778380123726
0.9941898402658584 0.9959856475798279
0.9954553808014823 0.9965133947002327
0.9971679877905678 0.9975956558948388
0.9990974263543201 0.9990171691409669
1.0014778111437752 1.0007426241678179
1.0041461964480447 1.0025531825137539
1.0061705041778597 1.0038940105359986
1.0064315278718157 1.0041591903358049
1.0045940443001862 1.0031594364798602
1.0015313827410273 1.0013354870708835
0.9987992525351420 0.9995177844610010
0.9976173527986558 0.9984303434764290
0.9981972022213447 0.9983293336988903
0.9998611176933803 0.9990029736650398
1.0016695784423029 1.0000238904568217
1.0029315466061164 1.0009811095762313
1.0041846425108194 1.0019160963683917
1.0026500806804506 1.0014325396849044
0.9995241258713327 0.9999242952628634
0.9957262514436893 0.9978424089520728
0.9923939779327882 0.9958645196167112
0.9906838804496158 0.9947287970377907
0.9913159122437859 0.9949191951858056
0.9939975888574684 0.9963351029116636
0.9973890096248729 0.9982896260087400
0.9999998851363414 0.9999907605346352
1.0013834098304060 1.0011534849171075
1.0024449119849648 1.0021612644409417
1.0044826497015720 1.0035905317173142
1.0078104409982138 1.0055164889671382
1.0111632194612805 1.0072257900143806
1.0124718407346989 1.0076380051047458
1.0104692916665328 1.0061301888326919
1.0057089895412024 1.0030533475366030
1.0001023449677588 0.9995121573116611
0.9956301215763247 0.9966903728003098
0.9934045388351987 0.9952903289321218
0.9934396617559893 0.9953463646445569
0.9948900128390289 0.9963629678336157
0.9966285899453896 0.9976776300227118
0.9980099110906073 0.9988890386436452
0.9992685262996355 1.0000517330806129
1.0010646175475650 1.0014297319034136
1.0035090615437441 1.0030042302928643
1.0056327134884226 1.0042204195715332
1.0059292986998283 1.0042792121600341
1.0036174296950240 1.0027822680788752
0.9995002165695837 1.0001718151451364
0.9955434309038393 0.9975341584746528
0.9934897432984515 0.9959013931666525
0.9937595935655240 0.9956535343099917
0.9955586041604323 0.9965049597615784
0.9979114987463531 0.9979746727759848
1.0004765634238530 0.9997929989973895
1.0033533277443523 1.0018526316289917
1.0062814795099289 1.0038689543463033
1.0082584023787233 1.0052263138545749
1.0080824317411843 1.0052573197829873
1.0053592929345769 1.0037410252970465
1.0010388377512116 1.0011773349195932
0.9969753129607108 0.9985844347282391
0.9948709600876015 0.9969645449769395
0.9953949401906971 0.9968139322512631
0.9979771488083184 0.9979556978503821
1.0012288753894736 0.9997119700227147
1.0036373809929124 1.0012500389207430
1.0031164939855399 1.0012779517982417
1.0026513774672330 1.0013532857456671
1.0000662686888222 1.0001230508942918
0.9961458757943035 0.9979552683309955
0.9920609996940927 0.9955434344433638
0.9892575435289124 0.9937879812487184
0.9889981285966207 0.9934726838694230
0.9915708849961513 0.9948077551131964
0.9958754082497606 0.9972231643232350
1.0000093556732017 0.9997031539835982
1.0025604942358359 1.0014674957762268
1.0035154521689402 1.0024368189841584
1.0039760322596678 1.0030911714730590
1.0049880237277238 1.0038820097815719
1.0065553377850911 1.0047433544969717
1.0076794797804522 1.0051336087322169
1.0073162773829705 1.0045407168858667
1.0052905063183564 1.0029541538757323
1.0023643178681787 1.0008956045815607
0.9996429806141995 0.9990797639576373
0.9979747765519735 0.9980371052032628
0.9976053910995409 0.9978925187131925
0.9980860593837674 0.9983483514410108
0.9985937458384380 0.9989136483247579
0.9986513625016700 0.9993000826795692
0.9986403161491284 0.9996640928240903
0.9994405342649346 1.0004031133394788
1.0014090437011427 1.0016386796259715
1.0036967569060742 1.0028858309733486
1.0046698764675548 1.0032837959481660
1.0032045274734731 1.0022565750509089
0.9997311426490713 1.0000426700525353
0.9960075301181950 0.9975994797616140
0.9938069762067671 0.9959535309837190
0.9937613324405214 0.9955811335892378
0.9953240095216338 0.9963215727049118
0.9976421799836974 0.9977663934008800
1.0003184776518586 0.9996393275098950
1.0033384294956766 1.0017958952080259
1.0064221024308662 1.0039433472072423
1.0086330479283627 1.0054780895542930
1.0087561249241705 1.0056957095529435
1.0061809857741841 1.0042476029465683
1.0015283054833186 1.0014709350594839
0.9964775495994596 0.9983165262723683
0.9929406941818857 0.9959174301991863
0.9921517531635297 0.9950699086968324
0.9941384684559030 0.9958976102772852
0.9977571394655207 0.9978374972781483
1.0012575747229198 0.9999335461137600
1.0007486813729409 1.0000739210634007
1.0027252520389747 1.0014251615597483
1.0025137954389278 1.0014339968931489
1.0000866830666255 1.0000475592303941
0.9961385387052618 0.9977092166942040
0.9922498865842254 0.9953805052806826
0.9903735619010937 0.9941979815858060
0.9916647270297232 0.9948233690117411
0.9955755360332005 0.9969733769721610
1.0000852196197350 0.9995711628672559
1.0030303860478906 1.0014614542612015
1.0035408688119640 1.0021443385914817
1.0024129326754183 1.0019546116596976
1.0011815572418383 1.0015989506317147
1.0008247048619567 1.0015171500111808
1.0012264184878104 1.0016241076690959
1.0016553515394842 1.0015630862420337
1.0015701391680347 1.0011227940085599
1.0009873719897244 1.0004215827645719
1.0003279979460193 0.9997943192511685
1.0000770735487403 0.9995565497244292
1.0004260938755047 0.9997881469243562
1.0010186091622646 1.0002387183451078
1.0011254446121360 1.0004813488580175
1.0003387599529359 1.0002894670489291
0.9991674827798763 0.9999140329967032
0.9987645992444308 0.9999179870196094
0.9998844395993700 1.0006426161743602
1.0020329626292375 1.0017871894725956
1.0036494949828558 1.0025211226768884
1.0032743701279276 1.0020903320648706
1.0007524548809907 1.0004277414836988
0.9973699855214593 0.9982320062423055
0.9948052032872887 0.9964526430824410
0.9939462844925676 0.9956734511571933
0.9946178806283219 0.9959180625710907
0.9962083519666329 0.9969190797830998
0.9983686495333736 0.9984610655271018
1.0010900601807537 1.0004381642454583
1.0042184640909415 1.0026348820588098
1.0070121674676051 1.0045307985637342
1.0082689928931965 1.0053970479551286
1.0070063025689786 1.0046713649102619
1.0031757927950440 1.0023433593739957
0.9978785156040264 0.9990722624677091
0.9929489946772393 0.9959547298583632
0.9901470653442738 0.9940591573975677
0.9903485038823080 0.9939520384532596
0.9931528170568252 0.9954633572443513
0.9971621407496681 0.9978251571715825
0.9984384440125634 0.9990231555450025
1.0028829973305660 1.0016705837261777
1.0056196246581917 1.0032223526958182
1.0055156759764508 1.0030594011132983
1.0024248695509896 1.0011915946968848
0.9977915213347387 0.9984918117097106
0.9941310864231683 0.9963643500491709
0.9934640746415903 0.9959133354113600
0.9959408773929964 0.9972271963373543
0.9997569867974666 0.9993536844156240
1.0024458103970495 1.0009956263500497
1.0026064237348049 1.0013968628999010
1.0007072646512993 1.0007362336978356
0.9983718336210297 0.9997753603946389
0.9969590947002291 0.9991636226911755
0.9967541821764753 0.9990343388331996
0.9972395900994622 0.9991364009814849
0.9978479284695549 0.9992190336463417
0.9984089748418536 0.9992659597430252
0.9991072390896059 0.9994553666009390
1.0002046701981755 0.9999685144144070
1.0017017016944130 1.0007842818217336
1.0030891788507199 1.0015815696004209
1.0035230471282548 1.0018884441076288
1.0025220539254966 1.0014614598305576
1.0006062011393411 1.0005848546093250
0.9991069847753813 0.9999417824111113
0.9991665928566420 1.0000909270067710
1.0007760689823748 1.0009782537073708
1.0026711461755728 1.0019060113346339
1.0032288361755182 1.0020190646048630
1.0017133798097952 1.0009462342786477
0.9988071592764703 0.9990658461664552
0.9959476206987310 0.9971779869016899
0.9941915284252604 0.9959264048703309
0.9937007601910876 0.9955021319020699
0.9941236876544981 0.9957937633645224
0.9952521403224404 0.9966987282678450
0.9972366334605285 0.9982307628496309
1.0002023133121227 1.0003353975990839
1.0037019404339211 1.0026370712691697
1.0065807199426751 1.0044106717795576
1.0074507016307135 1.0048664393887328
1.0054708202688607 1.0035764961353997
1.0009416059209308 1.0007792361993757
0.9953530733008172 0.9973753601564057
0.9907721669665480 0.9945737533286018
0.9888446814832209 0.9933436826331933
0.9900482256644839 0.9939982325589873
0.9936840111563736 0.9961576587117631
0.9974092416681973 0.9987060278157865
1.0030802142176676 1.0019981596275689
1.0078596813533296 1.0046285672592783
1.0097393634815304 1.0055217983997300
1.0077455310840009 1.0042564450853879
1.0029617678920237 1.0014991182362236
0.9980912570812126 0.9987247678964811
0.9956723750636005 0.9972976839177091
0.9964304067119234 0.9976185961118995
0.9989979512285416 0.9989807335761987
1.0010964533024664 1.0001966560133797
1.0012552339689005 1.0004839178273710
0.9997130494762878 0.9999154509265777
0.9978287143835862 0.9991321284463128
0.9967401328582173 0.9986849918938513
0.9965992548463457 0.9986467035722767
0.9968836633430993 0.9987544543287935
0.9971655850672112 0.9988008193295247
0.9975053874202237 0.9988512873758251
0.9982836531970416 0.9991573159228895
0.9998025367730583 0.9999131634974632
1.0019300313870105 1.0010374506849851
1.0039504714362832 1.0021131351942747
1.0048458978068273 1.0025846427959901
1.0040137241997418 1.0021540670078972
1.0018836128475661 1.0010795141962285
0.9997793784605041 1.0000709334370779
0.9990335493726140 0.9998095378872578
1.0000360129573851 1.0004477146973640
1.0019099718685989 1.0014641043373962
1.0030863043417817 1.0020034162611959
1.0024511384513533 1.0014841171365700
1.0001524076111141 0.9999982017046241
0.9973118797320512 0.9981628878317695
0.9949995143106366 0.9966079735416005
0.9935575736521278 0.9956159637629706
0.9928111245370584 0.9951890893995534
0.9927169988271417 0.9953434092797723
0.9936686837307471 0.9962473605329133
0.9961326901266391 0.9980423472076549
0.9999874371854302 1.0005312381052081
1.0042052726987343 1.0030540819112665
1.0071750591422233 1.0046948145053916
1.0074648092117604 1.0047033953582329
1.0046200928869449 1.0029056176412654
0.9995728932535130 0.9998811758626303
0.9942974263808267 0.9967588739326467
0.9908137705783535 0.9946972835557016
0.9902662321501242 0.9943875820833969
0.9927070021382591 0.9958821344471077
0.9979560140219158 0.9991953737410060
1.0031320151026555 1.0022032440326016
1.0082295172857736 1.0050103204781367
1.0109274838698712 1.0063646193253757
1.0098048528494372 1.0055908124241324
1.0055311831435794 1.0031181046662336
1.0005346964421917 1.0002631833308577
0.9972977612837813 0.9983595713147818
0.9967658504758878 0.9979336974387913
0.9980428557683910 0.9985366323086797
0.9994045762380516 0.9992740325051088
0.9997477008915131 0.9995574106207759
0.9992868845055594 0.9994600584315879
0.9989742589331176 0.9994323936437047
0.9993569548354820 0.9997347247325081
1.0000656902021097 1.0001718668447670
1.0003278873525530 1.0003385977994241
0.9998215709780711 1.0000572221599249
0.9989935111300776 0.9995659626554109
0.9986761938369272 0.9993344365547979
0.9994561508889208 0.9997069059321824
1.0012292965785570 1.0006311212333208
1.0031597895893865 1.0016384041451887
1.0041288578571026 1.0021172547786443
1.0034885282029886 1.0017371544251044
1.0015830622887003 1.0007183917039968
0.9995822730938778 0.9997201686865510
0.9987372682577194 0.9994150207329003
0.9995757987472271 1.0000396589617915
1.0015116957307357 1.0012070613136728
1.0031584725890446 1.0021249424715162
1.0032872648362374 1.0021250709751339
1.0017242381986833 1.0011145124346936
0.9993136564318772 0.9995505829388190
0.9970204849924570 0.9979977210371216
0.9951979286158642 0.9967481659259523
0.9937220979905651 0.9958477626531204
0.9926503205610097 0.9953828161217984
0.9925584875756528 0.9956317007502604
0.9941584366168318 0.9968845333411768
0.9975925201494145 0.9991119274790512
1.0020782477794530 1.0018059406465658
1.0061486750561881 1.0041243461392066
1.0082628038937222 1.0052320918090039
1.0075118457781702 1.0046785990223754
1.0041587845078261 1.0026565985352982
0.9996058907873967 0.9999666088947213
0.9956733461751074 0.9976534454674173
0.9937663946695615 0.9965647058529070
0.9945447077378620 0.9971082850245390
