TIMESTEP:
7000
TIME:
70.0
DATA: p c
0.0038618972516159 0.4484492707858420
0.0019520485878607 1.1229121122748680
0.0009275773534562 2.8431742136901170
0.0007570550775050 5.9900895607410485
0.0010904983183504 2.8392385300447733
0.0018169941970387 1.1117885886306391
0.0029525944414564 0.4210186339631625
0.0041055203228508 0.1772577363925606
0.0049167152863500 0.1118862757787006
0.0053964058243299 0.1247350804480572
0.0059842853446705 0.1731794804502811
0.0074893406248490 0.2121813264411524
0.0108396261148905 0.1866237258749042
0.0164327029522834 0.1416576571310532
0.0235323382115564 0.1065257071511275
0.0299240130463144 0.0907458093862417
0.0327066904760590 0.1013474835629065
0.0301381496030456 0.1638142718674559
0.0231502500685166 0.3599302315647874
0.0149583046744190 0.9099543402200095
0.0087565528257240 2.2928858214772680
0.0053181834519297 4.8249503628118395
0.0059748316569920 2.2904643996912739
0.0112591876041514 0.9058150603467412
0.0203551019760351 0.3548835849137105
0.0310736766983784 0.1584812747632439
0.0401816787190399 0.0948387956426402
0.0447585504611774 0.0794350985283773
0.0435648677030337 0.0860371831227196
0.0375555389042914 0.1164889525580613
0.0292432291905093 0.1919532194779198
0.0213744171601295 0.3451892453212402
0.0156700441454523 0.5838609191060018
0.0127139805154369 0.7782110707438034
0.0125668365219509 0.5800610184651279
0.0141754867951256 0.3375537895108079
0.0165507892822089 0.1812130211993881
0.0186777646848288 0.1054591136992578
0.0194955371683847 0.0802693228443582
0.0184424992774344 0.0847840287777476
0.0156679813924411 0.1078344501770891
0.0118759957822144 0.1442875203419047
0.0080560298377446 0.2062854062293334
0.0051639125341577 0.3556178412926482
0.0038389118162582 0.6611303933774385
0.0041614030934782 1.0340279323093344
0.0054905389516807 0.7726344222153159
0.0065694442178709 0.4478176718109504
0.0067385252782052 0.2626526356575838
0.0057444827736466 0.2427119603209548
0.0024903758443297 0.2950326913905343
0.0017226350554082 0.5606054380854792
0.0013246818295863 1.1165236793253979
0.0014296136590650 1.7552441976771707
0.0020076905037812 1.1117469168967038
0.0027667558141861 0.5459937145630108
0.0035533873790011 0.2547790485869402
0.0040780705261187 0.1483775418449877
0.0041695401272406 0.1554522772589901
0.0040268237519900 0.2535136231524454
0.0041783695918085 0.4275062562609533
0.0055601945929968 0.5740980720520606
0.0093628068001185 0.4350579359446803
0.0161788768221169 0.2642490517205072
0.0255568885375616 0.1566134739086748
0.0350602400614677 0.1084011472410345
0.0409220097282869 0.1009027250790994
0.0403723349900908 0.1318902982418508
0.0337314004602970 0.2295479608122963
0.0242226915668932 0.4628751182790922
0.0154308511792218 0.9125776899410624
0.0096428670840173 1.4257157849746558
0.0095083619812715 0.9093143249612952
0.0143726657326805 0.4564690986615351
0.0227493305600509 0.2201551177873715
0.0324549820087068 0.1199779628311061
0.0402890431964905 0.0848798693718086
0.0433176310982131 0.0804569577090272
0.0403170117951056 0.1009265724759377
0.0324649697637606 0.1684973648850713
0.0227446771264261 0.3466685211612628
0.0143458633645513 0.7596312324809680
0.0088207598842101 1.5461689652178021
0.0061671155964600 2.4389091229825310
0.0064454517924149 1.5429522216818523
0.0089061684287001 0.7529770131429881
0.0129053694335167 0.3364852885045364
0.0174243718536614 0.1556795302001710
0.0207043830830819 0.0879433936324847
0.0213881715577210 0.0710405752273827
0.0191657775672095 0.0830133610059646
0.0147959112434747 0.1316694352285011
0.0096850996576847 0.2705005828965074
0.0052982626138612 0.6537221981097296
0.0027271703055928 1.6093293005121649
0.0020562686210038 3.3672391339619234
0.0024711242082435 2.0749596169321469
0.0030532149723018 0.9868723841852438
0.0033570904020458 0.4463094764180492
0.0031722033779083 0.2577760430999320
0.0021661008991004 0.2059332392611448
0.0021869313434272 0.2678530353589959
0.0023576487061227 0.4249632715373710
0.0028439666625728 0.5608161322112893
0.0036005895378313 0.4186480864326507
0.0043082314654146 0.2493743971213484
0.0046486995225521 0.1543545106952426
0.0043914073580127 0.1493625496895073
0.0036108298301133 0.2585830595304966
0.0027399451227074 0.5558216307857347
0.0023086127246216 1.1334515270458598
0.0033217441902178 1.7913220340850404
0.0071637013378328 1.1400443630547237
0.0145192988495548 0.5677380025761753
0.0258146216182030 0.2709863962205536
0.0386365849015698 0.1483602952448837
0.0483328895337381 0.1098533390311755
0.0508624714054935 0.1129046972576044
0.0455135768485164 0.1498859887463266
0.0352578246019904 0.2333040586143117
0.0244633986892538 0.3675988876721185
0.0167368221861445 0.4795242668048488
0.0144269700311945 0.3682400995184264
0.0174101481373166 0.2318327728438803
0.0241098772513514 0.1419683096407092
0.0321684733829940 0.0962181411334973
0.0385234451240609 0.0792092896299038
0.0403428775800446 0.0835049901304922
0.0363680647030147 0.1199933058020957
0.0277599447576717 0.2389161799369360
0.0176195511599558 0.5872223718352167
0.0095053739032760 1.5481071811472338
0.0050920268027861 3.9501252645894218
0.0032159858152897 8.3396314774189726
0.0034531577619777 3.9475619521470255
0.0059764010389775 1.5428128020979786
0.0109863625794587 0.5788595017718529
0.0172415065406361 0.2276756860876213
0.0223349813958551 0.1072884904819604
0.0243023334786788 0.0729972645920879
0.0224564139891037 0.0807508170564972
0.0176006073193368 0.1422415901290158
0.0115036446916099 0.3492202884006087
0.0060043596485325 1.0281898583007953
0.0027232566571405 3.3657654100524641
43.4273873543396576 12.1251186475360715
0.0010400964573123 5.2506661906019687
0.0012942333118325 1.9641293257351358
0.0016895485293407 0.7212446989083898
0.0020417924526500 0.3015128792929835
0.0022888117462736 0.1629042607913483
0.0028628958310450 0.1455085651026368
0.0035727805616512 0.1775477775227112
0.0045040500025506 0.2028484390736790
0.0055058242335120 0.1674941880898739
0.0061706929032200 0.1226364296493198
0.0060814306947720 0.1123568394104186
0.0050898142940523 0.1801223114233876
0.0035098381797648 0.4287051711836887
0.0020188273746139 1.1329084746515565
0.0012294073629389 2.8956432775429675
0.0021709046181939 6.1139270790433988
0.0056280758867052 2.9023985496330065
0.0127314726280290 1.1467722315707569
0.0254091503011204 0.4492787176688342
0.0409769254434159 0.2025585174062537
0.0540575620312684 0.1245338229690728
0.0595369754627802 0.1070717329687179
0.0556649923901030 0.1148736240375725
0.0450454726471449 0.1411572507908124
0.0325603998971230 0.1826581011602275
0.0226245483344515 0.2171771378253538
0.0177966928871341 0.2040800683060135
0.0183524393854445 0.1715661555383693
0.0230231909891357 0.1319598134995617
0.0295651705829586 0.1002102763184476
0.0351513708626393 0.0840106884538311
0.0370201883202543 0.0883942337817528
0.0336283883264483 0.1323343179574549
0.0256907143596943 0.2860386749200613
0.0159625012621751 0.7849503030696026
0.0083643169794753 2.4444017498073882
0.0049541924624988 8.3432494754599329
124.0089918968812697 31.4254195914831449
0.0037679692157534 8.3410222177460014
0.0062004468300205 2.4399776536510362
0.0118582731540164 0.7780525905170901
0.0191719246229240 0.2765250860503448
0.0251727155288554 0.1205340759348926
0.0276488080736194 0.0758820393315396
0.0257824529106951 0.0776491107685914
0.0204615551111037 0.1277713545679355
0.0136792501463685 0.2914579343329227
0.0075447733631337 0.7673833432324755
0.0035328627208539 2.0723708488035024
0.0015434077772691 5.2495683224942828
34.2917470801459601 10.1005918584387882
0.0006191842943825 2.8648715830485703
0.0010840841367132 0.8938055939256369
0.0017065792094395 0.3206695897897116
0.0023893990574580 0.1396671648782280
0.0032717183939819 0.1156614772092650
0.0044082513128340 0.1099457117373468
0.0057917366184869 0.1027124347943456
0.0071425104827417 0.0862276760303844
0.0079225460830311 0.0758649461682182
0.0076341363692693 0.0967731576575980
0.0061894204402065 0.2040958403087519
0.0040667805105320 0.5694270319950129
0.0021233555916461 1.7878449094589319
0.0011576963267536 6.1116519199259169
90.6943629632075243 23.0082717338686784
0.0055124362776728 6.1187296857233235
0.0122569288029330 1.8030578755982467
0.0258353724280165 0.5944523845500479
0.0429065478655534 0.2378772196061708
0.0577444046224845 0.1335387310390687
0.0647337387676950 0.1064204294381720
0.0614873762260604 0.1046031296431083
0.0503292965537941 0.1170199661556223
0.0363810288887396 0.1457555911596939
0.0244912849332598 0.1911740066662241
0.0174640093274791 0.2413574086056302
0.0159397706050899 0.2673842370816177
0.0190420829206260 0.2177793251455950
0.0248240490959457 0.1526530165437102
0.0308903217395816 0.1094044059497209
0.0345899957817572 0.0973049910523784
0.0338231733009731 0.1270248613857635
0.0283823759701548 0.2446741335300632
0.0204058040262172 0.5937723107456966
0.0134544401545429 1.5556689406793567
0.0096386736852485 3.9582516397908578
0.0079603224173303 8.3478056366102447
0.0079572314270243 3.9554688363089494
0.0109144596682405 1.5505050380687455
0.0168496166806406 0.5863091308912229
0.0240781471042485 0.2344772640913179
0.0296901929830552 0.1124147459574846
0.0315105030290911 0.0742189845225304
0.0289343816251967 0.0719606956484929
0.0230138899529731 0.1021694850278518
0.0157651143351762 0.1963150555428681
0.0092179762708525 0.4372375503416873
0.0046254062979991 0.9800435179015794
0.0020353203447463 1.9604636047258630
0.0008136151012942 2.8634796455237215
0.0006407076720734 1.3704203311590104
0.0010332868990159 0.5626136300799273
0.0016535415131766 0.2435158930714723
0.0021668543972061 0.1732559263658751
0.0030909268969099 0.1789138203610749
0.0044632448751032 0.1479686882265758
0.0062345399065054 0.1068277116662114
0.0080279718541044 0.0755315631365125
0.0091787024185305 0.0631407097257720
0.0090805011351525 0.0815676458322650
0.0076202695070887 0.1667550546530772
0.0053470873437070 0.4240165876720304
0.0032029383340074 1.1319407581507750
0.0019457626868150 2.8960136536290406
0.0028202786541201 6.1146900688183177
0.0066687852520841 2.9033446598486283
0.0144429474851240 1.1479825454666355
0.0280893748597238 0.4508392870056144
0.0449422139016581 0.2041842379299940
0.0594048376491982 0.1250909826142222
0.0658527027480549 0.1042612215212247
0.0618970537030243 0.1061654713756061
0.0498415727818041 0.1292017112335231
0.0348846935444770 0.1914365845929557
0.0219572030531272 0.3206598335629339
0.0137516031960578 0.5228303585398619
0.0110056824726835 0.6874641435854097
0.0133660723009223 0.5143673609206031
0.0192117178171111 0.3061731933477995
0.0269519038603371 0.1761014024675107
0.0342822636125903 0.1206350404831190
0.0383662072588216 0.1212256409341776
0.0376093734079427 0.1845766205562221
0.0328591469161970 0.3641467147972940
0.0267986490883496 0.7791058950536588
0.0215020350292094 1.5664168233164402
0.0179987108858770 2.4586346540834381
0.0178831786102202 1.5615736610452480
0.0212209017522634 0.7704490605383009
0.0265925199521303 0.3525063786204163
0.0322212466181901 0.1692195400907347
0.0356597508728135 0.0969926476491257
0.0353089449793435 0.0723346325105022
0.0311142362296501 0.0701836143586823
0.0243510336439832 0.0863721467780963
0.0168706899131983 0.1313297742315990
0.0103185058250610 0.2317697200480797
0.0056048227779981 0.4266014127253825
0.0027789317872569 0.7110796560269107
0.0013978945652520 0.8901808206343066
0.0010118040369046 0.5629102788271926
0.0011467540281472 0.3050402565174846
0.0015494932079021 0.1928612344834548
0.0015973792034422 0.3521539632508353
0.0023446541323375 0.4537132173434635
0.0037467337034555 0.3382470965641100
0.0057574030042647 0.1995641629479918
0.0080026739128026 0.1106854237324747
0.0097285722854854 0.0704826491701620
0.0101832376672696 0.0692180933877545
0.0091348596603259 0.1146068875698037
0.0070764255864238 0.2470003848651614
0.0049508762120934 0.5537002790823454
0.0036536477133324 1.1345548819511884
0.0045453947001558 1.7930682033679506
0.0092013582001817 1.1417516455601335
0.0180065245975536 0.5696285949497609
0.0313124535055005 0.2733678395911374
0.0466496398211302 0.1504738726395358
0.0589622498237485 0.1084174484195357
0.0632844488119340 0.1004197753919374
0.0577539901197504 0.1144227785581059
0.0448478579707170 0.1681961634781810
0.0297114070313184 0.3176003566227523
0.0171037131796505 0.6713314483284518
0.0091661248388634 1.3504124997024995
0.0061710280575571 2.1236585050255217
0.0083261539470326 1.3475009816150110
0.0146241747535277 0.6664655286243542
0.0248871110425908 0.3132010028180833
0.0374067262993709 0.1689201317872600
0.0485188255134532 0.1300109169877441
0.0549608403165731 0.1506909760409275
0.0556851575284080 0.2283017076711259
0.0520887367122192 0.3849342923547630
0.0464858556203042 0.6244755312942124
0.0411668435768173 0.8169125785659223
0.0388489823030648 0.6153161300761052
0.0395493383096948 0.3687231998023343
0.0416575707329507 0.2073524083121334
0.0431371097814809 0.1243842034452666
0.0421571099170849 0.0882805631847880
0.0380102694776925 0.0775153766521137
0.0313208881021171 0.0822645682858196
0.0235237049205610 0.0982489893115191
0.0161150325755648 0.1213970663683396
0.0101350175402471 0.1511493399968978
0.0059475704611037 0.2039042213890618
0.0033869997827299 0.2760968723973586
0.0020288986358385 0.3133154075544411
0.0014268555988184 0.2486354797398783
0.0012345880790025 0.2058384042145607
0.0012880608327460 0.2407245746053265
0.0009183164385403 0.8914757406709685
0.0013925423365041 1.3967560970652240
0.0026923547579213 0.8853451189670287
0.0047281733921047 0.4344517864400426
0.0072967725435639 0.1971288338638686
0.0096082744666414 0.0963781903930297
0.0107579509693037 0.0659720023358299
0.0103640866509165 0.0783128187543124
0.0088225897807664 0.1344566266522511
0.0070841647685539 0.2513799010898191
0.0062767587157771 0.4312497658131163
0.0077497499253381 0.5778217497183126
0.0127962407827350 0.4368993385327486
0.0217609908054447 0.2649227021314552
0.0340195202085746 0.1574850879505412
0.0469546586509642 0.1083048346110175
0.0562617232760004 0.0925308454415463
0.0580066283515803 0.0959165677382229
0.0510349506377902 0.1249876363258868
0.0379193058382709 0.2236366878713869
0.0234850884621054 0.5209151545375217
0.0122452607683979 1.3507180928908873
0.0059865875225561 3.4328085717625991
0.0038432599906767 7.2417245661234908
0.0058299864793320 3.4334449768464643
0.0126505397717945 1.3531073086327896
0.0263763855872629 0.5276451305388331
0.0454365153460603 0.2388003719905401
0.0654563359062905 0.1547752618167575
0.0816671075289766 0.1492953996484644
0.0907032178167808 0.1803470409914940
0.0918886236474934 0.2366572001624696
0.0870136071029399 0.3061153574462372
0.0792141772426039 0.3454511418809231
0.0716299832140898 0.2893206862722298
0.0658544411497187 0.2072129726800256
0.0609421758816111 0.1436657537869595
0.0552555335708391 0.1067333088138667
0.0477637386096955 0.0925727811974630
0.0386294836769487 0.0991442964124814
0.0289996401430235 0.1274719087667143
0.0202355120552748 0.1725299459911847
0.0132462468012315 0.2065255410135375
0.0083460884797824 0.1862824351324480
0.0052408098371639 0.1585481048882821
0.0033840004874547 0.1483905835002819
0.0023060955751279 0.1496142218430214
0.0016550438372397 0.1596822035980867
0.0012198287391434 0.2334985689610644
0.0009511293519455 0.4514325768548615
0.0004738638872831 2.2573605798243586
0.0008103371490564 4.7537092891203105
0.0018536157702363 2.2550315434519939
0.0036813115121500 0.8843854399513104
0.0063883334678817 0.3344719281149711
0.0090762490140535 0.1355139110272938
0.0107380097493130 0.0717237120890123
0.0109018659137780 0.0630144025609835
0.0099063274202909 0.0844908656593188
0.0087054721569179 0.1294046685235451
0.0085033282575127 0.1865435228400681
0.0105304128799985 0.2209590701716100
0.0157007696530702 0.1860772163650252
0.0240783439552279 0.1346442022485764
0.0346016925259886 0.0991955059568290
0.0447876874600085 0.0832474267402948
0.0512166038998007 0.0806433324477911
0.0510226026735563 0.0899501945429351
0.0436105046224451 0.1277558680187732
0.0313324989148218 0.2575597291402920
0.0182767844916866 0.6863221017086606
0.0085632537517679 2.1232772183831123
0.0040082225524463 7.2408886305004652
107.5962044983752861 27.2707223111880062
0.0070378130322242 7.2455256478275469
0.0153476882327018 2.1340612650864150
0.0333270799983921 0.7069159061568719
0.0597023722507989 0.2928770371204152
0.0898402137063634 0.1831295305732989
0.1179518641644196 0.1699168280380983
0.1379437495193105 0.1866584249038105
0.1457741263051196 0.2097934399467033
0.1413258625334364 0.2275342177384401
0.1283845136716288 0.2272277397270695
0.1121488488309093 0.1987683337128514
0.0961290067772250 0.1600843903676284
0.0809478917519859 0.1274469782109267
0.0660085035017609 0.1091745768176602
0.0510611865314826 0.1128092135777361
0.0368146671098318 0.1524147362647693
0.0245778748007982 0.2487721207935277
0.0152951609803404 0.4061976073791967
0.0090233621469627 0.5367081133624851
0.0054716257230771 0.4053240403959355
0.0037109917136384 0.2479603519618307
0.0027851381230714 0.1536971382077564
0.0021935609247178 0.1239860101532071
0.0016774388714569 0.1647813802866791
0.0011579268957239 0.3493410716672174
0.0007074517070484 0.8910031287791528
0.0004153725823052 4.7539786955914982
70.3456838581425785 17.8662664075275792
0.0015462323953917 4.7530329616046432
0.0031146140183203 1.3943415186579085
0.0058145676384062 0.4471270908921950
0.0085078685537267 0.1629916307717445
0.0102179312369482 0.0799544705926291
0.0105103991676087 0.0662898317784050
0.0097465256559539 0.0828342482234362
0.0088725685747437 0.1137699436205494
0.0090479318647027 0.1409952047469219
0.0113177459541431 0.1420816103308565
0.0162278925793008 0.1191990855397636
0.0235182102909042 0.0939045570246682
0.0320118199456693 0.0785064982711986
0.0396430130916299 0.0734984631978150
0.0439347106607059 0.0749411437249033
0.0429630453677881 0.0829649495078953
0.0364318390520527 0.1128524363663898
0.0261637895948296 0.2124773466058316
0.0153999457403528 0.5117417891755058
0.0073619070608259 1.3442122212971903
0.0034697186978572 3.4293698567576087
0.0043529382047288 7.2419971495921800
0.0104799971675634 3.4384334513050896
0.0227997428163791 1.3644211431356918
0.0457185823382853 0.5478733375191148
0.0794344066643763 0.2706311871860410
0.1202759437640193 0.1986841756963993
0.1616343004576350 0.1993847190923021
0.1943467175571012 0.2193104833056392
0.2094812961261149 0.2348707272294865
0.2036315996815163 0.2358780635516991
0.1817138983270778 0.2200526066964105
0.1527480851373476 0.1908891170329851
0.1235481205233060 0.1583633868588842
0.0967545796611603 0.1323358786005272
0.0726439479076051 0.1232815370175460
0.0512007859726697 0.1508192420800126
0.0330936633262905 0.2583973458346410
0.0194019782868668 0.5292168410600563
0.0104127261867328 1.0559892385156318
0.0049831048364985 1.6566037785198537
0.0026868682723687 1.0505004604947330
0.0021365222147399 0.5184974993295329
0.0020361343554836 0.2450879732082174
0.0019530371381354 0.1493043193001386
0.0016745206832545 0.1890311571410762
0.0011996771602487 0.4565559150639233
0.0006915883903325 1.3975945625894139
0.0007514817365628 2.2561930371252643
0.0010275191647545 4.7535779555495976
0.0019830536023490 2.2553397810551208
0.0036325505926583 0.8851801454441336
0.0060193889470866 0.3366305547544022
0.0082493502894567 0.1412091953634006
0.0094325916015985 0.0853449046682225
0.0092944917200419 0.0919247662451922
0.0083097079160331 0.1370407966862627
0.0073981966383389 0.2043999058430914
0.0075973871748661 0.2514485739994047
0.0097372182541238 0.2155502902221708
0.0140108878490497 0.1543195523179858
0.0199269224314084 0.1087227875018038
0.0263968688286988 0.0871896218191190
0.0319016293404292 0.0827803996249974
0.0348601685267478 0.0842933707846429
0.0341171823884796 0.0848242237653623
0.0294907047675305 0.0967363298491484
0.0221211237177862 0.1490186647331805
0.0142232830653804 0.3000754933111606
0.0081267410549032 0.6579947643664927
0.0050685699026221 1.3429796643016427
0.0066099162026565 2.1234659095339219
0.0150906697913235 1.3562773641738157
0.0319203555479753 0.6871793814283382
0.0601960416159644 0.3503842183443819
0.1010123148469721 0.2267488105489826
0.1518672397235368 0.2069152941958511
0.2058938369846173 0.2287629666774511
0.2507293700007254 0.2577861353785664
0.2714328806027786 0.2735228391216855
0.2607133407333914 0.2670837554402655
0.2260442230786305 0.2410386050007242
0.1821759760861325 0.2048078554057887
0.1399387356708818 0.1689871799479517
0.1034760413440435 0.1430747578599054
0.0730437026150646 0.1414512442281748
0.0480095787140730 0.2010299396822736
0.0283635449468846 0.4218012939530049
0.0147138354465147 1.0621085104342112
0.0070854739506324 2.6801311459909836
0.0028502769161570 5.6412807695214937
0.0011121437532860 2.6735620328409664
0.0012206509286846 1.0485934511215156
0.0016410511256236 0.4023521870989974
0.0019453373117827 0.1863618059651359
0.0018995614645514 0.1727401692201239
0.0015272215644457 0.3461094213393395
0.0010530004344264 0.8880662101366721
0.0015388660026128 0.8883734970355646
0.0019364067945368 1.3967371424489690
0.0032185616918299 0.8861584919239582
0.0050307774213949 0.4361672400306648
0.0070332558100190 0.2020850264332719
0.0084644664622055 0.1103216952961545
0.0086744519647717 0.1013082754917072
0.0076902142429375 0.1588758766745667
0.0061832067103276 0.2954247945605765
0.0049987175018470 0.5105832498670166
0.0049639155430091 0.6872046685559469
0.0067253690151045 0.5182807466661926
0.0100936541450724 0.3112975118831985
0.0144842197097297 0.1841970946922651
0.0190417665033039 0.1341234531643294
0.0227986785882153 0.1304507326378415
0.0249433781951282 0.1368158898190541
0.0249095074579156 0.1187973693674967
0.0225699736762179 0.1012054463996413
0.0183964109833275 0.1092727386802557
0.0135787234089756 0.1659522997571440
0.0097006302637022 0.2976409139311428
0.0082193716635146 0.5086606451237876
0.0111057654774353 0.6854925960270867
0.0211940712526624 0.5262940127633208
0.0409732262388563 0.3344709662254631
0.0730884382520341 0.2253595850434800
0.1188040531737706 0.1943357724832989
0.1763184666269879 0.2113730139726621
0.2385080436004586 0.2491576676537389
0.2901189871741553 0.2848679777596713
0.3111464112312787 0.3006611023229022
0.2922097839798519 0.2892594914416262
0.2448433458921362 0.2569465799611566
0.1892500911655990 0.2169418041016192
0.1388841297216541 0.1805765168104682
0.0980958909485400 0.1556891906638303
0.0662904959741144 0.1571836194121068
0.0416711314187479 0.2367432075583877
0.0231558251097700 0.5563158042925455
0.0107236535179294 1.6669025539055113
0.0048718854168490 5.6453570498071555
83.6218581945440889 21.2185294563459408
0.0009710031640614 5.6386332674989701
0.0012771846556650 1.6520083151149743
0.0019403609433574 0.5314561512385244
0.0024303691340081 0.2055998802086694
0.0024963794680849 0.1401525303552915
0.0021859851752838 0.2118671746241540
0.0017600150056986 0.4407131907289496
0.0027110289183608 0.3478059441009939
0.0035075190173120 0.4554561827853004
0.0051094848401006 0.3398467208730584
0.0070643320288814 0.2014919900866831
0.0086916205233596 0.1183477342952491
0.0092233072256607 0.0960442708097924
0.0082917001553906 0.1407629510616031
0.0063116227501904 0.2959026405442117
0.0042404625747174 0.6631444459202633
0.0028304140388959 1.3606015935723446
0.0025627521784379 2.1510990275833599
0.0038064359713841 1.3702952878395112
0.0060852149426245 0.6880988193671665
0.0089196145289480 0.3496806394563986
0.0117396485153265 0.2460540502521079
0.0140228696168817 0.2713134650180957
0.0155558788305202 0.3207251713469090
0.0162041805590982 0.2411745387647332
0.0158986413434235 0.1538995371094135
0.0145973261442140 0.1079653503214830
0.0126385502094599 0.1069117878031861
0.0109915027725777 0.1457171184491952
0.0111358313478778 0.2111734823485615
0.0152156799385944 0.2615335379509557
0.0261338075241282 0.2353229945152960
0.0468923829727698 0.1900295990464715
0.0800381093841701 0.1673820583298390
0.1266897434423880 0.1764269406588258
0.1849221584244700 0.2096177939451346
0.2468362168031191 0.2527339758217931
0.2955357973913715 0.2885603620174582
0.3100593077123062 0.3019977979402537
0.2829696730659502 0.2888029143859940
0.2291534759584209 0.2588645966515100
0.1703738124973567 0.2275922805227638
0.1198751951612904 0.2041270723053795
0.0813015812766825 0.1868543562379562
0.0532291288354020 0.1772526425845418
0.0328229872924991 0.2224844519671821
0.0180995654124085 0.4318230797384592
0.0085352151163715 1.0658343692149523
0.0040007542624500 2.6813575927606923
0.0024751571551856 5.6419230621355236
0.0022341427412965 2.6738424431186543
0.0026359779159947 1.0475893765998452
0.0031972426187740 0.3973281116536528
0.0035238566653888 0.1677431602079902
0.0034228593810873 0.1077182148205262
0.0030289247564075 0.1299484558035779
0.0026675452917781 0.2137854463019622
0.0037157474429631 0.1785128359415491
0.0050186396435133 0.1891205965822860
0.0071179176017249 0.1500738704467663
0.0093631664652940 0.1042720513107705
0.0108096554966269 0.0810450148427672
0.0106352930887616 0.0989729695328766
0.0086932709973514 0.1999971548555510
0.0057503710074211 0.5090753055255256
0.0031118336370588 1.3598376161593471
0.0016677546767581 3.4780354573627252
0.0013450152695564 7.3398009351459086
0.0019121017507384 3.4929978852329451
0.0030557286494343 1.4036785426457701
0.0045777772601903 0.6202221050470048
0.0060121601203173 0.4617762119625437
0.0070909690406195 0.6434965347661795
0.0079983423630706 0.9369032369960151
0.0091326835078403 0.5937058877951608
0.0102099564776851 0.3001972196925655
0.0109518752126178 0.1520968679675571
0.0110627957996147 0.0997691054940952
0.0109915095401538 0.1002300965939663
0.0120441668648964 0.1280561233100965
0.0163370806348960 0.1599092921823921
0.0267821162038362 0.1707807914729637
0.0464710351402636 0.1615934499157033
0.0777428874963554 0.1565587246029780
0.1212330496940006 0.1698917962008140
0.1741838430582705 0.2006872655093791
0.2277398622827045 0.2383474696639485
0.2654776085174270 0.2681827182822190
0.2701358917917044 0.2787558590456978
0.2388161840196407 0.2708450490725769
0.1869105627634627 0.2595667113840836
0.1335001848745552 0.2642811276330765
0.0895496066564469 0.2899460914164453
0.0578085492458671 0.3056691019440223
0.0367296491761144 0.2600304817294072
0.0230004059980779 0.2300749297916134
0.0138448318412916 0.2954941698347380
0.0082457757430491 0.5439831196204605
0.0056733737331381 1.0614450511960711
0.0049844388266395 1.6588089337974967
0.0052417733300486 1.0509539494088811
0.0055270570178470 0.5164663964740669
0.0055563623890704 0.2376355755559335
0.0051736070435986 0.1242546850006265
0.0044510354271310 0.0966772378008328
0.0037124714172212 0.1127494219733032
0.0033501370342179 0.1474111944514030
0.0040339841915871 0.2038308994062259
0.0058980290400968 0.1554691220975890
0.0086891461697085 0.1082775018379812
0.0115576454655922 0.0769643378570957
0.0132896345998824 0.0699615164248108
0.0129160366502913 0.1043197113288236
0.0103772880206592 0.2403445751715364
0.0066737767730961 0.6833172105074456
0.0034565334790621 2.1483426957308294
0.0018582048435987 7.3369618223747484
108.6607934770018886 27.5941294484423203
0.0009725885673638 7.3583365474747300
0.0013837311343248 2.2173586729048114
0.0021234345553230 0.8824286500537104
0.0026531018934054 0.7938158662760055
0.0029178974336560 1.5422211892187501
0.0035422379339476 3.1218749813522275
0.0046685669713298 1.4821471369341173
0.0063420150504246 0.5900722293901058
0.0081225549185186 0.2395666478738277
0.0091779406679730 0.1262894707327478
0.0095987150117814 0.1146378831987582
0.0104794098553313 0.1553396484399618
0.0137749644614120 0.2212732194173093
0.0223631005853123 0.2677979333909641
0.0393010554308973 0.2393820194578130
0.0665446567346335 0.1977252632075271
0.1041656838279925 0.1807149809858640
0.1485721284079442 0.1904652587926375
0.1905135413334643 0.2134439326207028
0.2156996288488371 0.2341885350124182
0.2121778428491776 0.2449370419949481
0.1809867997051075 0.2543160735996027
0.1360080598415021 0.2905056115953243
0.0923104199783942 0.3927076582172505
0.0578428352787684 0.5751775190501861
0.0341437867215177 0.7278482729468798
0.0207481587838193 0.5471347928713184
0.0141104974484749 0.3473961539765711
0.0108563336529854 0.2569461977717850
0.0097024869289544 0.2898398312172347
0.0098859639391012 0.4211207363945673
0.0105420465404211 0.5413189054533190
0.0108511333331977 0.4041062386789107
0.0103624188333196 0.2416525527478297
0.0090564698316877 0.1441874398929415
0.0071864321831422 0.1131530282876074
0.0052779815950900 0.1333107279662196
0.0038838772330903 0.1852798322241066
0.0033842278205212 0.2280786250234063
0.0035626497981174 0.4526433102215208
0.0059559941524550 0.2690441246273693
0.0095977824142627 0.1481023151577876
0.0135149506466271 0.0878419056964914
0.0161753739722308 0.0708083902665581
0.0163156108239052 0.0961396158562235
0.0137744053886614 0.2013463612744605
0.0096869793335863 0.5118610365789961
0.0058476524835273 1.3626681856668437
0.0033880852812790 3.4807913112861346
0.0018911971680114 7.3440669759493682
0.0013198997742059 3.5051825322899899
0.0015625346495013 1.4469442045324190
0.0019167905767898 0.7812558695328652
0.0019425733977873 1.0833425932325493
0.0018365267452576 3.1568978880611209
45.8665380181367439 11.6609202355048023
0.0033565462330241 3.1074982206314914
0.0050295778003873 0.9236212454676005
0.0069488267943766 0.3203236978312785
0.0078157148034807 0.1665942225917168
0.0076550001732942 0.1801497525582664
0.0074754733812721 0.3012014002265155
0.0089528207344560 0.5089167523518808
0.0149024458707112 0.6840992676580697
0.0283419267584980 0.5271927313847556
0.0504764447124293 0.3384226630077755
0.0812757742914770 0.2293082710997641
0.1169989809295526 0.1907912521546570
0.1486859119368650 0.1893122684475526
0.1644364215240560 0.1997784309781170
0.1564474484057911 0.2157708090011798
0.1279143775341628 0.2587336480083566
0.0909627311924231 0.3912153990122071
0.0576318818700533 0.7304150871166986
0.0331630431569046 1.4042456561521688
0.0167356684633689 2.1792957017571131
0.0092656277189295 1.3819115289604527
0.0081666844654428 0.6895510659039062
0.0098163112317926 0.3409232140587348
0.0130328510062190 0.2168935029172689
0.0164237904552739 0.2028371376991002
0.0186912406821399 0.2120726164373535
0.0189257130710972 0.1750572692665969
0.0170019775491536 0.1317313091433384
0.0134533734349085 0.1178114378778661
0.0093030599123195 0.1554310287982600
0.0057276166189938 0.2652765951656270
0.0034660582904114 0.4480393638638229
0.0027109631320961 0.6004246023325758
0.0027443025514787 1.1873632510295042
0.0055298581354927 0.5825034906665369
0.0100888623039063 0.2637027773983020
0.0154132628611240 0.1265637781812058
0.0195847061764696 0.0799565457412335
0.0209080408898419 0.0839237513577445
0.0189274955819265 0.1414341055408928
0.0146934388667575 0.3008964214137381
0.0100310224036496 0.6684547305003228
0.0062649633887785 1.3652443572943060
0.0038478232877209 2.1568736792492977
0.0031839394759515 1.3844962050764542
0.0035210854554634 0.7333512694465606
0.0039053540742268 0.4943050097871192
0.0039857173126332 0.6880794625646615
0.0039432203723069 1.5131130486246498
0.0045562728643147 3.1150722022248001
0.0058241756446845 1.4836050577639721
0.0073064541747164 0.5987961140875215
0.0083668141687067 0.2646367028920701
0.0080069575388769 0.1972267551980898
0.0064191250591748 0.3100055200398723
0.0048020921305265 0.6549202606636947
0.0044660619153259 1.3317581256552020
0.0080642370022196 2.1052716509026941
0.0180628258479352 1.3462467852193822
0.0347044368186199 0.6833191431303973
0.0589825262547886 0.3460783555507587
0.0876307900400534 0.2132319606463882
0.1121746299648420 0.1743901658353220
0.1224880284743180 0.1728688596245604
0.1131752549917410 0.1971383791361462
0.0881768428733357 0.2866634596731501
0.0580841299481298 0.5744549596980258
0.0334022827480697 1.4044064287276281
0.0183814732263772 3.5131046153476313
0.0085849227490677 7.3869205762853642
0.0042439872713204 3.4979143326056885
0.0060564169960105 1.3751545667361045
0.0113625154993838 0.5325155776424048
0.0185750131649622 0.2364628938339292
0.0252372874511972 0.1450740589533775
0.0291508451699877 0.1192952734835539
0.0290447290193043 0.1050146890065852
0.0250419063694960 0.1038494807087214
0.0184949458633786 0.1415963219144184
0.0114759269845599 0.2699758365621009
0.0059669280661923 0.5835516229386585
0.0028299252001104 1.1868470496807433
0.0017825221189105 1.8726340729037079
0.0022483981174784 3.0311029284634583
0.0052335288467167 1.1879800905370936
0.0107881536190512 0.4496440303612534
0.0176979506241684 0.1824052283378136
0.0236440914579589 0.0942632176702259
0.0264951145708219 0.0762304247131728
0.0254188847510009 0.0976871366486454
0.0212624294919692 0.1650230558692035
0.0158867108189965 0.3025587066905704
0.0110384275422916 0.5158558702419334
0.0078213133003856 0.6914884220650378
0.0067337833241123 0.5269997415484942
0.0070483572772186 0.3389947787767417
0.0077987410295881 0.2661055720099248
0.0084807615376483 0.3483843441703442
0.0091439061251889 0.6090840093877253
0.0102670476280337 0.9291494363287488
0.0120363837257152 0.5975119183903929
0.0132009355568354 0.3159845689204592
0.0128855373141081 0.1974983710563780
0.0105539822254141 0.2358777477701217
0.0069284148731193 0.5119972512867403
0.0037113410730160 1.3312882668071282
0.0022812778980049 3.3959446838478224
0.0046441067360103 7.1730507390043936
0.0112483620776612 3.4064291727478837
0.0225347453483514 1.3517988381066568
0.0417363050799032 0.5395386939198308
0.0655268768322537 0.2558537394277013
0.0857029390033490 0.1688882301034966
0.0934547926917276 0.1532020764216505
0.0846963567412484 0.1809903728727302
0.0633109032222422 0.3028844301208262
0.0382470646653808 0.7277060266543787
0.0188318487684790 2.1801071918931072
0.0095053635631044 7.3875830214373419
109.8443996125617730 27.8150474259797846
0.0043860117246019 7.3795440071975964
0.0081842230971675 2.1637151731495119
0.0164451175496796 0.7016949390294659
0.0271668635726020 0.2672449913233834
0.0367353771989011 0.1370672046921032
0.0419361420835539 0.0996198954927770
0.0409937821405452 0.0921897815974996
0.0343574624127237 0.1109598604125003
0.0243577713298969 0.1943533451608512
0.0141468921915215 0.4563180662991816
0.0065026568292003 1.1908954153430293
0.0026221425496933 3.0320467259402362
0.0013917207511600 6.3950340678295561
0.0027627860828210 6.3964528796577662
0.0059940368738726 1.8754615115757465
0.0125545446868103 0.6024315762522895
0.0208841772925907 0.2201047745108832
0.0283567927898748 0.1036629622904176
0.0325401096754053 0.0727029010829290
0.0322884578502397 0.0745473887699788
0.0282639715597584 0.0980175584754266
0.0223642083338038 0.1444683856346857
0.0166725659808118 0.2075775112336197
0.0127087650974998 0.2498210811729488
0.0110934759264194 0.2131928986678945
0.0114339921101225 0.1609834726958788
0.0129008223590427 0.1404168208285060
0.0148541501862728 0.1700112321092173
0.0170666698437316 0.2467525890935323
0.0195548779947151 0.3163005313686038
0.0217420564746504 0.2468533393972765
0.0224134000487440 0.1709769169160602
0.0205021821370813 0.1556049795172366
0.0159290980176497 0.2607493849571826
0.0100393534170748 0.6780876493395238
0.0051156252128092 2.1003609861082304
0.0027835118002485 7.1700350500019141
106.5885663546597897 27.0120690912363202
0.0077573031108271 7.1772358495900352
0.0157168473179685 2.1148539219520823
0.0320612532568844 0.6994548700472890
0.0528270206642182 0.2830480733782723
0.0701567846196661 0.1623865862722343
0.0766022774986834 0.1354658486601293
0.0690359039413800 0.1540825235682753
0.0510368946680153 0.2472430942040663
0.0303099133209097 0.5430764159303314
0.0142731966987641 1.3820924678208120
0.0062362776814316 3.4990618123167150
0.0045737982345768 7.3801637588016336
0.0077558768915768 3.4965978462277372
0.0146291399096885 1.3762874627518371
0.0258756706628898 0.5324945587219443
0.0395618997269966 0.2306231358055519
0.0513804000392026 0.1301594610363113
0.0571362771891364 0.0997761707392001
0.0547288743388874 0.0966425916311809
0.0451053658209782 0.1236145174112215
0.0316074697830870 0.2342972062045379
0.0182740952476931 0.6111495614172870
0.0084647841366233 1.8800896617337439
0.0037528248060794 6.3984166050903966
94.8526488761225011 24.0667965132278674
0.0041247695986932 3.0345377348577935
0.0083973700233901 1.1914718237224722
0.0158018349626728 0.4538036854158230
0.0250118805446075 0.1868970369078226
0.0333313845843496 0.0965706151875413
0.0381414563760426 0.0692772778659038
0.0381635111034816 0.0648946208330383
0.0339815874752917 0.0715904680248547
0.0275328901338688 0.0870470709078646
0.0210937497374398 0.1077425598273682
0.0164402326208602 0.1218764263318829
0.0144432309203181 0.1151902666585777
0.0150332989775823 0.0989190262917155
0.0175901065072144 0.0898432906797298
0.0213869629723128 0.0971278942861497
0.0257779755646572 0.1185626187590631
0.0300904849400500 0.1360631160529423
0.0332016465825927 0.1234867986849709
0.0336273298317616 0.1090316083055909
0.0303707417965328 0.1236588062467072
0.0238298069987806 0.2156732439443204
0.0159508729465871 0.5099525381062743
0.0093031942695047 1.3336718245999877
0.0053995287413692 3.3979680170603097
0.0049054206743060 7.1728902542727102
0.0082947782895038 3.4031232988419604
0.0163852015282213 1.3444506650524712
0.0311064681838038 0.5268681221524943
0.0491457287343122 0.2366861559580391
0.0637554824686738 0.1425405287621327
0.0686942045619914 0.1179977754353132
0.0618228062777498 0.1260097899770549
0.0464700506428666 0.1773985818147558
0.0290951209387496 0.3272197679906756
0.0155308238744439 0.6858327941092358
0.0081970269516505 1.3767265890172753
0.0074343563493424 2.1653539486915587
0.0133067339701529 1.3768802083790745
0.0240758312484374 0.6863841791352496
0.0389928209276438 0.3283164441915341
0.0555270467060937 0.1778868275339089
0.0688466827590938 0.1229579846065158
0.0742640315740828 0.1050787976963292
0.0697641946378276 0.1031072911408180
0.0569894187047042 0.1230974428758858
0.0401853952163765 0.2056673358183400
0.0241000630325736 0.4658549980460748
0.0122305529053574 1.1984758575576908
0.0056357162141821 3.0378021917034417
0.0030508613176232 6.3992779553686363
0.0062775255306383 1.1945238962546396
0.0116092064305861 0.5885506900119140
0.0197798445505847 0.2704945164707069
0.0293358080049053 0.1338086908262890
0.0376428160745088 0.0824049995568796
0.0421537051657403 0.0657745761314903
0.0416689546316828 0.0626501190891397
0.0368315440431206 0.0667123075528115
0.0296515532087913 0.0780337997500870
0.0225123886864053 0.0967076369957017
0.0173187846856115 0.1168708816562217
0.0151320302955946 0.1247035927560553
0.0161728376140403 0.1106426747339091
0.0200143438550504 0.0917161349933032
0.0258853588603503 0.0815322203157889
0.0327502006945518 0.0817406138725540
0.0392611843265139 0.0853800314254461
0.0437243977291964 0.0847168596551827
0.0444234106194936 0.0854061014780318
0.0405128240238761 0.1003156570791463
0.0327690735662485 0.1551222822162692
0.0234756172409201 0.3058669200573511
0.0153127383378889 0.6593459385898507
0.0099906062606332 1.3351828731562443
0.0089048523246580 2.1045072639006444
0.0133590656696509 1.3394120368579077
0.0226241529288930 0.6681139435645691
0.0363624382528956 0.3195750743323855
0.0516279510213472 0.1730041462068984
0.0628791935723165 0.1198461356164240
0.0653761243897644 0.1043535073667330
0.0581162866525652 0.1072120514702376
0.0443345579309988 0.1318466274581729
0.0293557450898956 0.1974517300076953
0.0177989163380375 0.3312792221926513
0.0120666804304757 0.5384821680502014
0.0132326110957684 0.7079843599807841
0.0216686228132797 0.5354834490242608
0.0360778440576413 0.3291003944292661
0.0546037741508738 0.2015754784321325
0.0735747423095196 0.1430906237663120
0.0875571757959196 0.1210828639182876
0.0917399736592298 0.1126061368221345
0.0845885031465121 0.1091467106566881
0.0686171854298904 0.1166121083771477
0.0488206326215667 0.1586266621691591
0.0302662799989868 0.2875963234499490
0.0163274202026428 0.5997670038372069
0.0079246226578222 1.2004184825556834
0.0046119210102015 1.8827140033806617
0.0091822020171571 0.4646169252100066
0.0149628631360207 0.2745310006250418
0.0234067435920865 0.1530193310259869
0.0326723888927507 0.0937408690192148
0.0401803208589049 0.0701639307958247
0.0436039111946988 0.0633997169390565
0.0419716544294403 0.0653614488659872
0.0361001952841649 0.0766625482666717
0.0281145336814829 0.1037966960562233
0.0204395348378989 0.1536881501128162
0.0149492623235893 0.2202462082959770
0.0127531499884457 0.2627222120282779
0.0142756277434290 0.2185268574836082
0.0192260964671210 0.1524987305266242
0.0268593810759855 0.1057691751809704
0.0359095268428036 0.0833788742785626
0.0445021433688161 0.0763048289349886
0.0504442330121855 0.0754106166654128
0.0518684591991977 0.0778529984900147
0.0481257795173591 0.0868956957615502
0.0403020793815486 0.1130651300956952
0.0308574577601818 0.1769870380852462
0.0225472408445535 0.3074417938043156
0.0174382492620363 0.5121533165363364
0.0170437321766880 0.6809822336394673
0.0222058732481268 0.5153750309143836
0.0318851191361150 0.3139669132249605
0.0443747878989794 0.1870911428889776
0.0563730808750328 0.1267646533088402
0.0634569495550815 0.1036037902381502
0.0625642545730110 0.0981257744889568
0.0539327379081527 0.1040834189322643
0.0408825657326467 0.1241623947803825
0.0278680875551048 0.1626117911011567
0.0185915537513628 0.2158760589989416
0.0153091134161438 0.2671724486439127
0.0191955745118420 0.2921459429020224
0.0305763198053567 0.2432393389048156
0.0484400748665924 0.1825252652994714
0.0701549747766369 0.1446187844790331
0.0909788898797584 0.1293657640621533
0.1048642437033015 0.1248281654563343
0.1070762782654278 0.1210751412398937
0.0968588496019695 0.1152754492165660
0.0777585554831047 0.1127765401131194
0.0554405036586129 0.1270550828636758
0.0350713854833590 0.1796826258040062
0.0198248005158181 0.2960165848984256
0.0106676542207555 0.4781152895513577
0.0073297861609737 0.6225138232965031
0.0112866562714719 0.2223783555562302
0.0171921632396038 0.1492876841523554
0.0254147085545961 0.0982959280825393
0.0339027017441083 0.0722239507011460
0.0401637790075547 0.0626679664299387
0.0421390434705396 0.0629694954590152
0.0391544402277471 0.0733391892140632
0.0322692694498417 0.1037727848128196
0.0237509668974617 0.1766149392235020
0.0159904788480910 0.3231212515572811
0.0105878304198165 0.5502488631525201
0.0084872259215126 0.7352556802049395
0.0103528260545693 0.5499172311954300
0.0158350218265659 0.3233891215240222
0.0243371699645424 0.1788472089200042
0.0346297300039580 0.1092467515185340
0.0445221451868981 0.0827461567953927
0.0514798652160276 0.0759280000877812
0.0535978483932244 0.0771544938558966
0.0504887543199118 0.0831325406642383
0.0435425054688223 0.0957883382106206
0.0353311210192533 0.1201216519098252
0.0285419317475578 0.1617396729937335
0.0251430613097330 0.2184023939190014
0.0262885162360105 0.2561866161403474
0.0321176354380501 0.2182063918171758
0.0413804563315310 0.1614824167372728
0.0517121792864697 0.1212929790086768
0.0597605173248973 0.1015356461529780
0.0621957460159861 0.0962553264829518
0.0575388205413803 0.1027999886340304
0.0471653246790547 0.1256753505758091
0.0345026090223667 0.1729796261375381
0.0232420435578539 0.2424159604270347
0.0162636917547472 0.2970825708974423
0.0155876556452745 0.2729664116736682
0.0223116743390517 0.2219745246069485
0.0367630350009825 0.1719831242283427
0.0579028540425251 0.1401288083929135
0.0824415598099351 0.1284085930706590
0.1046850778712351 0.1287991873802228
0.1179754695387217 0.1311797178029814
0.1177683584557080 0.1289458539866288
0.1042929973669249 0.1217489668523805
0.0822534404550864 0.1155601022154136
0.0579771721172677 0.1206968674343505
0.0366497399112964 0.1479788405403877
0.0211216685700990 0.2008564039781608
0.0121186089537413 0.2613297784210333
0.0091706987094407 0.2811806985922792
0.0113280547475691 0.2041271945206541
0.0172186441188896 0.1309480579203238
0.0249780699477964 0.0864609337390840
0.0325403777561649 0.0655861968605791
0.0375482108798141 0.0595815871381043
0.0382138954313720 0.0646350172908889
0.0341689524205391 0.0873395461660514
0.0267212919883456 0.1532857254713997
0.0182655094729220 0.3238535782731899
0.0111153657447260 0.7163664630708939
0.0063974638727755 1.4612494584171187
0.0046009969565832 2.3051791174588243
0.0064442048974944 1.4613054653196782
0.0115463256714429 0.7170916792402541
0.0196843307832128 0.3263314346280097
0.0298914374856257 0.1588778748214121
0.0398210292901618 0.0974987229933255
0.0467803808320232 0.0807120264822609
0.0489734844516444 0.0822414882400303
0.0463528191720491 0.0926674467904979
0.0406075533754721 0.1078261129808365
0.0343636496901457 0.1215059548551396
0.0300995548396030 0.1269371351988189
0.0292917594229277 0.1309902585515232
0.0324089912636392 0.1315354634174355
0.0389768256223393 0.1189309590568866
0.0473890928630041 0.1033040855774197
0.0551100036490033 0.0930335010010021
0.0591837881772942 0.0903496226745415
0.0573862830262895 0.0975125705937418
0.0495653617442624 0.1239046375270536
0.0379590123683650 0.1912506293135295
0.0259685761701502 0.3311361597589660
0.0164191882758700 0.5521959156525565
0.0113492621032865 0.7360401548468443
0.0128149631707468 0.5615051218700942
0.0217354660985668 0.3476946552643072
0.0386033611641538 0.2123719500105984
0.0624716291706451 0.1507578840532547
0.0894153828465443 0.1330544098022663
0.1127637831016902 0.1340172942049090
0.1252066171053616 0.1372450304956562
0.1224395103093580 0.1352490693115645
0.1057790218478969 0.1293309240296779
0.0811391324403940 0.1285004092787509
0.0555151465704180 0.1468171904676331
0.0340702917274311 0.1972021620278721
0.0191556970153088 0.2755449008285577
0.0109848812108157 0.3336220280749153
0.0087991760702791 0.2900712222111154
0.0094306389408819 0.3646507851380200
0.0151197251002874 0.1946553670555470
0.0223020333516846 0.1076523029663722
0.0290183574688077 0.0706458045333811
0.0330581377431377 0.0599383117906879
0.0328783743584450 0.0673500071682857
0.0283711608934323 0.1043099591158949
0.0210088030135874 0.2193668954977966
0.0131857661462002 0.5515883502891853
0.0071647212278465 1.4622102500943115
0.0037782889795888 3.7313715073531695
0.0026611085129040 7.8699582293745811
0.0039499605667877 3.7311346967920871
0.0077273818708103 1.4623408528138557
0.0145540830653313 0.5533467719189670
0.0235617407022715 0.2247000817562375
0.0322834114458755 0.1160698869011292
0.0381064197397290 0.0899694483739583
0.0395262835964917 0.0996981759156832
0.0368931758963112 0.1320467824112275
0.0321153752093714 0.1779521958881562
0.0277598288303564 0.2091177218944739
0.0260439409155008 0.1823531698931555
0.0278468748222375 0.1412864121695828
0.0328554127399092 0.1112700031465581
0.0399975293653335 0.0934515030098714
0.0474423157415902 0.0847626903041305
0.0528211971349405 0.0826260574101220
0.0538155476465834 0.0872389580956419
0.0491767551000594 0.1069183199226444
0.0396796267531419 0.1675042002721676
0.0280443342555804 0.3296753596748213
0.0175125651593916 0.7090927299817286
0.0099695348119555 1.4346253246377381
0.0064921015384347 2.2603307609778573
0.0091923347096509 1.4390316443846709
0.0189352764201911 0.7189552739281304
0.0369461199963869 0.3471725744250747
0.0626053845021195 0.1959198713354554
0.0912887060610472 0.1486185279651682
0.1153249783278150 0.1408087216602057
0.1267488749970580 0.1416394122951073
0.1215150094027551 0.1401857656498487
0.1020097078739020 0.1401059551363407
0.0753002217871853 0.1582454684160254
0.0490283843564219 0.2247133707066018
0.0283066997731397 0.3775974242881370
0.0147342650652978 0.6255363556576132
0.0077429435338920 0.8303046021431678
0.0065137586268023 0.6225960543640048
0.0068439642978018 0.7927734602859129
0.0119885190605557 0.3528811614444184
0.0184760763120593 0.1601537544095923
0.0244507771362225 0.0854372047122541
0.0278335189348685 0.0625766773584062
0.0272993182444734 0.0684809298569729
0.0229329783561692 0.1134879309526430
0.0162240981192940 0.2627247015899397
0.0093328125127355 0.7380871302276820
0.0043727974107788 2.3078079218114649
0.0020704287323902 7.8713824840236244
116.6349027709352697 29.6045872570288893
0.0022958519493273 7.8697036893087748
0.0048298029686075 2.3052987122714037
0.0102204037277691 0.7368474730159327
0.0175097130345042 0.2664583543344735
0.0242259475298460 0.1283104831905030
0.0281408401311564 0.1060828867658507
0.0282352175204547 0.1449284679815890
0.0252616528343427 0.2436321227872166
0.0211290038219441 0.4003089490064690
0.0181156965833788 0.5287442754427082
0.0182802434499765 0.4015314354076204
0.0218626612792246 0.2468173714020910
0.0279482104864350 0.1491222796964680
0.0351393148537965 0.1028057532942556
0.0415907716126928 0.0860375050809930
0.0453067198090086 0.0832884135704894
0.0446380984723568 0.0903805509190443
0.0390218460869274 0.1221701171994422
0.0296410220542391 0.2287833535466927
0.0192138231889854 0.5476608872189268
0.0108012683779580 1.4329653709364913
0.0057842882230695 3.6491167934582451
0.0041022109373215 7.6996803218600185
0.0069712951897310 3.6533183690149071
0.0159514871391269 1.4431333938120039
0.0340956420481066 0.5670466488006770
0.0606566016348913 0.2606337186789687
0.0901671154523753 0.1675549463049101
0.1142151477173252 0.1465294722881336
0.1243823883911769 0.1439830319529007
0.1169382131538392 0.1444187049354093
0.0951911986721139 0.1560037847441892
0.0671320681947443 0.2120885673242638
0.0409255877910224 0.3857246030351018
0.0217076672097167 0.8102027249175653
0.0102074981127670 1.6311970295299285
0.0045360854747587 2.5660904487453302
0.0039355310113625 1.6241952910354629
0.0046913852988742 1.6191491049783353
0.0090945522385820 0.6045797487621885
0.0148581328300604 0.2334610695004909
0.0201084561984283 0.1048598471011189
0.0229495332996619 0.0658852510606300
0.0223095487512439 0.0664211388377360
0.0184356616971331 0.1045959586019983
0.0127295776717419 0.2237739783051245
0.0070683659256381 0.5592842590968462
0.0030493351723615 1.4697479141323950
0.0011697672160686 3.7364926802021934
0.0007750791511366 7.8721093807530673
0.0015568248783036 3.7304422993420729
0.0036423955514835 1.4591451186451161
0.0077629317248937 0.5485446273844076
0.0130471516776603 0.2212335385249604
0.0174769983313068 0.1229935189207947
0.0193035457210758 0.1322469848944829
0.0180880365544335 0.2400590743216434
0.0149253671395335 0.5094994835395502
0.0114498783928101 1.0253940687463616
0.0092556256652511 1.6111242242827857
0.0104396229200886 1.0274822948586380
0.0144554759807144 0.5150622459819990
0.0203003843948851 0.2500258766053282
0.0266969925920248 0.1419819870367380
0.0319946436674867 0.1081408438589198
0.0346664252852596 0.1017849830555734
0.0336358781449233 0.1044845921531742
0.0286924997042202 0.1370610943211752
0.0209066457822268 0.2710172144045372
0.0124603571392255 0.7264339880726438
0.0060651420429169 2.2554919575996530
0.0030500302729625 7.6968775528175248
114.3169549741179480 28.9833988592308280
0.0064515207835896 7.7020476079080717
0.0146232721066563 2.2672092706553908
0.0326276103903747 0.7473297698154963
0.0593671664461522 0.3025449122574982
0.0885798306027012 0.1772272879112028
0.1116930754967616 0.1479546628561350
0.1202916714591027 0.1436888176545146
0.1110859625504543 0.1472911744155126
0.0880041195437571 0.1741530174382900
0.0594620195066244 0.2839582076836085
0.0337297193256490 0.6364721371511398
0.0162257364912813 1.6364968007844962
0.0072969364372515 4.1530975486453041
0.0030104559040567 8.7563486126276988
0.0023907076588051 4.1456538175065933
0.0038358302216747 2.5579262830198726
0.0075948696230393 0.8103770559169239
0.0126395333596613 0.2812489366684039
0.0170019135854824 0.1159607624003140
0.0191045132416799 0.0683858836476037
0.0182287728623922 0.0666480958041381
0.0148157163372619 0.0974454738397089
0.0101428735506611 0.1775462655262250
0.0057104419624588 0.3580325532652505
0.0026334498028841 0.7464729149372128
0.0011580072947495 1.4805718315262466
0.0009855596247663 2.3140244126335245
0.0019344960667044 1.4619754121478685
0.0038838156493746 0.7117021193186307
0.0069618706835973 0.3173590778017431
0.0104407765236908 0.1523564717687436
0.0128118788512949 0.1115649858788355
0.0129166119573079 0.1682001866483833
0.0108199640052063 0.3915010229498121
0.0078351291062517 1.0211979866778160
0.0054904306221923 2.5952262775778969
0.0044564836346530 5.4682454453181917
0.0053059493588493 2.6001643703896602
0.0082240105500902 1.0344521036718073
0.0127073575780892 0.4192508077374092
0.0175805711816517 0.2160882058362716
0.0214955583770642 0.1715696413031122
0.0234499525179632 0.1704790660015616
0.0228191336581399 0.1519689175419786
0.0195439884194180 0.1526414960713549
0.0142781661547043 0.2382684427936752
0.0084884709224318 0.5471742322804752
0.0040611536143515 1.4293249055283144
0.0020212645227847 3.6453958242983662
0.0028714340336540 7.6968633576650332
0.0071811436933603 3.6512829748623545
0.0163546367196881 1.4414838054975829
0.0343201193513277 0.5655330286313160
0.0600593329278388 0.2587851353817693
0.0877253543067366 0.1646917790387735
0.1088655890537137 0.1423231374788176
0.1156789310404629 0.1396874366033615
0.1054840608246706 0.1457154050123566
0.0823800895610195 0.1820530913471081
0.0544990978413591 0.3293231579416971
0.0295588642795543 0.8405588201189039
0.0133946581274030 2.5742980500415431
0.0062247418997954 8.7602133533758213
130.0315173423400950 32.9696117064999044
0.0021712515950345 8.7531227303809960
0.0054402168276009 1.6192463026948987
0.0086837890697730 0.6042593039922003
0.0126662748091627 0.2329939652776475
0.0157042303228031 0.1055980473526827
0.0165819645196710 0.0709259623492226
0.0150378600211264 0.0794371663958096
0.0117548234005175 0.1209632028082158
0.0078766637581448 0.1967754639242848
0.0044810356363525 0.3010761192787961
0.0022679358403984 0.4233697703870803
0.0013727399556756 0.6096386128210867
0.0016014446739998 0.7622065347297653
0.0027705752768255 0.5563369818659731
0.0046691463574869 0.3174719323338009
0.0070492593820407 0.1663230401176636
0.0091989991092950 0.0988640071518086
0.0100916837214849 0.0984537605197262
0.0091234914406673 0.1899285585760076
0.0066428086339033 0.5157593612409158
0.0038409886194421 1.6038802364720610
0.0022586881475235 5.4650089408849416
80.9596446877874030 20.5511390166676087
0.0021684496303051 5.4746445085710764
0.0037895177144110 1.6315615830051193
0.0067914648972415 0.5812740296810103
0.0099332310465081 0.3264144954561384
0.0123764430536035 0.3370066824439439
0.0136982456915180 0.3985965970069824
0.0136605970753949 0.3044611193900504
0.0122843167199854 0.2121773144873433
0.0097833132251018 0.2038778466150775
0.0067871076154918 0.3346760063496981
0.0043465736477319 0.7034642284495263
0.0031816122714155 1.4271112026920714
0.0043365648739109 2.2535085924594052
0.0095014257316560 1.4329608982404791
0.0200003825210702 0.7134213664101977
0.0377709072585011 0.3422523293460227
0.0617040500368632 0.1909393712535502
0.0865835423180590 0.1421721234776405
0.1048731046664055 0.1319468568150526
0.1099900346410405 0.1318661627126025
0.0999568325525180 0.1369022398858269
0.0785399576765662 0.1655830785641448
0.0528858317257782 0.2778223781405038
0.0299868235109193 0.6328108942596895
0.0146610661484739 1.6348308707896952
0.0073336218378840 4.1527492297667710
0.0042942520704273 8.7566776222006411
0.0038244753909465 4.1460461976266876
0.0101831789846882 0.7921840630292595
0.0127688369642718 0.3521349017820466
0.0152203057322188 0.1600974709396300
0.0163015718500133 0.0899256925491921
0.0153492771907675 0.0817406481965096
0.0126307361220678 0.1209514043634728
0.0090871522622530 0.2174018351378884
0.0057108199300154 0.3753212412446860
0.0031314621001347 0.5226109232561993
0.0017423348578199 0.4582133916430105
0.0015385213750514 0.3823967584600956
0.0022692337553368 0.3316200194316496
0.0037102124574206 0.2383929917130623
0.0055761164715427 0.1480687045957511
0.0074453813453663 0.0894544852782510
0.0086914717597524 0.0658264281717371
0.0086936669759917 0.0794669950580482
0.0072627008952672 0.1563573639072034
0.0048831003381213 0.3870871608521854
0.0025242138511856 1.0191981988908698
0.0011206011933668 2.5942897178056739
0.0006852122731306 5.4698071199104898
0.0009159310299870 2.6100443205031159
0.0018125336624535 1.0694653419913216
0.0033274687277779 0.5229416572305468
0.0047950893483587 0.4865426219311810
0.0058757061676015 0.7744006265683264
0.0065402099102907 1.1656639518071823
0.0070531633523102 0.7437589831338618
0.0072488461617776 0.3853263170189759
0.0071330539858053 0.2228316081057425
0.0065800945027747 0.2122021352785347
0.0059191360048627 0.3254448516154841
0.0058402409222205 0.5392184253176082
0.0076030033821664 0.7209760759373635
0.0131137902053989 0.5449145877496018
0.0238254401874543 0.3307389437229140
0.0405150226665750 0.1977764281709529
0.0616375922913270 0.1386888928749289
0.0826956727244377 0.1212099277470603
0.0976083846289518 0.1201913368759458
0.1013904456959853 0.1220162171572556
0.0927978603403017 0.1245789671195857
0.0749269854847978 0.1395826273639699
0.0533771682807622 0.2003751957053313
0.0337391871726008 0.3788361108322655
0.0197400755263097 0.8070963508739070
0.0118513508868759 1.6302600657773954
0.0084378535086386 2.5658639842229616
0.0083676154956743 1.6238344455807261
0.0188984465794262 0.3585699001556948
0.0199719595585148 0.1910166786528074
0.0200887659763930 0.1081886633205546
0.0185161154377482 0.0832263925989531
0.0152270443268812 0.1089175062769179
0.0109808420986083 0.2114173311777172
0.0069196727527259 0.4593864429949567
0.0038471700565806 0.9338026847984546
0.0018345994184568 1.4758668471199483
0.0011308406937459 0.9616952191412373
0.0015448066899444 0.5116446383588859
0.0027270688961681 0.2732103591535024
0.0044221431624474 0.1519173576103934
0.0062426875333590 0.0883336326386362
0.0077047587370573 0.0578269381530405
0.0083305763494399 0.0505080434224396
0.0078321807465566 0.0659340945480977
0.0063032870925195 0.1166566017846104
0.0042623708676916 0.2394778659364575
0.0024491993256161 0.5118902758343891
0.0014007273541756 1.0271422443476286
0.0011416044171930 1.6153059756646875
0.0014201253260874 1.0463741767032202
0.0018219946997260 0.5851167059414265
0.0021794086622886 0.4754485546399273
0.0022980860736481 0.8050633982078517
0.0023856897262753 1.8789627856940141
0.0028039588732249 3.9086501789134953
0.0034159132638319 1.8578002919390719
0.0045718977328227 0.7402633041838939
0.0061757510593623 0.3044869192493715
0.0074434810388712 0.1705863718760075
0.0081891760961227 0.1666563905300320
0.0089751931828513 0.2186367757514038
0.0110813232136535 0.2624921772261343
0.0162403390129396 0.2272145633387394
0.0258323670821704 0.1704710422583539
0.0401171088597680 0.1293228430676631
0.0574007548036009 0.1104049440819197
0.0739901542363037 0.1072088254556744
0.0853787101052091 0.1107749577184963
0.0882372645025461 0.1143334249467455
0.0820606716410950 0.1156025479403076
0.0692424657109652 0.1196500312434325
0.0536444455998907 0.1433996442109140
0.0390249901430220 0.2157066004540809
0.0279586700519659 0.3726940246044914
0.0211624955925736 0.6216711455634741
0.0180464802423855 0.8248746878485336
0.0178437568791709 0.6155508690485280
0.0312568928256878 0.1736073560150800
0.0296243376216675 0.1134720807126096
0.0264840423484289 0.0833026215845809
0.0217394562835824 0.0874734468437751
0.0159344285320196 0.1504113644892038
0.0101180611932767 0.3551986296823558
0.0054543654315201 0.9270144027295394
0.0026537566673718 2.3558771630486128
0.0011273086397431 4.9622415603296322
0.0007603469376289 2.3635059229654392
0.0015190258253873 0.9401325875148709
0.0029895888170533 0.3680138757612527
0.0048185717730145 0.1543336608472927
0.0065113450240207 0.0760710405893547
0.0075792472398034 0.0511454968645395
0.0077155495637431 0.0524792322458116
0.0069058195795494 0.0732685379558778
0.0054341600534813 0.1138816694446708
0.0037961773001910 0.1772532729018777
0.0025322927667060 0.2727055368816183
0.0019848126983734 0.4169850145831717
0.0021549081951679 0.5388129910260155
0.0026773355535407 0.4242697779448821
0.0030126261428930 0.3345668388293073
0.0028499341280464 0.4634531540762461
0.0021909938276932 1.1851559263186693
0.0016910362737565 3.9123476301368978
57.7140485718079006 14.6546504522025334
0.0025552504652921 3.9004080208630252
0.0042219472240441 1.1510010353277935
0.0068159637805498 0.3818672927439145
0.0090233573280709 0.1604931189868406
0.0103874346943016 0.1087291916664897
0.0112925382498370 0.1144582463851477
0.0129172867750034 0.1331161565912243
0.0168243125031630 0.1392752992972361
0.0242324928713950 0.1343577540536392
0.0352269977130796 0.1200930419985987
0.0482104812052756 0.1085200559897402
0.0602749540669964 0.1059768469006332
0.0683220608042668 0.1113122337429528
0.0704960517442634 0.1193634842102391
0.0670364181200425 0.1230143021853754
0.0599130002874720 0.1183679062815467
0.0515537838628319 0.1183234986636227
0.0438873949431818 0.1381158522850347
0.0380839503874965 0.1874438703546090
0.0344840001161753 0.2586465132688728
0.0327279485520222 0.3045223459752496
0.0319848679741988 0.2527607986258550
0.0450712148224391 0.1069237147216544
0.0398571735374869 0.0848651440538066
0.0329161421930208 0.0764187811998240
0.0249547866789440 0.0950054131625986
0.0169424294821632 0.1819273416318112
0.0099087908825634 0.4758428710246583
0.0047145239898969 1.4600765675919065
0.0020910114853335 4.9582842532049058
73.3286030822586667 18.6251213521676959
0.0008274345769152 4.9576585755812212
0.0016771693669391 1.4576001939868566
0.0032663615810723 0.4693009323208442
0.0050494883246855 0.1697504368069149
0.0064605167835850 0.0783132671720459
0.0070575629654089 0.0597365576748813
0.0067196601547996 0.0777176527159925
0.0056634937914154 0.1253937026277585
0.0042964369634621 0.1955869398815011
0.0030702462221835 0.2559039486087552
0.0024054443748393 0.2551785016895332
0.0025337315382361 0.2454545634889307
0.0033854806989989 0.2370561886822799
0.0045109239613034 0.1999851382092260
0.0052454204268408 0.1975309351518620
0.0051523372201990 0.3204489186547718
0.0043344088090468 0.7474673994929917
0.0034231152960696 1.8581283420702357
0.0031908096445250 3.9003710364059549
0.0041254226603075 1.8523752443553398
0.0062060652016967 0.7318613036971087
0.0088812633773386 0.2858025579404878
0.0110204107370963 0.1298887666927602
0.0119821689484724 0.0887771932509774
0.0120592071722349 0.0976125890788960
0.0123534514868012 0.1334425039519961
0.0142944894371363 0.1812355568998084
0.0190461920392423 0.2127464555945909
0.0266408634140511 0.1860795365098268
0.0355785661444507 0.1486828108530494
0.0436021033767839 0.1313195414712578
0.0487177377825804 0.1396607265501383
0.0502147044636432 0.1650721679674712
0.0490284168772379 0.1829211855908269
0.0471004292165597 0.1604353318454588
0.0460779418247090 0.1310628010095675
0.0464056497630969 0.1174065922656854
0.0476313099256470 0.1230539451750368
0.0489106244820814 0.1395352221807876
0.0493546178499616 0.1487211005702005
0.0482180601282744 0.1332382776589737
0.0573723384945039 0.0899206209652831
0.0481886708867705 0.0807425014640001
0.0374735854774326 0.0803581567419632
0.0267824440185886 0.1000234853481831
0.0172940371203858 0.1687340031946201
0.0097685662718580 0.3712341134773502
0.0046179777174890 0.9367262769046788
0.0019250996736119 2.3583370845528879
0.0010117128148057 4.9574798396054547
0.0012865253083178 2.3514892398237119
0.0023104709270747 0.9218472435260436
0.0038339264258894 0.3478419271599476
0.0053630108526345 0.1405583462478603
0.0063034708957458 0.0777846735835009
0.0063152243307433 0.0825109050514921
0.0054827251128673 0.1424800773240637
0.0042140906513822 0.2733801835925050
0.0029595835363019 0.4776835404035730
0.0020839320290626 0.6481795607335602
0.0019784427256907 0.4994156985691459
0.0028332861687502 0.3155343703801352
0.0045768715588678 0.1974531626643388
0.0067014289782236 0.1359135879532390
0.0083539425127197 0.1265399748711126
0.0088831531812207 0.1883653414846179
0.0082993023935226 0.3712374433067011
0.0072437221640031 0.7343209354139639
0.0066704244343221 1.1495500036764217
0.0077106890868769 0.7319384885191613
0.0097475902781155 0.3648758784478586
0.0119000805403761 0.1745460076389043
0.0131058492260122 0.1000803798949627
0.0128011693409389 0.0920433266846586
0.0113741704017424 0.1358592953861498
0.0099483653166574 0.2397109705861629
0.0098328002966845 0.4032366701094236
0.0121543513561563 0.5392306984438491
0.0169224567354371 0.4171181969400370
0.0225425212101062 0.2751950611770856
0.0273175701351506 0.2106308331232895
0.0300642275737336 0.2332080305575234
0.0307937130242075 0.3246684451043066
0.0309722943866866 0.4090123675155711
0.0328914771383983 0.3147956655824061
0.0380109861037865 0.2049527577421341
0.0459322252129266 0.1399428951363684
0.0546763117878849 0.1144726460757616
0.0616941354643700 0.1093916415820847
0.0649091953195416 0.1080705058624487
0.0633659154648649 0.1009966021917941
0.0655859916975257 0.0933120467814863
0.0524679683401391 0.0919108472020831
0.0385077999985226 0.1006457600674067
0.0259901476701125 0.1246881815287447
0.0160432088121635 0.1704280281466116
0.0089197991228737 0.2640722989572576
0.0044164543664624 0.4905013970472890
0.0021336471957121 0.9419961446757755
0.0015290000245995 1.4616669973477978
0.0021460438436811 0.9238832146775294
0.0033446555111155 0.4512383024329183
0.0047557608820543 0.2031605377804213
0.0058835660050484 0.1006557766727329
0.0062192244797549 0.0794671708191465
0.0055931133867960 0.1245025369050071
0.0042961843203235 0.2719736880213423
0.0028847121043109 0.6165050946719455
0.0017752197681588 1.2685754591242009
0.0011749175074602 2.0067313657710057
0.0014898512417301 1.2767793376826466
0.0029415793525412 0.6323542200237517
0.0056258479607130 0.2932060542353938
0.0090016202111475 0.1471340586735495
0.0119566794691748 0.1002980550187181
0.0135517178814059 0.1125862673835710
0.0136149996818864 0.1765688423455397
0.0128164073891676 0.2861843120862426
0.0122665146900823 0.3770738310851058
0.0128036122233200 0.2855478174190216
0.0141101923260521 0.1742901025558230
0.0151493100462391 0.1065606461693768
0.0148894774120250 0.0866681823664710
0.0129621520501999 0.1186654940096124
0.0099644524908478 0.2351945839327595
0.0071168852415789 0.5136624081849392
0.0055313862460428 1.0446716882214953
0.0061028720834319 1.6496997090704228
0.0088784142303697 1.0658663458602811
0.0120041213630243 0.5733645408908009
0.0144344683660815 0.3816933212011215
0.0155285476632295 0.4567585026500806
0.0155256002039809 0.7820480931283135
0.0160775039533320 1.1893834086747641
0.0205012219980752 0.7628583936272486
0.0297610907895725 0.3948453333806401
0.0436404267181807 0.2085981578619155
0.0589764527244630 0.1350381406370908
0.0713372040876948 0.1116264175576449
0.0770587203615878 0.1043265808599423
0.0747420539257258 0.0988572362787487
0.0685435397640952 0.1083918510559985
0.0518265164123914 0.1230226339611307
0.0355040336461529 0.1610376482170633
0.0222770818605547 0.2219985946913310
0.0129044787123839 0.2761593328947907
0.0070255928005532 0.2782776268582429
0.0038039686072461 0.3055463860904524
0.0024559180347866 0.3989410632173067
0.0024555693020870 0.4861745335386264
0.0033524795180233 0.3542006553653792
0.0046450866698369 0.2038283933053887
0.0058746317679386 0.1101985278570718
0.0065417051822177 0.0725593619031997
0.0062751655888859 0.0864030141777333
0.0050895054691101 0.1814983098706163
0.0034293651248666 0.4713724011438553
0.0019454571458419 1.2663110101320156
0.0010491048856863 3.2427255742611960
0.0007524899516215 6.8433258569252038
0.0012945291291203 3.2464447728109072
0.0031057027129790 1.2737593049064040
0.0066711968017021 0.4822294559023980
0.0112723823274445 0.1946871906752171
0.0155047047928293 0.0997752288885792
0.0181655034605533 0.0802446901854514
0.0189014253538206 0.0955008775426399
0.0183353803356051 0.1270204393976572
0.0175861323624616 0.1491394644858889
0.0174618686674045 0.1283012760327314
0.0177580023726777 0.0961223530011460
0.0175408617467002 0.0773375153575679
0.0159115569361054 0.0883511829273062
0.0126829134257041 0.1623681221676324
0.0086129947285057 0.3950876134792050
0.0050227766910536 1.0408771075870487
0.0030102936848272 2.6531058827730032
0.0029083185190919 5.5968363648220478
0.0039750874305914 2.6822195251187515
0.0052504271941873 1.1319501575608275
0.0062830266153165 0.6526727963678137
0.0065395943778198 0.8722932499922615
0.0063779148574140 1.9288176587606705
0.0078434158237849 3.9860356527984111
0.0129449768229062 1.8981516766029882
0.0240453877537366 0.7653086715358801
0.0419426339525892 0.3219732229553940
0.0620055519923398 0.1703475327928888
0.0781341506179184 0.1244896514266159
0.0851242169235245 0.1115859414197431
0.0811778527796519 0.1071360807810146
0.0669259453193717 0.1372716724054076
0.0471726492251960 0.1925338704967509
0.0295634241855165 0.3178884179971246
0.0167142768721834 0.5225435800571112
0.0085900500496356 0.6959488933616316
0.0044242867386121 0.5383271628902093
0.0028039663408672 0.3563737628542245
0.0025791728652427 0.2589247329790489
0.0032658368124517 0.2139822925715599
0.0044995791726026 0.1534799401918062
0.0058546004821690 0.0978104397820170
0.0068730244859422 0.0639444883195491
0.0071318901995500 0.0571059242302887
0.0064171712823801 0.0904386615480465
0.0048858754239543 0.2189210835360133
0.0030355021461812 0.6336664574034520
0.0015264012089112 2.0014572918353051
0.0008158022572217 6.8417270192905635
101.3586381299645893 25.7351448558014226
0.0018936167619423 6.8441821535200011
0.0039394021087688 2.0064948392052289
0.0081677204797397 0.6416287191369453
0.0135886204757072 0.2298411431377449
0.0185206770329899 0.1035845478739134
0.0216227093428322 0.0698481670537814
0.0224738748727551 0.0691945520972044
0.0217065598007326 0.0805188032501655
0.0204648551919482 0.0904671908806024
0.0196011603745200 0.0878613585074163
0.0190627968069350 0.0773273896534540
0.0180679218762032 0.0725242483354847
0.0158159417159611 0.0944025294811312
0.0121567736961910 0.1931914932375221
0.0078097929683594 0.5266091097119483
0.0040405862644670 1.6393066567510561
0.0021303467219974 5.5885407965636498
82.7444060140051363 21.0149665184711516
0.0014762517058287 5.6215442113225977
0.0018807294095663 1.7500355310111619
0.0023951081503760 0.8742760205524692
0.0023014949568715 1.3240607020370920
0.0021562158078246 4.0168952611047830
58.9248170406627949 14.9468456690858407
0.0109903856514478 3.9809777740744634
0.0229047185024836 1.1897595376647758
0.0434466086361011 0.4173214994116799
0.0660381559271361 0.1964794681171859
0.0836586210138744 0.1357232829697308
0.0900281646649750 0.1206897427337908
0.0832946071444445 0.1204705850515899
0.0629096781484155 0.1854061367778584
0.0408155292313874 0.3287194935215795
0.0229448770184692 0.6792912947738907
0.0114325200384460 1.3594783396792132
0.0047654001359824 2.1361093844675278
0.0020976332780204 1.3585474941196543
0.0018325421296092 0.6773498547905372
0.0024826312883608 0.3230498060203617
0.0037259730978356 0.1677187130133947
0.0052323867958911 0.0958977036195517
0.0065953177424797 0.0603512463672658
0.0074112711543250 0.0457541706740962
0.0073897707464508 0.0493822208621226
0.0064709650270059 0.0815486853307696
0.0048941046420496 0.1830652983979670
0.0031415326832513 0.4740619870169805
0.0017733554988071 1.2682947451518860
0.0011515677389333 3.2436557481224062
0.0016831087050852 6.8433383498533820
0.0032854620461883 3.2456223043439483
0.0060277952748266 1.2721612052123836
0.0106104593413645 0.4801214966188010
0.0160936642211046 0.1919685840270280
0.0207424537028029 0.0945878363738252
0.0232198777447222 0.0683098968337531
0.0232585973936223 0.0710220692008382
0.0216544888408174 0.0877020488705675
0.0196483992826868 0.1080982573745841
0.0181670314255653 0.1175237830595879
0.0172995450422232 0.1050968109812550
0.0163601929584691 0.0898125803850805
0.0145437634316781 0.0971959693667817
0.0115548246206533 0.1669025881976791
0.0078883269689938 0.3966552959540072
0.0046158411968085 1.0407248093828725
0.0026504953897365 2.6518487497606391
0.0016172482602716 5.5944652078223873
0.0012266620786496 2.6786669902987685
0.0014576663634963 1.1275017894301225
0.0017554412231358 0.6478333574836400
0.0017289382713258 0.8677105103202718
0.0017843928699203 1.9251694179133527
0.0051930169435078 3.9842085184267710
0.0136335015018963 1.8989730438612562
0.0279304270938988 0.7692106610898384
0.0493658331631638 0.3291509825449137
0.0725384822866236 0.1804653289047863
0.0894757040713451 0.1370600911149101
0.0934183023235369 0.1283376453675815
0.0829777310370191 0.1381034361280082
0.0592092169973357 0.2480155486203605
0.0353714453922707 0.5385081510567732
0.0176382638813468 1.3660070364824293
0.0080919759100515 3.4530816176851573
0.0029479320351462 7.2727427228061998
0.0009399664358899 3.4461496027815244
0.0012706610405962 1.3503574398982165
0.0023216174719590 0.5097830971058960
0.0038333334596485 0.2015588536974660
0.0054180482591338 0.0914430763314279
0.0066672263449807 0.0538563010715777
0.0072644229418010 0.0455381329904691
0.0070772903264066 0.0529694654751401
0.0061877498657223 0.0765679697349350
0.0048736329881631 0.1347728767747004
0.0035355784411841 0.2822505134379055
0.0025873444259166 0.6229965862336512
0.0023184752123450 1.2710025682772095
0.0032320534206394 2.0054077206165979
0.0056528520076318 1.2716523777549109
0.0092577322077379 0.6235110590092532
0.0139725401187230 0.2819611273169070
0.0187766558634215 0.1347757681200536
0.0220887024335290 0.0824742960612065
0.0228825254925263 0.0762543792386771
0.0212943039363500 0.0999117224190589
0.0184240093325765 0.1508231118216456
0.0156101023434574 0.2192607528027374
0.0137831713081344 0.2629061779894166
0.0131012542156384 0.2182464203915410
0.0129234474934828 0.1528686398703693
0.0124112934661482 0.1158863531091556
0.0110373393896834 0.1326191356364272
0.0088665836792475 0.2398108641609069
0.0065405690826504 0.5133249338415270
0.0046882961970150 1.0415803814907485
0.0033865462320762 1.6443814053782491
0.0028748825508667 1.0583436620232045
0.0028606980196962 0.5642286046656221
0.0030042685905219 0.3721654891238556
0.0032672300168367 0.4483156261906093
0.0043038517342445 0.7758588953316589
0.0086409143845520 1.1863910594463871
0.0191030613149359 0.7642484918746901
0.0358590339829386 0.4017633382595922
0.0582023036614904 0.2215277839058143
0.0808969730891881 0.1531685418249415
0.0958562334165314 0.1338872438629916
0.0965519219164395 0.1343558651021083
0.0823937151449800 0.1573348627700414
0.0580289478944750 0.2884016777394315
0.0331033714362468 0.7093203784020826
0.0152799667992205 2.1448441475208759
0.0069103239728150 7.2765800459752894
107.8848411912252914 27.3647365054334450
0.0006771898771353 7.2675754671473847
0.0011284409204256 2.1248163180202080
0.0022521448332696 0.6739118525127643
0.0037445214048423 0.2349362399626308
0.0051511520906339 0.0992414735223237
0.0061021145478570 0.0634361338380265
0.0064069556428135 0.0657576886214667
0.0061002767928893 0.0842429915654433
0.0053884434513776 0.1056196365796712
0.0045774218261660 0.1258765342837983
0.0039873822798861 0.1754079228439212
0.0039066374885198 0.2914918156633433
0.0045960173164170 0.4828816910784003
0.0064189459401550 0.6414238128405895
0.0095637829773129 0.4792940828011609
0.0136376003957870 0.2811328287540380
0.0179934929441034 0.1539218493401912
0.0214236263523623 0.0936096314522275
0.0226348022610996 0.0785895542131552
0.0211392139290263 0.1013226395602472
0.0176399910388377 0.1741599937298310
0.0135814466562110 0.3236452811343694
0.0102379336965585 0.5546676006725449
0.0083278675676445 0.7421997818243926
0.0081325023481948 0.5537745301116670
0.0089680483781760 0.3238214212581209
0.0100905883241238 0.1807418175413120
0.0108286013683428 0.1263746517938279
0.0107042734942458 0.1455885360460669
0.0097608265073607 0.2377670835971528
0.0083924726874294 0.3960972578095996
0.0069781825807399 0.5292198522034477
0.0059000012859772 0.4049564076857313
0.0052671422414181 0.2622177271950358
0.0050620206993363 0.1993872124181899
0.0055544109469197 0.2262871806840268
0.0077025868706297 0.3225113444414467
0.0136389383939515 0.4098215579762101
0.0256017050656006 0.3188399480342408
0.0440270074149225 0.2140469581178701
0.0669479653716568 0.1548689407940537
0.0887818084344359 0.1334973319551620
0.1016884417046202 0.1304913619483189
0.0997271205059218 0.1370684978883431
0.0830440502284950 0.1678984394840375
0.0598595027547253 0.2479784571101365
0.0351200391241960 0.5379598952164120
0.0170915482332823 1.3650493993016461
0.0075518133602467 3.4515311122330248
0.0027210317666400 7.2700498767641770
0.0010802758991423 3.4414613549592197
0.0015185512379612 1.3430766396782565
0.0025019664424467 0.5010496821908452
0.0036952264180559 0.1963917799135204
0.0046614081779772 0.1001256752090660
0.0051168582947537 0.0905625854803657
0.0050347413033101 0.1273566356908661
0.0045982386391597 0.1890677181857429
0.0040976550665967 0.2345688467511558
0.0038729784120448 0.2078367811536742
0.0042168359565934 0.1725675941528537
0.0053326746246339 0.1717189271076321
0.0073507505598369 0.2056093793724911
0.0103599240954468 0.2326864513105814
0.0142311316401296 0.1910334611523320
0.0184160235576554 0.1320776501696861
0.0219608500021713 0.0902722854786650
0.0236473466950638 0.0736856705540448
0.0225752550245568 0.0868638085578447
0.0188570828905304 0.1507794224539040
0.0137666732832895 0.3236670595132532
0.0090562819242427 0.7220520220003811
0.0057642981092409 1.4770209546000708
0.0040856577744490 2.3317572293577218
0.0042578103679051 1.4761495892971062
0.0058269451925805 0.7211760001122495
0.0083805319086943 0.3250595806911524
0.0112348611305821 0.1592732272009899
0.0133243808371408 0.1106706650952969
0.0140025732768180 0.1221553487315240
0.0132831141079208 0.1626826663371873
0.0116250452649790 0.1938027933088379
0.0096614314239300 0.1691763597978003
0.0079500173229496 0.1371701392740939
0.0069309453878253 0.1313190033360262
0.0072169480642580 0.1563973415869915
0.0099411184550683 0.1943463345245064
0.0169482629727470 0.2088612572021233
0.0299869073500697 0.1780652448794573
0.0492294745010531 0.1433850357322570
0.0722188656170036 0.1258337325989552
0.0932992025667978 0.1233134634692854
0.1050482744239977 0.1270058995107169
0.1021025262405941 0.1339036650883184
0.0849376536678325 0.1577685537704365
0.0630989257915906 0.1848307596498448
0.0394513479518193 0.3274285328296425
0.0212196296360941 0.6773251313694694
0.0100398331695246 1.3560223904276136
0.0041758889505102 2.1291224827400046
0.0023375642207060 1.3448642207865644
0.0025177076362085 0.6539989863793190
0.0031833660269903 0.2915479773502073
0.0038629184456057 0.1420788472039631
0.0041846951951296 0.1087452396951926
0.0040194434972263 0.1554320215893786
0.0035157755050141 0.2850621357804455
0.0029409850926125 0.4935209465607313
0.0025919610066003 0.6654159262768778
0.0028658040017661 0.5015099344241818
0.0040441103819916 0.3027225656367993
0.0063123756894230 0.1823890857928373
0.0096439257953141 0.1317755405854235
0.0137844656427223 0.1126671410686349
0.0182677225605776 0.0934602703595617
0.0223257328401622 0.0749306467870096
0.0249258066590444 0.0641322229799935
0.0250302197004217 0.0679608253689090
0.0221458653897757 0.1028369644525866
0.0168575130765560 0.2183994465910253
0.0107959733994697 0.5547931543810659
0.0059492766956300 1.4772518646992947
0.0032740264456925 3.7757984186477378
0.0021316892192352 7.9686272589096188
0.0023645201179557 3.7752188421172712
0.0042033246464338 1.4764495054793483
0.0079140152593145 0.5545864867335559
0.0126251462746561 0.2204643560070478
0.0166855361122596 0.1098256336698653
0.0188145979186698 0.0824450431999434
0.0185793943655057 0.0852724947008710
0.0163988896514520 0.0940849209510008
0.0131966471512060 0.0985174715238193
0.0099957688966080 0.1138239444947746
0.0077102328541103 0.1557629727688803
0.0072157600384825 0.2221808718107389
0.0097154842055625 0.2732366376621101
0.0168690199874980 0.2431114187632247
0.0300098882389498 0.1843768392621654
0.0491129899487714 0.1408262162512880
0.0716805873215493 0.1219479978440187
0.0922932361311611 0.1195411502075459
0.1040405758134809 0.1227148919390792
0.1019776633464244 0.1265094772334671
0.0864523894339891 0.1381556326146089
0.0650522491855115 0.1358817302362829
0.0434411651054435 0.1910162806300039
0.0256345787581730 0.3158935099377086
0.0137044842797679 0.5174014549165659
0.0071571354114434 0.6814666034037895
0.0046328428252640 0.5045234655311617
0.0041485961906913 0.2910926969096512
0.0042636012835800 0.1581267527405661
0.0042871713536829 0.1093474506112105
0.0038924521346140 0.1409504930012247
0.0031141077152690 0.2878518029845339
0.0022584116754207 0.6449681651683766
0.0016026789366231 1.3252282658033676
0.0013600260644150 2.0954652202347321
0.0019325942492311 1.3288625458688608
0.0035899172001600 0.6525068660082333
0.0066166384290297 0.2979829258029125
0.0108717430559813 0.1462091659459573
0.0157652417931392 0.0882240222366241
0.0205232269143982 0.0658681661961224
0.0242685035133914 0.0570933139415570
0.0260870366194851 0.0563266636290669
0.0252244792356818 0.0677930077980891
0.0214886938095530 0.1132087121717141
0.0156528452841140 0.2628219436314118
0.0093380543617328 0.7430328606888450
0.0046116756145812 2.3326326378611908
0.0024639316863476 7.9692436238661530
118.2157778921466331 29.9929673451980818
0.0025014794014088 7.9692487546037878
0.0046412447222891 2.3326889297997031
0.0093050489188352 0.7432746240806362
0.0154307791149622 0.2635525098304852
0.0208568185465728 0.1150430269951512
0.0238558548830186 0.0718215804118137
0.0236247328116131 0.0643563841280168
0.0205335995688075 0.0727788449609900
0.0157942587681882 0.0994315405400948
0.0109132754652610 0.1656629150851920
0.0072111238181196 0.3025893707233715
0.0056133447203980 0.5176513954517186
0.0072633424365924 0.6960132494223480
0.0137207918981820 0.5298748663045771
0.0258504028764807 0.3247069713085974
0.0437335176385862 0.1963454852803740
0.0652324190527293 0.1386754734974129
0.0853651513824950 0.1205214808983826
0.0977604273327104 0.1174603210510164
0.0977648406004735 0.1171240043473561
0.0853227706890860 0.1192856476272292
0.0633357904183380 0.1073982328911509
0.0446016016585892 0.1247185318153458
0.0282878342860801 0.1643517691783678
0.0167121357440338 0.2196811395163665
0.0099985608918067 0.2511942867289214
0.0069506589899813 0.2021930654380375
0.0058784199654996 0.1351358485690344
0.0054410950658958 0.0939464584977377
0.0048672299935182 0.1004141916385863
0.0038705283508878 0.1940505951953725
0.0026045481192742 0.4944142320483013
0.0014990007249981 1.3251064873702405
0.0008730875428156 3.3929367908875285
0.0007891549475225 7.1604476397714576
0.0014144412231001 3.3951404191282668
0.0031082525317933 1.3296738672004436
0.0064148912073013 0.5009124096748711
0.0109977159543766 0.1995400455408535
0.0159926031624808 0.0966749305854070
0.0204851373965819 0.0649321415346653
0.0236883771035824 0.0580426551832925
0.0249862317395854 0.0600176295727921
0.0239516646584114 0.0698896205562777
0.0205275056286239 0.1057104261615947
0.0153510118375541 0.2204280364307222
0.0097877438738094 0.5560318899391444
0.0055209377163880 1.4782351003434018
0.0033973530210506 3.7769859166264030
0.0031555520118667 7.9703642363610987
0.0044709070352261 3.7776145489478488
0.0075500838605682 1.4792850964017714
0.0130301512169409 0.5570875767093922
0.0198648991981763 0.2207286321767229
0.0258162552930037 0.1045153136213863
0.0288642530576999 0.0679973282246088
0.0280256754168487 0.0629373250870392
0.0236888681886653 0.0808599908605203
0.0173403489730179 0.1409391188156291
0.0109251232141122 0.2995150225846214
0.0060967255641247 0.6661743777061608
0.0035989675480024 1.3628431613148304
0.0043490053627980 2.1535712560786635
0.0096239055153632 1.3713041096443064
0.0196877934977947 0.6832478516057868
0.0352673004094436 0.3260316645134871
0.0548598757296746 0.1774775318687860
0.0739703698884734 0.1261126728158426
0.0867761725904973 0.1115718818793935
0.0889107960356929 0.1070025499948030
0.0799057923128409 0.1045177947418146
0.0568984514173717 0.0971622443381534
0.0413559858992240 0.1081801385041539
0.0273223119042236 0.1282316515082012
0.0170614067307560 0.1462376078383784
0.0109722483805513 0.1415989072189049
0.0080796667255199 0.1124527692590514
0.0069188215620736 0.0816497183107893
0.0062838600839218 0.0694559958366405
0.0054357312057967 0.0986955151711100
0.0041375669100476 0.2298238574907289
0.0026046582810674 0.6626722547987263
0.0013459477064777 2.0940890964385614
0.0007616860789975 7.1599200583978524
106.0681553720719421 26.9320722346749299
0.0015197064650867 7.1619850911739809
0.0030207893914678 2.0985439057827833
0.0062123904632930 0.6700973471898181
0.0104877311312733 0.2402738189127955
0.0147989841485554 0.1106675059914620
0.0183445315330419 0.0784659830542060
0.0206688442280575 0.0785831518886692
0.0215998963215171 0.0845951147538544
0.0210525132578606 0.0859105358722464
0.0189857592443077 0.0992776865743460
0.0156597254486991 0.1586842041201204
0.0118409563992459 0.3281089712808959
0.0086156125869782 0.7250648552360568
0.0066481690858648 1.4800429937799493
0.0064157973018712 2.3355785239000806
0.0084912374914631 1.4809773009864435
0.0126448859260928 0.7263663318964124
0.0186924162409222 0.3282476011681243
0.0255320021788060 0.1546471239448787
0.0310813121271753 0.0872720392491655
0.0333929616837264 0.0653925863667348
0.0315240109497031 0.0671772415162959
0.0259181785220963 0.0986762394105286
0.0182325719675923 0.2038960662855641
0.0106723546204464 0.5124138660747377
0.0051725020367811 1.3613206103899216
0.0024518312839858 3.4786900714266147
0.0028238320166750 7.3423486155617486
0.0064778963217847 3.4845556112021399
0.0136432019864827 1.3735473615171867
0.0263164240039810 0.5322075759787412
0.0433273252313368 0.2319354234446520
0.0605453588848181 0.1337589208727624
0.0728136240162836 0.1050426417624648
0.0761908053732445 0.0970864747539987
0.0699807694806932 0.0947548162850719
0.0465057548357175 0.1084228930693296
0.0339967868249924 0.1419578099454376
0.0225812890007933 0.1900944385748708
0.0142565502497109 0.2215434782190897
0.0095170127972365 0.1851744133994385
0.0074953975525949 0.1271764154062067
0.0068529067613547 0.0827436173686021
0.0065298722486408 0.0651452291637643
0.0058666299960673 0.0869668544226500
0.0046670106853421 0.1887585759298989
0.0031838654968945 0.4929835169246080
0.0019289436017556 1.3253680832461674
0.0012885568054681 3.3938945033065129
0.0015202836936674 7.1617043753049803
0.0024540254269401 3.3965082959001549
0.0040795174697735 1.3312711782429383
0.0068350766979693 0.5039908018818731
0.0100968028143796 0.2080688027271157
0.0129191770874642 0.1193718348801862
0.0148309156851430 0.1152199989856836
0.0159082758382489 0.1460649197933926
0.0164670185934889 0.1715630765564249
0.0167328561242336 0.1494539547803261
0.0166782096463888 0.1222108755629244
0.0161525137480903 0.1260038943393425
0.0151493355116052 0.1866714538699603
0.0140019096436190 0.3308551421635048
0.0132328996813230 0.5606560517908744
0.0135563091532519 0.7488187498571791
0.0158402660048608 0.5613095322421306
0.0200008603241991 0.3306343862549875
0.0255611438875537 0.1811629604270956
0.0313334548577057 0.1059600210837049
0.0355622494642671 0.0738512613676530
0.0366396722785146 0.0637400195512688
0.0337680052897215 0.0703820662576087
0.0273602204111078 0.1098409633573832
0.0190083472091508 0.2456288664824848
0.0108706996924979 0.6862430968691522
0.0050477768580561 2.1491832177244454
0.0023615849459281 7.3401677771244573
108.8806345563985047 27.6249408659893163
0.0039319406223635 7.3440972710956860
0.0086399703868029 2.1576244235345743
0.0187094852178704 0.7002409250195571
0.0328520765157458 0.2655054335577459
0.0473357459615578 0.1344151294970524
0.0579247174272230 0.0971043763529611
0.0613096724201240 0.0890061474744168
0.0568020476529252 0.0926484869334310
0.0343089587295625 0.1555447561990877
0.0245490418965686 0.2629894193770115
0.0157806611294910 0.4321437723804633
0.0095289178838805 0.5694891749664436
0.0064401082269392 0.4243119171447711
0.0056546504961331 0.2464548827434706
0.0058736223679415 0.1312484240771668
0.0062167091150860 0.0783190994791778
0.0061104815891948 0.0748005241466513
0.0053705716598280 0.1282811436829182
0.0042340641625288 0.2849318484389702
0.0031864341833693 0.6461240410817402
0.0026545120010218 1.3278486979088346
0.0031153380423222 2.0983559559354732
0.0046597611708895 1.3313654231591430
0.0066642291220475 0.6546126384514706
0.0088367756830163 0.3025140483852524
0.0105375248663857 0.1640608215181875
0.0111969352563902 0.1467224627183017
0.0109838405287703 0.2138762605581169
0.0105927131705683 0.3456326845119733
0.0106931248209504 0.4578581431435167
0.0117612878555153 0.3471156407538448
0.0138115308820139 0.2155163823804754
0.0164932383373872 0.1421001710794177
0.0190973296894129 0.1294481118143973
0.0210525976017733 0.1650419919814634
0.0223493635727358 0.2288301608793448
0.0235496538082310 0.2723842719835570
0.0254053559787288 0.2284133442634696
0.0282836290173852 0.1605858758230853
0.0319156986738114 0.1099055296562809
0.0354538982082899 0.0818861098888131
0.0377054822024581 0.0689008006455877
0.0375129902066935 0.0644092695342733
0.0341825739582014 0.0699795676714744
0.0279026835594330 0.1012177639207208
0.0198931948850349 0.2055791796179781
0.0120514944633264 0.5134421342533055
0.0062321888893041 1.3618157400591111
0.0031046039236223 3.4785459925959108
0.0018115668239422 7.3411740521100990
0.0024891532233398 3.4820832967649475
0.0060215776651710 1.3697211720576765
0.0136685352669830 0.5264324946870811
0.0244844001029078 0.2228105164860382
0.0356317494257838 0.1200756875602874
0.0437276072816022 0.0889456590685695
0.0461902126856171 0.0861059308256445
0.0424857858374788 0.1042212444392984
0.0227663488287429 0.2617212436881141
0.0155723262930238 0.5566314430150403
0.0094125222680008 1.1202465137096258
0.0050154463097456 1.7592820223906942
0.0033566129069609 1.1135072714183991
0.0036233369911617 0.5429838701433827
0.0045802382351933 0.2414945239589111
0.0055982798023918 0.1125281430334248
0.0061628386780763 0.0726290401055504
0.0060771882819030 0.0861241424583798
0.0055531283031358 0.1522478689415225
0.0050843722024745 0.2895651450715572
0.0052253583160063 0.5000614345263057
0.0064621516756477 0.6709750800055880
0.0087241795443335 0.5038894152446819
0.0110599089306393 0.3003825001672372
0.0125172327771665 0.1788717097997289
0.0123214232245147 0.1496884053619200
0.0104491822823836 0.2224950093565781
0.0079425830290687 0.4490692860638983
0.0061205621127846 0.8993349298712567
0.0056868014747686 1.4147306991407544
0.0073828445678416 0.9001544314614870
0.0110848828977150 0.4497238251299376
0.0166600772150697 0.2189647010357133
0.0228920477896487 0.1293437453244771
0.0282236366127609 0.1096754726812377
0.0317483631004090 0.1184102091613782
0.0335343180369944 0.1270540051891031
0.0343047114699534 0.1166946156552682
0.0347978544898696 0.0992893923900141
0.0353772396256460 0.0867967913226243
0.0359637409485883 0.0813562463781514
0.0360956632973803 0.0784050819754458
0.0350543113427702 0.0737469368805544
0.0321387360918174 0.0722460440188762
0.0271351643352993 0.0867175850853751
0.0206335437830544 0.1437661830781318
0.0139391126179088 0.3007609248996821
0.0084805983119565 0.6664369787661533
0.0048700651686382 1.3620418680521595
0.0028840796114305 2.1515543831283810
0.0029158943806937 1.3687016606267994
0.0053190619859327 0.6814966316208980
0.0105152591028526 0.3252162749695258
0.0179663732911550 0.1736968284759637
0.0256761538525141 0.1123840718226434
0.0311301198066176 0.0900500737409791
0.0324162783627008 0.0940453247449350
0.0291637568672972 0.1368043885621286
0.0135594394810165 0.4331256502846995
0.0086604306550089 1.1209937298455062
0.0050885181526560 2.8448648283685247
0.0025671896156806 5.9917771660604231
0.0015803218156397 2.8397470430051306
0.0022211890912898 1.1102519530097743
0.0035159026547675 0.4153688522778466
0.0049434434845663 0.1631575087842858
0.0059994551965707 0.0817974180660270
0.0064926851008107 0.0696796141285631
0.0066546776580136 0.0936181507504495
0.0070359838156325 0.1432442479082385
0.0082738374209685 0.2059745712229036
0.0107579857126754 0.2453390576342916
0.0140980179609361 0.2062234213014326
0.0169897460454735 0.1506023696397140
0.0178909261259885 0.1257804504314285
0.0158907615887539 0.1674630460372180
0.0115188144023156 0.3546765911553870
0.0067140456424581 0.9026078833985627
0.0037052974260362 2.2863920029293796
0.0031048025939837 4.8200478251043082
0.0048148078270828 2.2867257506993632
0.0093294520086983 0.9029584640254041
0.0170366740535886 0.3535587497964405
0.0261131967709389 0.1599497415607965
0.0341381646222652 0.1001123225765276
0.0392607755353073 0.0867776393424850
0.0409269029911454 0.0860732529045527
0.0398185941144957 0.0862512655774157
0.0372006475446299 0.0894931218103857
0.0343063527769722 0.1000534014823556
0.0319531867791703 0.1157870531069060
0.0303607398452350 0.1240808524308126
0.0291311001388368 0.1110316798586565
0.0274753052419562 0.0916514835090985
0.0247315183236033 0.0832799179395183
0.0207674945866722 0.1007634127212536
0.0160991067620341 0.1640144677667094
0.0116098481931256 0.2999448634561805
0.0079563092241639 0.5139598135652585
0.0054041470970931 0.6923034724639990
0.0043852421399992 0.5311989096729783
0.0052080185723329 0.3404483298997688
0.0080440782684919 0.2331244470543712
0.0125193441383786 0.1872588255330782
0.0172943094502049 0.1480021728663758
0.0205872553483371 0.1183087800226106
0.0210249538666084 0.1191494743647240
0.0183238243398231 0.1897542557129250
0.0072638904638703 0.5780284838032872
0.0039799282658712 1.7630067242779268
0.0021751686888998 5.9931011267580443
88.7358571681742205 22.5280531476239538
0.0009215777165170 5.9890709198550702
0.0015829621056900 1.7533537453671819
0.0029299858509248 0.5584258745360023
0.0044144652919376 0.2000046207291580
0.0055772772689307 0.0958592023934100
0.0063022844809079 0.0785396759992702
0.0069066179968478 0.0944363360410268
0.0080518419659676 0.1181567678431071
0.0104775282665085 0.1307975792614262
0.0144999298775887 0.1299314405433847
0.0194722597833715 0.1133044453265521
0.0236106987938700 0.0988121979231162
0.0247550611995904 0.1089953277142771
0.0217486200040217 0.1871639799958374
0.0155064180336082 0.4680003510295156
0.0086712633069070 1.4208844582483129
0.0046328812680837 4.8229800419585249
71.5669894903959829 18.1449539075544060
0.0044400193336974 4.8222154218108955
0.0091852153437169 1.4196867498786936
0.0181995958980944 0.4664883189125508
0.0288205569965781 0.1843632399286533
0.0381460824192641 0.1014303759333514
0.0436294707582532 0.0802726054692631
0.0442245186114062 0.0793942806119390
0.0406770474792088 0.0896950140682942
0.0348828095914737 0.1160358575630425
0.0289380199421666 0.1661825225590572
0.0243523756625142 0.2346034048747049
0.0217505250158441 0.2784753258412027
0.0209070108460123 0.2304454707296962
0.0209499001008281 0.1583409100788462
0.0209043336602506 0.1071135360113976
0.0200363487471596 0.0874025550669687
0.0180406170676153 0.0991643929289438
0.0151307781048000 0.1420174840406264
0.0118169940419721 0.2077930695453468
0.0086609057034144 0.2611317017224956
0.0062779410261714 0.2513997379728584
0.0052145895125535 0.2513911186665583
0.0057804474968714 0.3037815554021617
0.0078558692076742 0.3670779515811800
0.0104975729927327 0.3019288127309086
0.0123653703347268 0.2102402928845383
0.0124808177162141 0.1689672079708991
0.0105646997455429 0.2383098331641676
