TIMESTEP:
8000
TIME:
80.0
DATA: p c
0.0006820442512118 0.4494578057898220
0.0003177434845235 1.1345029226038252
0.0001201169425918 2.8774602667639049
0.0000553198464033 6.0617492292996840
0.0000596850388175 2.8737713153139803
0.0001077674444658 1.1239997500364027
0.0001868838805327 0.4230946252984236
0.0002708227627224 0.1750887623084875
0.0003355822658974 0.1082964838994190
0.0003803545654880 0.1211126388467250
0.0004334212675780 0.1697198120291566
0.0005502101890045 0.2073802039901110
0.0007944349580575 0.1771716401172272
0.0011891201128006 0.1251491797395159
0.0016758573550521 0.0821718357696811
0.0020993012523544 0.0599550028718876
0.0022704177352055 0.0681178796995903
0.0020840681894602 0.1345007205795698
0.0016052196885924 0.3430829381626843
0.0010468343039849 0.9183776487810033
0.0006278737851622 2.3491992826697223
0.0004443631803964 4.9544699052664951
0.0006159995863500 2.3501266454108558
0.0011987564443149 0.9194989082990886
0.0021729312095345 0.3429245487610161
0.0033187844648013 0.1307838719096739
0.0043029512578625 0.0574005385590985
0.0048230947792201 0.0377417310862318
0.0047357523440057 0.0456473746692736
0.0041151362231761 0.0825127648153083
0.0032192516430283 0.1687263054288153
0.0023634572764459 0.3364426903325272
0.0017516966660777 0.5918758281137220
0.0014476459454003 0.7982111845813642
0.0014592931920291 0.5917700180820122
0.0016683540772151 0.3367925489905330
0.0019686066275578 0.1710521026723898
0.0022398361934419 0.0898941867240771
0.0023493571583328 0.0627266101439256
0.0022291136738946 0.0680427931023975
0.0019011847496604 0.0939351560203478
0.0014549335851701 0.1343120823244353
0.0010145012974374 0.2004715029065228
0.0007020563212298 0.3543427306656045
0.0006043787887403 0.6652043387745152
0.0007430896936503 1.0427667155650988
0.0010213026477102 0.7764254782745246
0.0012270003432456 0.4463562853349118
0.0012497187956944 0.2586463835358774
0.0010481095160998 0.2393320981741038
0.0003727751730421 0.2956358455326588
0.0002045264776934 0.5655903124439405
0.0001076618216117 1.1292162998275883
0.0000806223351620 1.7757660383408072
0.0001019576945113 1.1238128638476670
0.0001453631665460 0.5499285878571296
0.0001981663430972 0.2541135742973841
0.0002419298713359 0.1460592260051803
0.0002631907027265 0.1537392129135569
0.0002703808882030 0.2542000483961854
0.0002957258478132 0.4313958525583406
0.0004047120450369 0.5787442482256734
0.0006818436710089 0.4320114345081799
0.0011647690031026 0.2499434938379682
0.0018133756046330 0.1305373530557233
0.0024509854036779 0.0723428365939691
0.0028287335128766 0.0593031569775155
0.0027812183699308 0.0914771719543872
0.0023385446501233 0.1980297464796857
0.0017082540225330 0.4478005816720184
0.0011288337116648 0.9202939307659900
0.0007929026634037 1.4542642817859046
0.0009443141259151 0.9238522940042465
0.0015603153449986 0.4531260233616812
0.0025438315375563 0.2019727946105228
0.0036782648490183 0.0902814225819860
0.0046201731046763 0.0475446596924456
0.0050348216248648 0.0405273165658038
0.0047466779601682 0.0643254664671269
0.0038433522852171 0.1415358845990574
0.0026662554901136 0.3366306598975338
0.0016439951146227 0.7770235195918734
0.0009973082857074 1.6053253794639075
0.0007054674437107 2.5400759518956932
0.0007564711123255 1.6051344135259562
0.0010704631724211 0.7768568494029923
0.0015888468195199 0.3370519624571358
0.0021754669929363 0.1436831366294827
0.0025930996028557 0.0699469494322184
0.0026735823993999 0.0515236985078258
0.0023907790323534 0.0653435901073994
0.0018472092853832 0.1183238930690251
0.0012177601380166 0.2634687195509565
0.0006830474808571 0.6558971038675989
0.0003837363168393 1.6268607907608543
0.0003491119988918 3.4080010746430163
0.0004583786770109 2.0967886297720120
0.0005621685245524 0.9947242358530013
0.0005987527670196 0.4475152186260472
0.0005323939650097 0.2570607307581699
0.0002339780147040 0.2057185036769199
0.0001775735454891 0.2685756256779647
0.0001443337385486 0.4276157470575819
0.0001472930929355 0.5647094225196019
0.0001779806418981 0.4199634203012680
0.0002150682718494 0.2477761306302279
0.0002398134824015 0.1513431025757820
0.0002374018442512 0.1471079164223421
0.0002075663452217 0.2598727504931641
0.0001705170996011 0.5645233585902372
0.0001567003037328 1.1541279876890873
0.0002398470353734 1.8226540138393099
0.0005211240590918 1.1534724851661524
0.0010497550288303 0.5605711383234788
0.0018499087082569 0.2458896613261008
0.0027327003295237 0.1087459088040972
0.0033768062231174 0.0609263549447766
0.0035378179875391 0.0619830385313308
0.0031895687238529 0.1048521207551322
0.0025229365779701 0.2003475094032917
0.0018235728628120 0.3493279354606879
0.0013672135617562 0.4726190117729194
0.0013802274675792 0.3611487795170075
0.0019010917759077 0.2186464746803870
0.0028264122735752 0.1205084816035292
0.0039314989536284 0.0666428515525757
0.0048714919127477 0.0438990569076303
0.0052742524446948 0.0469193773175754
0.0049027354415139 0.0881989771344363
0.0038173201447946 0.2197130369156052
0.0024063625032687 0.5931617592875973
0.0012334353135114 1.6061191034374123
0.0006211734305192 4.1194323122322238
0.0003823063375609 8.6955568485799066
0.0004276647802077 4.1190782244070991
0.0007794776139978 1.6054656200874546
0.0014861666053629 0.5923417383141211
0.0023427758618444 0.2191138951334409
0.0030010089493687 0.0887508110485014
0.0032177064588237 0.0510941699028869
0.0029376224059158 0.0600749105598986
0.0022863578798139 0.1262992884195660
0.0014921633932119 0.3412661340463941
0.0007831518800385 1.0342425624412295
0.0003643960672323 3.4054246839508666
43.9567200333646468 12.2746190574653138
0.0001879349098955 5.3050493683123978
0.0002215992794554 1.9826359761750625
0.0002604804521456 0.7265628618170438
0.0002720049349381 0.3022505521621168
0.0001770669720859 0.1619110124462717
0.0001810904160835 0.1438384689659481
0.0001934297464842 0.1755778965978537
0.0002253446778021 0.2002593055577945
0.0002693281450286 0.1634748173757644
0.0003032708526239 0.1174763612729220
0.0003042960489441 0.1074735220513618
0.0002616651844343 0.1780251427451976
0.0001873720431807 0.4338517499731216
0.0001144164176019 1.1544697041249825
0.0000770024152802 2.9523994273308376
0.0001567247939492 6.2274147219547915
0.0004163414173528 2.9519333242642491
0.0009460554364746 1.1523766322946132
0.0018835329365510 0.4272399538669633
0.0029955770844689 0.1610394933891026
0.0038888132610854 0.0702452067823204
0.0042465589940309 0.0481132536761856
0.0039882199705214 0.0598261900604963
0.0032881920542422 0.0965971174581844
0.0024645504105285 0.1512219068279743
0.0018434729909434 0.1968827333125826
0.0016669506659576 0.1891045591940400
0.0020223089766779 0.1562271556709741
0.0028571403159543 0.1118914887486609
0.0039838867788052 0.0737857777039506
0.0050760915577342 0.0525229783323439
0.0057086316094056 0.0556462322507085
0.0055237711673827 0.1042259590915190
0.0044751414309689 0.2713858113570439
0.0029321561399752 0.8014575001290943
0.0016335615362518 2.5424329419725566
0.0010481512903891 8.6969839808342293
128.8413899645958907 32.7142789867690880
0.0007356977128738 8.6963329014359640
0.0010826295283098 2.5411287977999257
0.0019305755953070 0.7993767297967993
0.0029750336558954 0.2683507947519361
0.0037439489658642 0.1001247838145689
0.0039673738031987 0.0513103642513128
0.0036011758700565 0.0541381616816021
0.0028092178562419 0.1091206214179860
0.0018631044490887 0.2806414612916406
0.0010282969101842 0.7680970200196380
0.0004848201845621 2.0924096801781400
0.0002118071216048 5.3031994386009167
34.4857827493978277 10.1728432994846205
0.0000757300310406 2.8872326529773202
0.0001173199351634 0.9003258093645714
0.0001592882774720 0.3216703021159550
0.0001512238413067 0.1381547082466919
0.0001830884134342 0.1129475003909970
0.0002263755163761 0.1059953965750704
0.0002861373917380 0.0973242536930745
0.0003503034735799 0.0793924061909534
0.0003918094310671 0.0683110337157515
0.0003839598416219 0.0901734373788829
0.0003186511856491 0.2014368298641896
0.0002159677500692 0.5768605868469762
0.0001187072231693 1.8219766131628785
0.0000728087382738 6.2272140502709892
92.1630105999673361 23.4125162513575198
0.0004628328216886 6.2271260662217287
0.0009990035300461 1.8213464133598891
0.0020538438099286 0.5745591537809094
0.0033238972283731 0.1951115879463241
0.0043652791473882 0.0761453667294588
0.0048187432303624 0.0430682293261864
0.0045692454400839 0.0444693009782876
0.0037846629526097 0.0674081664887149
0.0028072688208206 0.1102174893258057
0.0019963279991433 0.1692392222880727
0.0016128026110000 0.2293130120344745
0.0017909734167073 0.2591406696352759
0.0025555063373711 0.2055676124738258
0.0038042594237063 0.1331349799476846
0.0052843997537872 0.0832429660578598
0.0065238631640011 0.0677955837581410
0.0069719167531995 0.0994361338589532
0.0063603323400918 0.2266035554895422
0.0049685076233551 0.5981852108310660
0.0035545341881724 1.6102503647708826
0.0026656873439200 4.1230085017631986
0.0021491909109828 8.6986870239859595
0.0019652298234589 4.1218193556619740
0.0024119182633279 1.6078500385089527
0.0033233071142249 0.5942141074385663
0.0043384628740299 0.2200534947897554
0.0049724351797073 0.0879052639208373
0.0049750919418873 0.0465268116082302
0.0043672917826354 0.0459196201025163
0.0033659690945039 0.0811999667315240
0.0022611177257336 0.1825823948496800
0.0013082909393627 0.4322436041673932
0.0006511532983348 0.9855499306243872
0.0002801802036056 1.9777361011359311
0.0000978909633880 2.8854166496085769
0.0000557580488230 1.3810260614859675
0.0000809953238114 0.5662711328076838
0.0001182932346872 0.2437590562386342
0.0001263670233887 0.1719982596824806
0.0001643019301741 0.1765405791832432
0.0002249183626234 0.1438614242976474
0.0003092327947943 0.1006298757159069
0.0004003616544278 0.0674199223332690
0.0004650805878266 0.0540256984030902
0.0004709915447558 0.0731829761467163
0.0004083943640722 0.1618050187743333
0.0003009813668004 0.4270339134332162
0.0001967296411467 1.1520224545212530
0.0001423580685461 2.9517394727656079
0.0002725700124906 6.2272987466993719
0.0006505561758613 2.9518264282342419
0.0013285148580838 1.1520857947301624
0.0024515528317294 0.4266049617902688
0.0037597785398602 0.1595591948614700
0.0048024136173997 0.0667091032672493
0.0052048300771996 0.0404597078820745
0.0048497100595136 0.0462228997195233
0.0039160389423548 0.0809577821031359
0.0027725278661640 0.1597203241620374
0.0017992076401339 0.3074270729047379
0.0012475621589337 0.5273621775645494
0.0012780969914235 0.7027735658970926
0.0020175385436006 0.5208766847672437
0.0034808322552067 0.2986965276671064
0.0055982123841020 0.1565680127631533
0.0078982003852210 0.0929969841557844
0.0095662983549585 0.0904342477257636
0.0099706816871089 0.1568174168213629
0.0091111628398281 0.3477224881310813
0.0075976167969623 0.7862936934702790
0.0060556724415803 1.6134468659259111
0.0049198101677372 2.5472213102405958
0.0046717160878943 1.6114021151819671
0.0052028032802803 0.7821696152601468
0.0059803091011324 0.3409046800508513
0.0066119522226789 0.1450290885166030
0.0067165815727840 0.0670752262318413
0.0061695791599765 0.0416702830386632
0.0051091859878421 0.0425884214933329
0.0038092140722856 0.0644050129823405
0.0025454659518306 0.1161866899944342
0.0015144840423444 0.2235712904673853
0.0007996911699956 0.4249303857471174
0.0003774265849009 0.7148328546573042
0.0001676947574018 0.8961181495748440
0.0000952369319852 0.5665159867749430
0.0000869148120757 0.3063017527933120
0.0001015058203958 0.1926168561243860
0.0000925642555347 0.3525484275447742
0.0001229131278234 0.4537095552002530
0.0001892068323695 0.3358681114980000
0.0002914725088449 0.1941536107717899
0.0004125170761238 0.1025392169090315
0.0005137596052650 0.0606206032349257
0.0005547817895009 0.0593243912119964
0.0005201773501041 0.1069137412496059
0.0004319311846473 0.2442947225979560
0.0003400542091609 0.5596482797126976
0.0003050706190811 1.1532927839919835
0.0004662425859969 1.8226809145240250
0.0009673958899910 1.1530425306884013
0.0018083550425684 0.5593748933144577
0.0029811067498264 0.2437767630224587
0.0042329269327813 0.1045710905996214
0.0051463663974022 0.0512572992317920
0.0053797105736715 0.0396817669844941
0.0048433091161651 0.0590822008301357
0.0037412786029038 0.1265256334475954
0.0024709260112581 0.2966729637575640
0.0014261913569412 0.6790067674491107
0.0008086404903960 1.3966243704514449
0.0007666342992290 2.2061348172516424
0.0015183962485271 1.3957993276579650
0.0032322522886409 0.6792199219245426
0.0062071523705413 0.3014873613665855
0.0100178325056314 0.1409953763925928
0.0135225110727783 0.0917916864797514
0.0156253515901172 0.1078195424930946
0.0158976393625493 0.1871082470305367
0.0147200637084831 0.3523830910039583
0.0128667742682035 0.6063580376719305
0.0111449791967414 0.8112147443960053
0.0103296300053868 0.6030916190891220
0.0101800970182400 0.3458846837204397
0.0101404576761332 0.1766192102133581
0.0097651398039027 0.0895615539190199
0.0088131577083787 0.0529784939012744
0.0073407127756934 0.0449569492159343
0.0056164378583700 0.0549576300323005
0.0039494627460991 0.0775736786466177
0.0025580110836845 0.1073920786255234
0.0015320664447021 0.1427640992194639
0.0008539780161804 0.1998831311310020
0.0004523156128004 0.2751545320691331
0.0002409290932085 0.3138731525450433
0.0001427481669345 0.2491749694211498
0.0001012616518482 0.2060792402036146
0.0000872158929510 0.2409416897234800
0.0000565831567871 0.8960253591876264
0.0000738936175740 1.4034903440161104
0.0001389544943722 0.8874084874616956
0.0002495605801377 0.4313684009116238
0.0003966749867314 0.1899711010033731
0.0005376194887707 0.0865514343458148
0.0006229624124133 0.0551998450168580
0.0006311325781630 0.0685133694211122
0.0005830917506456 0.1274293948460208
0.0005356119824903 0.2484491609240200
0.0005721468484644 0.4325138943074312
0.0008215848066827 0.5799464611911392
0.0014050231054411 0.4305584497224110
0.0023248562585802 0.2458388164862428
0.0034780495621801 0.1245731108890804
0.0045934894327866 0.0628824154569959
0.0053056310761036 0.0387985312048760
0.0053334302326302 0.0408064631207367
0.0046265656524864 0.0768884211244584
0.0034092111729916 0.1913235593795361
0.0020882550387787 0.5154400794172189
0.0010702716907350 1.3936907467220871
0.0005267563376864 3.5721114730388273
0.0005577581917021 7.5384582308337853
0.0013570948760692 3.5734210390547849
0.0033513406043112 1.3974115987742013
0.0074441417593963 0.5237656277333774
0.0131248134572986 0.2071173381279575
0.0189043539748727 0.1039967035428363
0.0232454216887266 0.0852370038396815
0.0252392586296619 0.1092277176752431
0.0249465838775124 0.1653505538504070
0.0231574821313696 0.2404991470615954
0.0208806612315464 0.2875131817722745
0.0188456052226732 0.2356986373186952
0.0171623827282236 0.1560834474350724
0.0154518760797729 0.0951120893170737
0.0133782072283334 0.0618878519533951
0.0108821787442118 0.0530677974621237
0.0081958701012575 0.0666321443324652
0.0056900441788548 0.1031156031037437
0.0036618875130298 0.1565057262910993
0.0022151285498052 0.1974662980411971
0.0012945744947495 0.1812180850753709
0.0007516659019471 0.1556241489136760
0.0004416250667647 0.1467339345234933
0.0002682115439924 0.1487210889985434
0.0001693992529509 0.1593017006619372
0.0001086179960944 0.2339009314908335
0.0000714585646239 0.4533970865239820
0.0000338351925805 2.2707421253930287
0.0000452180737633 4.7803936276299348
0.0001013589861946 2.2662443497056621
0.0002100817052095 0.8850283220878031
0.0003761932259709 0.3288931962656769
0.0005466151416923 0.1262720074677459
0.0006650230585473 0.0608113094186346
0.0007076227182057 0.0522297820253215
0.0006984917883291 0.0751878937286859
0.0007025963511660 0.1220675596914620
0.0008135453532754 0.1803224656514399
0.0011438414574238 0.2131535307522954
0.0017759293788404 0.1723205931114584
0.0026897939520626 0.1117923668868257
0.0037429946395237 0.0659737119600857
0.0046753798098205 0.0406657876727361
0.0051864501997731 0.0323577018703839
0.0050617673016864 0.0419572904463148
0.0042822033272269 0.0874660268946245
0.0030653384721352 0.2337270775701201
0.0017837622079835 0.6937462014770625
0.0008401423590453 2.2030513810075711
0.0004136325835214 7.5375033189330471
111.6579938640631724 28.3529877164167026
0.0020368750845709 7.5401196463817524
0.0045289956597589 2.2090540993924641
0.0098579993552523 0.7048277493516477
0.0174647685951865 0.2517140759017893
0.0255450827171602 0.1138912605866698
0.0322274566604902 0.0781369746126558
0.0361399447835565 0.0791079680710225
0.0369493801209927 0.0956516775307956
0.0352710463957381 0.1164217191254768
0.0321626233908410 0.1260220035943754
0.0285296419868979 0.1100082957669909
0.0247632091879042 0.0838449110254657
0.0208315257880953 0.0630682919800148
0.0166739102012730 0.0561969768704827
0.0124380833019613 0.0712209179938116
0.0084968609447168 0.1225053668600739
0.0052770886138123 0.2308902088447793
0.0030018501140415 0.4001851760312687
0.0015941288494655 0.5397586857056149
0.0008626072711659 0.4088403531202738
0.0005227183406540 0.2494929650136635
0.0003495879089124 0.1537156881937365
0.0002467979195499 0.1234296992551891
0.0001719412371306 0.1645499199089470
0.0001093511691187 0.3506386014776319
0.0000604237090920 0.8960978495465178
0.0000385084182660 4.7814517175733400
70.6918642434468154 17.9620278045405257
0.0001065079729625 4.7785446415744550
0.0002085647726020 1.3984633837853302
0.0003841194598929 0.4427337276957426
0.0005600730292550 0.1544024794713060
0.0006792172469553 0.0695007627858270
0.0007221061855414 0.0557354133756872
0.0007203140980336 0.0733370632686916
0.0007454160210998 0.1055167888520929
0.0008921589153118 0.1328956748523345
0.0012553785238080 0.1317867939711192
0.0018808563620204 0.1038894178713169
0.0027196856675035 0.0714479519646683
0.0036223416952752 0.0481272004155692
0.0043676449494797 0.0362411108202804
0.0047295469869194 0.0338618639295343
0.0045580639321250 0.0428251497216881
0.0038491497449907 0.0794711779372303
0.0027822154146540 0.1925963476654521
0.0016739698468788 0.5154701311781625
0.0008574436552394 1.3931929322483980
0.0005024228742085 3.5719103115444564
0.0011823196344886 7.5392735756465914
0.0032079955655909 3.5757099935092631
0.0069008519029976 1.4013207092120266
0.0135673836935751 0.5290881010428428
0.0228022803366895 0.2126238347850267
0.0328163110288336 0.1059594141033072
0.0414373263639168 0.0750251749788813
0.0469262044310259 0.0705297478587941
0.0485784512658059 0.0743979744276924
0.0467754763541831 0.0788804215812948
0.0425699749600650 0.0787390495679103
0.0370840895888761 0.0713056558038034
0.0310724852918575 0.0613185163557724
0.0249066589278612 0.0560439615428228
0.0188140312754318 0.0654969819613438
0.0130961293000861 0.1099264393206274
0.0081948051641426 0.2339600605021459
0.0045418969418876 0.5226490415267068
0.0022404120953341 1.0706040089543167
0.0009416132471703 1.6909402779289384
0.0004175525755855 1.0731095470848884
0.0002853477838438 0.5288999026658536
0.0002414268883467 0.2486303094926580
0.0002127165065549 0.1499338189855424
0.0001721911776654 0.1892196011495984
0.0001187295428247 0.4585724309877178
0.0000666545634316 1.4057659874051542
0.0000768731540570 2.2692764324696291
0.0000969481685652 4.7800369146217170
0.0001711698188393 2.2664361363886130
0.0002903665490210 0.8859033852753782
0.0004542132598025 0.3314537497659825
0.0006015744047572 0.1327918781779384
0.0006773284260538 0.0756842794943933
0.0006736335655378 0.0826895905471373
0.0006344165164945 0.1293369566826845
0.0006347040331492 0.1983548103617994
0.0007648384854480 0.2457462391688502
0.0011025819538303 0.2074308351091124
0.0016604911035998 0.1415341907475815
0.0023708942042769 0.0900176792006136
0.0030971751818616 0.0624333133840887
0.0036708272639638 0.0530858021979328
0.0039430871869587 0.0519760867649277
0.0038242507233129 0.0531562503938045
0.0033141746674352 0.0697339753047471
0.0025335780205462 0.1311170871906247
0.0017136580245799 0.2966149370118331
0.0011149044185755 0.6769839143339837
0.0009402881679651 1.3953258178859043
0.0018403473974393 2.2073758356286906
0.0046205029308784 1.4003505081585179
0.0096887172520513 0.6869957027071498
0.0177090044083492 0.3115316943926888
0.0282355376811039 0.1499778939798502
0.0395297912628480 0.0901531815496849
0.0493095388194803 0.0723870180141988
0.0556194377884400 0.0696097679121014
0.0574862404668195 0.0704550426295808
0.0551153648233049 0.0704335487322129
0.0495923549617352 0.0679745336310690
0.0422936760479271 0.0633709808825414
0.0343628953524264 0.0593460237190479
0.0265257759168010 0.0614770415576124
0.0191942651280933 0.0835308308777424
0.0126907243262695 0.1638016427712153
0.0074015195039920 0.4053358434303601
0.0037091499577536 1.0729414807403457
0.0016795745390448 2.7376765581906066
0.0005950246343077 5.7718415962903098
0.0001615629756209 2.7374926722843025
0.0001524631714380 1.0734884210125424
0.0001902242688139 0.4105647591239300
0.0002150565661870 0.1882455527672429
0.0002027777143463 0.1728976226655047
0.0001592808203877 0.3471728034100046
0.0001086538054721 0.8928204308358649
0.0001581681268115 0.8922760481332571
0.0001903991615896 1.4029143783140336
0.0003022017094499 0.8877615966722758
0.0004495043979096 0.4328922546949502
0.0005975231781126 0.1952848241069608
0.0006886426058998 0.1016539231970414
0.0006820295052049 0.0925761885234239
0.0005930791138958 0.1518411993607392
0.0004847823781464 0.2915197159855502
0.0004300170498876 0.5104123785247864
0.0005069720213060 0.6891386187054478
0.0007790860243967 0.5167394704482559
0.0012217080649196 0.3042686259277940
0.0017643903997288 0.1717108560966469
0.0022988289033576 0.1170675761543320
0.0027124702020970 0.1102007736397928
0.0029296598711266 0.1148671591057689
0.0029143588272482 0.0964969910953389
0.0026692720703748 0.0808524942683490
0.0022540412212983 0.0936649736593665
0.0018113044953358 0.1578757161084292
0.0015552688723407 0.2996281659718585
0.0017815753541074 0.5217153652068978
0.0031182931713048 0.7036124272322812
0.0064585548726164 0.5286496670250748
0.0124205947958925 0.3114941656867005
0.0213053337029495 0.1712934191200307
0.0324745887078675 0.1028196012328284
0.0442016652938526 0.0765373056240532
0.0542055633839287 0.0698893162015637
0.0604393616263525 0.0700626247635786
0.0617931327174891 0.0710037411120849
0.0584191701186993 0.0707532187137509
0.0515260501594783 0.0696532341478981
0.0427773066248736 0.0690775544104390
0.0336561211348888 0.0706759049026659
0.0251160556023313 0.0777075905443656
0.0175881289185758 0.1046391478165503
0.0112379133523441 0.2055594771617070
0.0062377996262573 0.5476718321980565
0.0028411533206461 1.6957376509697542
0.0012389719917571 5.7738250800010178
85.4225706259085200 21.6982437349630253
0.0001480058701687 5.7716940769678553
0.0001746854893839 1.6914612761466334
0.0002467011588811 0.5426730001501143
0.0002923251761185 0.2077421610915909
0.0002862857162855 0.1396827694638437
0.0002408023900049 0.2114489181242650
0.0001873271323604 0.4418835143786164
0.0002808634879740 0.3472301767573348
0.0003526905598050 0.4544346291562810
0.0005031554339696 0.3362904854740228
0.0006789212271845 0.1949856267038404
0.0008113812092960 0.1096784766417666
0.0008344811319904 0.0867458515831366
0.0007253671768060 0.1328432189394394
0.0005321054090325 0.2916956663063328
0.0003476421885329 0.6654676859772229
0.0002410824223116 1.3726508581592944
0.0002648962603222 2.1723579188480042
0.0004533294551278 1.3820263840726263
0.0007506978865840 0.6899034299872487
0.0011068278948106 0.3450286349404076
0.0014474722901597 0.2381463734178271
0.0017082649607674 0.2626318939446477
0.0018756280915274 0.3120535283454947
0.0019584389311686 0.2300209013093435
0.0019643721657992 0.1411001527447862
0.0019042344854364 0.0957943085255700
0.0018446712570340 0.0974891222770075
0.0019594641170877 0.1401930733519906
0.0025751260708718 0.2087844512518924
0.0042859608257458 0.2578256026426403
0.0079189676898289 0.2210485071123691
0.0141607451551810 0.1564313306653585
0.0231705164563191 0.1059606521046022
0.0342015271055988 0.0785904271076554
0.0455466777519621 0.0685077232936135
0.0549584026808517 0.0675100526421838
0.0603769159411435 0.0695683298709956
0.0606794552318122 0.0718696252827954
0.0560951096585950 0.0746773535022534
0.0480399740075093 0.0804738180232809
0.0384606097174039 0.0919050353485765
0.0290720013356732 0.1081178392285992
0.0208927038853947 0.1225801437337832
0.0142203422469833 0.1360021298411183
0.0089297038698449 0.1987366262505660
0.0049117620103526 0.4249120606161316
0.0022511097917756 1.0825806005786394
0.0009740788206582 2.7418309266935363
0.0004991367137655 5.7731242518698167
0.0003758703218273 2.7369817999790174
0.0004110267650602 1.0710418208751589
0.0004605171394664 0.4038886301622081
0.0004710385359961 0.1679622556141297
0.0004258933426738 0.1060624778599353
0.0003518375377499 0.1282676076667961
0.0002907279425042 0.2127135152002268
0.0003905139486668 0.1764343926425492
0.0005155129396103 0.1853575104628276
0.0007265609272305 0.1436783378815805
0.0009496696502023 0.0952313749957846
0.0010861395487050 0.0703617681911125
0.0010561477259323 0.0885082843299182
0.0008501104605396 0.1923038450152122
0.0005482446270572 0.5077260074906629
0.0002834545941456 1.3712333237754191
0.0001472059854452 3.5151501580079709
0.0001412089971987 7.4183328397159025
0.0002336087591239 3.5310098876222198
0.0003826780800408 1.4174724369706837
0.0005759222483052 0.6241060197086378
0.0007521569792292 0.4642852994594548
0.0008768385330967 0.6507567668511746
0.0009801243224280 0.9505841128186854
0.0011325488985117 0.5981450116273801
0.0013110723840288 0.2964817738374501
0.0015039862529994 0.1444550482147958
0.0017131477420958 0.0914652607312751
0.0020577606519296 0.0929334285633509
0.0028329400906381 0.1214729191801542
0.0045756713288646 0.1510396802305084
0.0080582201205444 0.1533700821756483
0.0139631678956569 0.1273083886919426
0.0224136157098136 0.0966143816152226
0.0326634312568019 0.0759742405571526
0.0430526383103204 0.0670356329446054
0.0513740648254949 0.0657520822251267
0.0556006086008831 0.0681959831329276
0.0546865454055517 0.0734558994624565
0.0490308823714150 0.0849100336913817
0.0402992384083324 0.1100996029340909
0.0306635196280125 0.1569999071960443
0.0218999544950022 0.2215737425890185
0.0149134661380696 0.2668131030589786
0.0098250917092219 0.2375887819522585
0.0062136877657665 0.2169414893903969
0.0036423017304317 0.2901862892357665
0.0020005166448294 0.5488283472004790
0.0012041956366390 1.0812817294638579
0.0009349978338619 1.6938317166245827
0.0009177115466150 1.0714744497833117
0.0009234468727103 0.5235423629138840
0.0008763511788472 0.2376519822600890
0.0007604031019046 0.1217203322507130
0.0006017345343630 0.0939614278132672
0.0004566062340210 0.1107354814321408
0.0003752336029287 0.1458785065595714
0.0004315770342625 0.2032824332651399
0.0006204686736039 0.1516416850514422
0.0009180520041405 0.1006309081031072
0.0012277241897407 0.0659578519497353
0.0014172444129925 0.0570405141814550
0.0013829063939299 0.0918189571438670
0.0011168144610279 0.2314140738662023
0.0007228112037183 0.6828474183371512
0.0003781737474891 2.1678964836320680
0.0002073271611746 7.4144758493555614
109.6919045063937119 27.8752759464300510
0.0001249190592877 7.4380772157677075
0.0001777766160880 2.2423442164259288
0.0002714554120908 0.8932574235842042
0.0003359015424060 0.8077109229297376
0.0003646246780259 1.5755892844655621
0.0004405706124745 3.1913580852986496
0.0005918034899122 1.5126177632682425
0.0008316212920035 0.5972790793161379
0.0011333669928346 0.2367990098800265
0.0014301863881511 0.1204756973610307
0.0017807360480852 0.1092126679893879
0.0024149089071275 0.1514422356763412
0.0037933420341984 0.2173692678498728
0.0066644017342149 0.2582197209944420
0.0117267568188384 0.2139766588050152
0.0191067360926460 0.1478309012190037
0.0281469345654231 0.0997251425608856
0.0372871992436114 0.0749649791593775
0.0443709814750699 0.0663296051517978
0.0474222680830610 0.0675171260880577
0.0455134623937198 0.0785731189076418
0.0392495862916611 0.1090765610847357
0.0305356667483584 0.1810163533637663
0.0216627394121184 0.3256409580245883
0.0142192692396380 0.5505739942560260
0.0087738200403607 0.7352887431453430
0.0054928328077032 0.5570599774875615
0.0036803439208851 0.3511975405245151
0.0026184578554797 0.2562636602652709
0.0020743382706296 0.2882683356218291
0.0019142778813826 0.4215948479220095
0.0019383360950938 0.5439198249732639
0.0019420638972348 0.4030576811936633
0.0018076344369853 0.2370010406715087
0.0015234183274483 0.1383095397270125
0.0011449370599554 0.1082306599675754
0.0007762603757769 0.1306374732070151
0.0005109414577614 0.1850843318626683
0.0003920867577948 0.2291194735728954
0.0003883796489948 0.4588219644668611
0.0006444976421949 0.2682509333786290
0.0010522027896742 0.1407774905945370
0.0014992704445028 0.0753798806225731
0.0018125795217152 0.0553125577598066
0.0018492179716199 0.0804244531904274
0.0015851364344978 0.1887560424607034
0.0011387725414298 0.5064870237316096
0.0007088577425271 1.3711273554898753
0.0004262043661024 3.5160923937511290
0.0002495102862640 7.4219739886820362
0.0001804519916756 3.5439253392320262
0.0002102097321640 1.4634472137382419
0.0002523121864928 0.7921528676159783
0.0002495222810503 1.1054730098071410
0.0002285202269462 3.2287068124650515
46.8257987010317009 11.9195529073122888
0.0003968722259472 3.1765918503357611
0.0006165857611728 0.9398746357727407
0.0009048445368212 0.3205727539023083
0.0011262130993865 0.1632951908064952
0.0013029207684408 0.1792393121634979
0.0015989598161604 0.3065299385274498
0.0023700994739575 0.5220010972368891
0.0043730134943538 0.6989280214474605
0.0083519430568256 0.5230850873777269
0.0143429693638577 0.3067146992143345
0.0219072645919178 0.1671736011254342
0.0296982512951503 0.0984113501268175
0.0356362603141760 0.0718231324858572
0.0377961240756954 0.0692719529694461
0.0353622259505184 0.0897156338791349
0.0291160276369325 0.1550006109384271
0.0211320634323981 0.3246059895811320
0.0137271184092068 0.7146559025207839
0.0081335552206099 1.4547464900544476
0.0042613408338539 2.2933047966587776
0.0023845703311959 1.4559991800117451
0.0019520169147602 0.7221103421273120
0.0020809774137172 0.3489827178775818
0.0025401387910104 0.2125300347232966
0.0030739886346886 0.1926687041774082
0.0034372656610474 0.1993736254100629
0.0034462018779679 0.1610013203133200
0.0030623012194648 0.1181836658091027
0.0023780357430850 0.1069775038162062
0.0015878836581494 0.1492074258080483
0.0009171803384316 0.2650819561131315
0.0004958398334555 0.4544566341376219
0.0003276485144209 0.6110467209978444
0.0003051959808154 1.2114282647388313
0.0006198950105277 0.5894200990312193
0.0011517043565179 0.2584126279046158
0.0017815265054463 0.1130306854558024
0.0022857062571609 0.0614890178645143
0.0024682357448579 0.0639559518041264
0.0022703976427022 0.1235221608507193
0.0018007021657753 0.2884184934692099
0.0012622902195092 0.6646980147888428
0.0008125494995849 1.3734744794673925
0.0005171491904877 2.1765656632527466
0.0004365123875355 1.3970554462588693
0.0004771020337177 0.7390662686102423
0.0005159803547411 0.4986343803962535
0.0005079878612490 0.6991718300213350
0.0004764088582113 1.5447532690769787
0.0005055724704126 3.1830134920481425
0.0006194439442830 1.5125172861303031
0.0007921038108361 0.6047983186689470
0.0009490885048034 0.2620188135644893
0.0009817435800499 0.1949931464644332
0.0009075352259328 0.3158627186935552
0.0008646000133775 0.6785624880599883
0.0010748639253453 1.3852083101530903
0.0023145855670397 2.1872679484128974
0.0051995977107051 1.3867718623023473
0.0096069852605538 0.6790885643612442
0.0155630827440859 0.3056011774918659
0.0220219677513968 0.1435414994950847
0.0269982990733503 0.0836122164258728
0.0286267584508227 0.0732464485325900
0.0261732374800677 0.1044342275818960
0.0204935665175274 0.2175950352589590
0.0136571469404343 0.5479987474692823
0.0079711845337593 1.4536261281946685
0.0044798865558951 3.7091352900845647
0.0021448299570400 7.8211878593214186
0.0010134013723378 3.7083796420540529
0.0012621971453512 1.4538613741957525
0.0021991815771165 0.5523237359737286
0.0035047865870488 0.2300760453906491
0.0047084207713900 0.1264345712606071
0.0054124995561521 0.0954145728035578
0.0053870161579124 0.0804652925512175
0.0046422838922995 0.0824093298714574
0.0034116915429355 0.1264398532591144
0.0020808944647311 0.2639613413997052
0.0010380590821291 0.5902185733803371
0.0004511016545811 1.2108500376443065
0.0002293953643485 1.9129461904548428
0.0002592220105380 3.0965934714007766
0.0006143917934019 1.2087237038752894
0.0012855097245098 0.4475998453143127
0.0021231109557976 0.1677371404635199
0.0028495427743266 0.0723483231357907
0.0032171974866899 0.0513096431663210
0.0031269896253920 0.0736930250888653
0.0026656983760158 0.1452158685934999
0.0020397784244600 0.2890844916445333
0.0014564186256171 0.5094233644511280
0.0010598112879169 0.6903548930025575
0.0009228901593099 0.5256226287531612
0.0009521154196001 0.3358568912672532
0.0010195357441865 0.2623660480770464
0.0010584427300631 0.3467931985043561
0.0010744845959504 0.6133038725089622
0.0011247476096110 0.9397020479982119
0.0012589291656060 0.5984180558992082
0.0013594368642847 0.3089956119695443
0.0013335339916494 0.1887545647857386
0.0011207060628696 0.2328213668212979
0.0007850311797811 0.5259260893937269
0.0004998281447130 1.3853246975481432
0.0004390779505844 3.5392371021779208
0.0012687966012052 7.4662542083579924
0.0030853797315331 3.5405189011313758
0.0058724885070453 1.3860567624451527
0.0103612726517470 0.5203104217338503
0.0156525187671366 0.2044378693354972
0.0198471297364421 0.0979547255225577
0.0212206523777077 0.0754921299629095
0.0191150782808462 0.1110338060339534
0.0143303673477603 0.2567465276307838
0.0086795380535005 0.7291538539231042
0.0042949741301721 2.2904406135832560
0.0021908995536303 7.8202964042823320
115.8546456472154773 29.4122502935227885
0.0008972110546893 7.8192337592623664
0.0015910905333692 2.2887975160616407
0.0031353471694374 0.7274756499993361
0.0051467466785266 0.2554359174812151
0.0069262088073470 0.1086444763286740
0.0079005463745301 0.0645130516936239
0.0077567977947824 0.0572071957696778
0.0065515151397175 0.0815203386079943
0.0046750714618152 0.1748790462155815
0.0027109911762425 0.4516449857706395
0.0012220079348674 1.2104250521164448
0.0004699657497767 3.0970932394245345
0.0001987801208970 6.5327088115201910
0.0003536518147653 6.5323255489061554
0.0007510436752790 1.9102353801033656
0.0015613767406678 0.6018781658214153
0.0025865173038704 0.2031961279702374
0.0035036335221498 0.0777328145298656
0.0040304585201681 0.0426084797027377
0.0040369372195946 0.0445802372879685
0.0035919255052235 0.0716185543531816
0.0029047212369095 0.1236224977059590
0.0022195139518488 0.1925232565297484
0.0017286769403311 0.2390304329144887
0.0015173084182639 0.2038412921494825
0.0015332062639087 0.1511441620861652
0.0016615365433298 0.1293793234030454
0.0018141842538810 0.1579911633128256
0.0019625765347549 0.2343063348665546
0.0021191039206342 0.3029639627702949
0.0022519515793966 0.2296744222820621
0.0022575985127706 0.1514999209274198
0.0020356687218267 0.1384336882550522
0.0015748891018915 0.2533650569595470
0.0009968760615541 0.6955322262384455
0.0005223463026627 2.1846550883761662
0.0003176731027619 7.4647577558957448
110.5576787142583584 28.0747506656180157
0.0017111045909942 7.4656690758321220
0.0034404093810058 2.1855920623821374
0.0069443714052544 0.6939247495298019
0.0113132925414066 0.2421814375478208
0.0148247598717125 0.1030225948502746
0.0160444416996913 0.0703986411342897
0.0144315107202065 0.0961607407645662
0.0106651245582498 0.2094878103306485
0.0062667743018420 0.5419230688465738
0.0028615460062339 1.4497352357227076
0.0012073474904093 3.7067115083120221
0.0008941344236738 7.8192594255088306
0.0015401159471717 3.7054555290711835
0.0028683838319934 1.4474969518533309
0.0050155013816329 0.5389672875408446
0.0076027507482656 0.2054841384277904
0.0098190778479015 0.0888576935622097
0.0109282385474584 0.0520620700100211
0.0105614786503456 0.0504338592497812
0.0088367040183092 0.0854095642194530
0.0062966124730330 0.2093466051400737
0.0036900858394152 0.6060453112673408
0.0017273898282520 1.9126609467851767
0.0007713073114749 6.5334354468719509
96.6950733952283343 24.5618520043825903
0.0005758446364060 3.0976799714389069
0.0011104345159280 1.2088617512364666
0.0020393224191987 0.4468936064065136
0.0031818863925129 0.1655840011354952
0.0042032482400487 0.0662516617168385
0.0048000624633136 0.0344962400358819
0.0048318777421990 0.0300424327306375
0.0043619423627590 0.0402731813870096
0.0036037028853376 0.0613254908353689
0.0028219423983184 0.0878278452383426
0.0022382315710032 0.1063325959468658
0.0019671135820249 0.1015608477668643
0.0019944729145200 0.0847657892914268
0.0022259315017513 0.0733610329198133
0.0025557688309037 0.0772764675791646
0.0029029987401291 0.0949355522305705
0.0032072861474790 0.1086485805854642
0.0033852048419929 0.0927907808403244
0.0033217598645793 0.0776563003009200
0.0029397439755196 0.0961354796290701
0.0022786860827449 0.1984441070897233
0.0015129097094770 0.5136357293826586
0.0008783308892091 1.3806854030007376
0.0005174347477726 3.5368150947933819
0.0005893527642721 7.4639403686964849
0.0012355936906529 3.5373955686255791
0.0027183182143573 1.3816483642820878
0.0055378206340722 0.5142465937088846
0.0090107718196978 0.1963993376354793
0.0118100745656825 0.0871879655894775
0.0127975706602736 0.0584903027180607
0.0115846955507492 0.0729901415484071
0.0087257209054558 0.1403637951716770
0.0054069629366097 0.3150089113522181
0.0028174550612984 0.7098390508903524
0.0014757381017129 1.4523915999098103
0.0014346886854036 2.2905840728749136
0.0026621232920077 1.4491483182684277
0.0047913526002189 0.7046900630588788
0.0076680756441133 0.3098065391860774
0.0107949025141850 0.1356359422530865
0.0132970861093831 0.0666765220487672
0.0143829708218304 0.0436992985617298
0.0136970262105975 0.0450872303032042
0.0114379815689811 0.0753618482133245
0.0082727236213586 0.1730606964845393
0.0050852221855046 0.4526089253789800
0.0026425464967092 1.2128310296002811
0.0012364865247627 3.0997975989617292
0.0005738642888972 6.5348044352043146
0.0009350042604745 1.2142081658147386
0.0015977089921310 0.5891051302921210
0.0026313507557671 0.2559674891574436
0.0038219195264348 0.1077792883091526
0.0048395076907406 0.0483363572273182
0.0053905036729702 0.0277292350403000
0.0053459320068148 0.0249682702331098
0.0047779519413094 0.0330480820470466
0.0039108302947845 0.0504863281428654
0.0030246724696594 0.0754871910932329
0.0023584068577139 0.1004827281430653
0.0020497402985523 0.1104303008731512
0.0021173822291882 0.0952886815389127
0.0024828436046236 0.0726192895815524
0.0030248277853667 0.0569224036594590
0.0036102795540358 0.0508496413173770
0.0041054993614869 0.0485835864285448
0.0043765000879471 0.0437767808886429
0.0043037091862907 0.0437409218510401
0.0038413407914857 0.0625594753886497
0.0030692101605697 0.1265179735042004
0.0021874512546931 0.2924718724034026
0.0014335327428586 0.6695717961943758
0.0009675781405255 1.3799455188609295
0.0009851127069168 2.1820279726183642
0.0017032691676046 1.3800083332688844
0.0031650263028316 0.6698883677420087
0.0054632502655817 0.2933142190408556
0.0081155013590855 0.1278535159008510
0.0101588535763759 0.0641014278664687
0.0107790246820889 0.0467926261609911
0.0097524749710421 0.0563192434447283
0.0075363988992074 0.0942201202448030
0.0050140679684424 0.1771648266131762
0.0030553225555758 0.3304597172628113
0.0021600201799479 0.5568370278014921
0.0025699420469949 0.7363649948792804
0.0043625215748888 0.5456733746180965
0.0072455910299075 0.3131446039242754
0.0108216661627994 0.1614071610025249
0.0143882653184290 0.0837465088991864
0.0170126164026811 0.0496345485484163
0.0179245199938359 0.0378015252269522
0.0168385887454883 0.0398595884982616
0.0140505796598509 0.0598088520222624
0.0103201262718890 0.1182954957908706
0.0065928287764532 0.2653714206131287
0.0036409557690584 0.5968752236432187
0.0017637235171377 1.2189318004936611
0.0008812814995301 1.9191463098211170
0.0014394951444590 0.4649267013033292
0.0021320832002334 0.2649786512250688
0.0031990671302639 0.1330091876231477
0.0043569635106423 0.0643971429661018
0.0052751704222241 0.0340410660891771
0.0056831300237833 0.0242884621112714
0.0054763129332552 0.0275125393296939
0.0047487057009663 0.0436824286735774
0.0037454810042566 0.0777826374937796
0.0027613733082499 0.1349213691572795
0.0020372334280445 0.2072549926685359
0.0017162410281901 0.2522835205021377
0.0018379322601515 0.2059974039846404
0.0023316734048998 0.1344301453277741
0.0030685576227696 0.0800935467228061
0.0038806489806889 0.0493046503827999
0.0045743445185875 0.0345256660877364
0.0049703730989378 0.0283142235050387
0.0049488038046206 0.0293546980599869
0.0044961921370016 0.0416534958925202
0.0037266163027555 0.0754338522842280
0.0028543707455409 0.1503431830715310
0.0021198796530573 0.2940684622722917
0.0017183750598482 0.5124084393761115
0.0018335123576714 0.6886092732612371
0.0026158212926732 0.5108861429184524
0.0040254465847146 0.2916286822466762
0.0059199896752545 0.1483531526121889
0.0078503869769642 0.0758465989160157
0.0091458961640539 0.0466119590484821
0.0093009766399940 0.0422784970043985
0.0082589813181086 0.0560658050633752
0.0064320053037046 0.0884193760336275
0.0044963885913726 0.1404850173364586
0.0031202568835021 0.2055461850018368
0.0027868931881553 0.2637512087945186
0.0037871799746429 0.2875209769304268
0.0061978003325424 0.2258923184978086
0.0097702980242617 0.1461092800685639
0.0139344313645037 0.0878863320727076
0.0178102887530707 0.0552374106979469
0.0204180367792540 0.0400006902666317
0.0210377580476520 0.0347890032031402
0.0194859284195473 0.0368391209546880
0.0161753371551815 0.0490186726341697
0.0119561015674400 0.0811089631863278
0.0078081796539406 0.1514193804872813
0.0044997580504922 0.2833340836363727
0.0023704960784376 0.4776775629218656
0.0014082003168792 0.6282325350464484
0.0018092417905612 0.2157992496450676
0.0025112220821309 0.1354286680497799
0.0035583353688201 0.0758769983491453
0.0046316141322533 0.0418799767026053
0.0054023949893551 0.0267804149469756
0.0056242871286995 0.0252563757894550
0.0052230746511595 0.0379618605168289
0.0043255141183849 0.0742771712455399
0.0032079752345218 0.1552416349491289
0.0021769488191963 0.3107030388322022
0.0014454796933870 0.5461086134171826
0.0011315977726268 0.7356576144305816
0.0013011517023237 0.5457296946502945
0.0018692800552313 0.3105408754267187
0.0027189198717540 0.1559765322439184
0.0036816104968323 0.0762058477503317
0.0045240245456900 0.0407163211404887
0.0050298782635626 0.0277138681950132
0.0050792949508611 0.0268938443352613
0.0046899580620519 0.0353231100363329
0.0040103429887803 0.0540603265608618
0.0032700736053386 0.0863533286398688
0.0027065945794518 0.1357928836506505
0.0025057466230296 0.1980682038563900
0.0027988548859391 0.2365259398792113
0.0036328405001377 0.1917328360951408
0.0049095269918737 0.1244850564708256
0.0063845933767130 0.0739507653514594
0.0076480125345481 0.0470129720183016
0.0082439076054058 0.0398974115699308
0.0079102502408917 0.0508321766250616
0.0067358903276992 0.0834940561480362
0.0051226070923648 0.1437308357836135
0.0036058445273724 0.2260978876045771
0.0027119345734709 0.2896294316665507
0.0029004998673161 0.2660199560848239
0.0044671478884577 0.2076789822650709
0.0074879877255428 0.1432614781339400
0.0116849520002400 0.0923326413894213
0.0163454878566609 0.0603715066245743
0.0204447771538877 0.0436540245606314
0.0229550801453150 0.0363838753905948
0.0232084043456041 0.0346252979816889
0.0211402393022770 0.0376634085715025
0.0173074724086449 0.0483342131293880
0.0126769426614313 0.0727454179905654
0.0082729220369597 0.1181141968499241
0.0048390321573557 0.1855212757270692
0.0026830833308406 0.2553889026204289
0.0017572057041654 0.2781742542935818
0.0018174643967038 0.1984234472911308
0.0025532823634846 0.1175204511441238
0.0035749806858714 0.0647820382609644
0.0045623027796530 0.0367391448555479
0.0051952787684557 0.0261771814882138
0.0052507921403377 0.0304267779326510
0.0046877540587278 0.0564120183643406
0.0036718044250946 0.1292268302666359
0.0025143593576822 0.3095403151721510
0.0015308432496148 0.7146469980820455
0.0008786824626268 1.4753191850535383
0.0006059223818796 2.3330151443541376
0.0007806948728120 1.4750016010134190
0.0013205183046275 0.7143031999772687
0.0021527465640287 0.3096560956951588
0.0031412555352255 0.1304254809102011
0.0040295409129544 0.0594808475241919
0.0045743920140604 0.0363628351543625
0.0046575396914823 0.0357334229836191
0.0043256693658483 0.0481481082361995
0.0037599251392941 0.0681894502080172
0.0032052264869197 0.0875310523579919
0.0028883789374218 0.0972209799220814
0.0029487014261909 0.1027274436547457
0.0034371245426610 0.1010535251326825
0.0043145944012070 0.0825235572484908
0.0054221976239835 0.0592281687787031
0.0064896857634762 0.0421876046556830
0.0071759002933602 0.0361362446088878
0.0071878313238125 0.0451086539702207
0.0064410573638960 0.0790055228781218
0.0051375582404096 0.1588100117201135
0.0036752638274229 0.3146197473613688
0.0024594298164580 0.5525462848628541
0.0018921055925615 0.7475508938753201
0.0024508745226892 0.5658834561922186
0.0044071219868193 0.3365262586715528
0.0078713090548652 0.1816866956528694
0.0125618597759782 0.0981976514528430
0.0176318824854507 0.0587612589521727
0.0219033032681087 0.0422516292210603
0.0242784246065814 0.0366882556286966
0.0241291867960202 0.0370522645966223
0.0215192565666631 0.0436985474672470
0.0171777759454684 0.0618998196211248
0.0122237761485190 0.1012472060380519
0.0077399943348102 0.1711532446936670
0.0044051293795125 0.2651343624207554
0.0024184495894185 0.3325463679425300
0.0016607422838429 0.2895368107386040
0.0014915493893549 0.3672504608902498
0.0022641777630223 0.1859705398218681
0.0032636457911509 0.0894836472421017
0.0041875608051693 0.0453476599712603
0.0047255327112791 0.0306535591398645
0.0046753082604074 0.0379232315267032
0.0040275725038269 0.0787479464302835
0.0029808235904705 0.2014422297234187
0.0018655030248470 0.5455893058472716
0.0010067666713983 1.4760531289092376
0.0005265540447873 3.7823449882471665
0.0003446076305637 7.9793116531448005
0.0004577387850909 3.7815831368968120
0.0008558950659158 1.4749176821347318
0.0015626468147468 0.5449502344815024
0.0024603938962303 0.2028581218597928
0.0032756843987939 0.0848520477983109
0.0037598014260852 0.0531597543193102
0.0038060123565119 0.0614301625947757
0.0034884040848552 0.0960712882353344
0.0030106661974677 0.1464901170102876
0.0026236467991857 0.1818783416643618
0.0025401408573751 0.1564641761429308
0.0028428860444025 0.1136730421718481
0.0034983383540740 0.0793017611242698
0.0043936028304709 0.0553432358837451
0.0053347235236040 0.0403298081643328
0.0060670507298178 0.0337192399868406
0.0063274811161407 0.0376592448274011
0.0059443657982630 0.0618080788562421
0.0049535605762546 0.1325304567744084
0.0036315541880153 0.3108555585675215
0.0023668801821285 0.7138966711894402
0.0014288008701608 1.4721098905857266
0.0010904206755547 2.3282560590267254
0.0018170685021859 1.4769943284193001
0.0038569829080237 0.7224469095469829
0.0074815234221834 0.3212299230863839
0.0124620223654268 0.1433876350205121
0.0178096748306952 0.0722024486086840
0.0221798934994024 0.0463830403480842
0.0243859761136156 0.0392200469630254
0.0238274363232933 0.0418981725558597
0.0206972807586889 0.0565763714006456
0.0159136439162884 0.0959978276183199
0.0107721985411440 0.1860462755933173
0.0064142409827901 0.3622222338650281
0.0033822756617699 0.6314553994551395
0.0016872559093679 0.8501195667850426
0.0011867769263000 0.6368348933664592
0.0010644269262067 0.8136740123951317
0.0018182977100746 0.3530679871474174
0.0027766471795676 0.1474530106642235
0.0036489949976663 0.0648278377736481
0.0041300757177595 0.0381137688649369
0.0040370206073210 0.0441276826586445
0.0033877115690416 0.0930767374085427
0.0023958594112386 0.2500565233061997
0.0013751753870470 0.7388163604989867
0.0006415659614530 2.3370653651447628
0.0003004267115289 7.9820312432439273
118.0993528440398137 30.0025425792996465
0.0002512305035090 7.9797455387008007
0.0005175479365566 2.3332878027018973
0.0010808354001641 0.7355361954501414
0.0018240983608464 0.2510083632692336
0.0024751972968027 0.1046508469197259
0.0028148117934340 0.0784326543228994
0.0027667915426445 0.1174052202843247
0.0024313741209579 0.2199033952669468
0.0020111279322974 0.3825312521819069
0.0017384488680637 0.5156219569815442
0.0018199502064142 0.3863735138126537
0.0022756144328099 0.2263332336617052
0.0030099509127394 0.1221091783814985
0.0038719152895357 0.0691481495955490
0.0046606150967796 0.0468107105058437
0.0051581482267934 0.0409980696068790
0.0051746580345822 0.0489174505500377
0.0046210148153876 0.0865276470890863
0.0035953816439692 0.2050556494166094
0.0023938246930415 0.5449411692022174
0.0013940787805127 1.4698502414966790
0.0007874462700516 3.7658734450347597
0.0006985964042073 7.9460439766750106
0.0013981272375165 3.7679155941803875
0.0032038733030908 1.4736310716448029
0.0067631275035081 0.5499725916791142
0.0118348799765526 0.2105912158477632
0.0172696579022018 0.0914464864498324
0.0216044809276008 0.0521011835271133
0.0235864609307650 0.0424262745097147
0.0226440554737816 0.0485950912433305
0.0190870400959519 0.0768990042983999
0.0140055184479047 0.1566986708225324
0.0088580351595117 0.3581264468580277
0.0048442143302727 0.8151925747859023
0.0023212529325074 1.6765116506485649
0.0009766504384021 2.6487989732695483
0.0006750641405617 1.6766422361409041
0.0007327010249831 1.6712191971078474
0.0014173550322646 0.6164985616348563
0.0023166152475712 0.2266964414157676
0.0031258234042356 0.0888727179034676
0.0035532170431880 0.0459877750980660
0.0034443380294738 0.0466470675733007
0.0028436838880919 0.0883550784423908
0.0019648789276249 0.2140985542578829
0.0010934100161843 0.5599717446014367
0.0004740681488995 1.4886405921326555
0.0001796121027657 3.7912112214329947
0.0000920515489571 7.9845904949471418
0.0001572966392543 3.7843707741477615
0.0003753000435281 1.4765811775398008
0.0008075369195306 0.5473452818540673
0.0013536809043182 0.2097591611657263
0.0017952382550589 0.1058519892645389
0.0019558692664252 0.1134038157779195
0.0018042361735560 0.2237827659352160
0.0014636800400052 0.5004795946294419
0.0011062481899485 1.0281928382125747
0.0009028051895557 1.6252709004974597
0.0010667180820917 1.0312495853088381
0.0015400283527630 0.5067029237513573
0.0022209206187762 0.2320316349216680
0.0029698683178212 0.1166902083229585
0.0036032965690627 0.0778367295250832
0.0039503558938746 0.0692108075756580
0.0038831991255158 0.0730720127223548
0.0033592806812674 0.1112495675442244
0.0024806343833020 0.2570668313258696
0.0014947672534719 0.7366307073973996
0.0007391007121039 2.3246131338202778
0.0003840245030822 7.9449187576428111
117.6349527907833874 29.8765194819063531
0.0012345573841009 7.9456726119566072
0.0028093101974301 2.3256279328377110
0.0062372511972336 0.7368275980715835
0.0112362979385236 0.2541903465357226
0.0165202578315978 0.1019033122553951
0.0206290676696354 0.0547395816003546
0.0223186518674584 0.0443984251776426
0.0210657464430382 0.0550383171732808
0.0172611202597780 0.1000763071369508
0.0120891347405747 0.2359415607784996
0.0070743754692107 0.6224733025748985
0.0035019071744377 1.6742769169162079
0.0016160480105745 4.2864964390368341
0.0006348045105961 9.0429999134900232
0.0003911176114892 4.2853284328539258
0.0006359002366321 2.6419766680940286
0.0012495268522206 0.8306198564002861
0.0020735548400881 0.2781377407798964
0.0027747460396827 0.1031675159929640
0.0031000212518197 0.0520453190369290
0.0029439677052064 0.0506143189254387
0.0023855627306484 0.0845245636131582
0.0016309996183934 0.1697825686361811
0.0009177319221876 0.3571874291697023
0.0004195904452701 0.7550294375098782
0.0001705744279982 1.5022548544022047
0.0001069837535939 2.3481143480793811
0.0001869819426215 1.4824143065220445
0.0003840045451845 0.7180725708344440
0.0007033871123078 0.3140360256697885
0.0010652339148346 0.1429329713604477
0.0013082624665668 0.0991905142349514
0.0013130771355998 0.1564938838866484
0.0010909061557781 0.3853941287547274
0.0007803761379061 1.0288251062260294
0.0005384511050105 2.6316564027885430
0.0004439085409256 5.5507592489572275
0.0005588641992376 2.6369314545700564
0.0008958691895785 1.0421320218578505
0.0014111960868385 0.4119410127838933
0.0019767241439521 0.2007640414915146
0.0024395432324189 0.1520231398463463
0.0026840206944458 0.1492845759177195
0.0026326827982018 0.1312217416844675
0.0022668325691286 0.1355183524079135
0.0016551577912463 0.2295996436955785
0.0009727355386290 0.5555508100909973
0.0004528011028097 1.4735522684615199
0.0002247612791479 3.7663472173274406
0.0004513534894684 7.9449520575252883
0.0012776027517626 3.7659690189758832
0.0029789424042690 1.4712627416132407
0.0063045581045124 0.5475759937960339
0.0109832618859832 0.2083933976521067
0.0158659089386481 0.0895621326719406
0.0195534123143911 0.0508936073533103
0.0209078829408967 0.0434172411727850
0.0194835440641873 0.0572152530044831
0.0156950621750557 0.1120655368122433
0.0106959558687282 0.2862240888129998
0.0059144991669216 0.8362017675047949
0.0027124921282729 2.6451059361719600
0.0012664062448419 9.0423224341032746
133.9003089487036391 34.0050843552276874
0.0003669894533868 9.0409636183636302
0.0009582257841315 1.6698223115824520
0.0015164584837753 0.6160813519841494
0.0021930361602147 0.2280487934206058
0.0026955736853789 0.0935432904830277
0.0028218938497513 0.0567544050569175
0.0025384806480140 0.0663166849768926
0.0019695924529203 0.1110028114059435
0.0013103443733885 0.1911708619626337
0.0007370702403727 0.3001712302521320
0.0003568816980183 0.4268861785269322
0.0001803791901063 0.6174012056929207
0.0001605098951850 0.7722407542519985
0.0002576051133385 0.5619607495538644
0.0004407944315442 0.3171642755886150
0.0006820147698478 0.1610572321741358
0.0009062693823486 0.0903678819118172
0.0010044354532430 0.0890347351892782
0.0009116336967479 0.1828541475873119
0.0006627824946108 0.5166132834938857
0.0003808328934747 1.6260099385856963
0.0002212671648092 5.5509062027366962
82.0952937727360279 20.8616174161748482
0.0002299964518733 5.5609003025552077
0.0004152492900176 1.6543729601601207
0.0007582441820986 0.5831501030191878
0.0011233299548060 0.3207511445675745
0.0014118697051004 0.3292312785620788
0.0015718136684098 0.3906760758167857
0.0015697536600185 0.2950144743226558
0.0013995586858187 0.2027907368629255
0.0010892574233536 0.1980303889720799
0.0007270811124229 0.3374160302023875
0.0004499394076361 0.7224987159721614
0.0003524703041101 1.4725756674528860
0.0006369375431386 2.3245914220499584
0.0016056293263380 1.4708786020618807
0.0035127016068204 0.7152063055670760
0.0067130355535853 0.3143322851049010
0.0109396589119858 0.1376499112502352
0.0152214178694335 0.0677931676168437
0.0183554024833632 0.0435922760362311
0.0193957741747816 0.0398400402399431
0.0179960223880985 0.0524799464483891
0.0145372263119377 0.0981989304619449
0.0100270128929976 0.2343511171241608
0.0057429597473863 0.6210009668343426
0.0027838934260589 1.6727647490230904
0.0013593316949691 4.2848080188620861
0.0007653487216533 9.0411360293985013
0.0006722897319309 4.2834889040255710
0.0018090789271676 0.8086494069195138
0.0022873638556287 0.3508943473061539
0.0027280352730991 0.1501118551841109
0.0029103296691730 0.0765895634299169
0.0027217607130923 0.0684999223227422
0.0022192127520992 0.1101678483099366
0.0015781239405113 0.2106453725293269
0.0009771558148969 0.3733609851372000
0.0005204016992294 0.5248174104582900
0.0002598389355901 0.4615686739553194
0.0001757388516176 0.3856826854324545
0.0002116858903591 0.3338847684350215
0.0003309476739473 0.2379205465990208
0.0005025842448322 0.1443121959761717
0.0006857649058207 0.0829141873327350
0.0008168450920813 0.0576918957866703
0.0008290141687200 0.0715104694165120
0.0006976701792212 0.1510299935725406
0.0004681232619160 0.3881643913263288
0.0002377709737208 1.0338938940316735
0.0001008666129409 2.6372369132934734
0.0000569525301899 5.5584975397305252
0.0000811868448749 2.6535657994646407
0.0001814429049348 1.0858446859799107
0.0003578903295759 0.5279541257139547
0.0005354543913839 0.4893054223973196
0.0006684890337661 0.7810447110584491
0.0007476476549154 1.1780190693374801
0.0007969242500082 0.7485281958694736
0.0007891765662048 0.3837352582756276
0.0007341287447151 0.2191418686747304
0.0006451833597876 0.2104696702239194
0.0005859171852235 0.3292804395083365
0.0006573077522305 0.5508204896762977
0.0010610307775924 0.7365624470079720
0.0021097416941032 0.5484260307820523
0.0040539469583365 0.3160923294572912
0.0070153437994559 0.1634356108935484
0.0106751533221271 0.0847435102224025
0.0142421310490551 0.0500889034672752
0.0167779374391646 0.0376836391050640
0.0175719232880048 0.0367408545874846
0.0163901704401067 0.0458084573828054
0.0135516177679944 0.0748303867042682
0.0098393779357350 0.1544974094904391
0.0062524017846034 0.3554125604539532
0.0036118507936451 0.8116080682179582
0.0021101096474251 1.6717076773855786
0.0014649461125432 2.6428195065441482
0.0014609597423726 1.6703418665711272
0.0033242317077643 0.3510577167717607
0.0035749324093472 0.1773037060026602
0.0036378388153275 0.0919039933539466
0.0033728519681594 0.0673505261518022
0.0027753638108332 0.0957365035564331
0.0019913421516872 0.2027241761701058
0.0012403515593283 0.4568374485062591
0.0006763331495355 0.9390944239515158
0.0003051220458741 1.4885215961459961
0.0001488654934743 0.9703032117826077
0.0001512613281054 0.5154964907013608
0.0002372846944824 0.2734596788691670
0.0003770701715600 0.1491320409393743
0.0005375027964326 0.0829862145515610
0.0006759023456445 0.0506717949351622
0.0007452128550833 0.0426505369448441
0.0007116957466405 0.0587670180282692
0.0005773080907903 0.1117889889855587
0.0003882914005990 0.2388472226230959
0.0002166089268256 0.5182027408780535
0.0001153036322240 1.0438961089297711
0.0000851880016050 1.6422961669103906
0.0001053689502207 1.0636279167827474
0.0001470489647813 0.5935675401537389
0.0001979990044612 0.4812269219199524
0.0002336596839058 0.8162804632944124
0.0002633904476060 1.9081147869940385
0.0003141981638688 3.9693427737158995
0.0003643969811911 1.8851504014842060
0.0004453001465451 0.7473736540192633
0.0005613344957453 0.3026732215498275
0.0006669878997905 0.1658977138061865
0.0007792853374262 0.1622682828481513
0.0009891564154846 0.2155406090009239
0.0014784572255976 0.2585518393754735
0.0025036387300581 0.2166556044433818
0.0042757245854019 0.1488125568337028
0.0068149389605293 0.0937160755925494
0.0098008340944394 0.0598468025353923
0.0126118478498146 0.0433122766535903
0.0145640600984488 0.0381068722379739
0.0151795433248465 0.0395486602531147
0.0143459836326864 0.0455437665654002
0.0123288105755077 0.0595304389120845
0.0096695699500199 0.0962040578077609
0.0070278360817570 0.1827489669084019
0.0049549628390682 0.3547217777191635
0.0036622953782885 0.6188621953919998
0.0030798851741734 0.8325362496860512
0.0030763135342474 0.6171729386305744
0.0054023052644725 0.1485604983613222
0.0052318725068088 0.0885462134967693
0.0047680188925677 0.0604596239846463
0.0039718726971919 0.0685025267992009
0.0029377000467077 0.1367894160910315
0.0018695849544461 0.3485190496797063
0.0010018040975372 0.9303464837953096
0.0004800323863687 2.3762254619057841
0.0001862143673934 5.0085031297189824
0.0000799080336263 2.3860734069417213
0.0001300145618252 0.9480320353578751
0.0002438732071448 0.3685891034861088
0.0003918009253201 0.1508742510604311
0.0005355966169240 0.0701655620600758
0.0006347275783513 0.0439698101744713
0.0006590011553317 0.0451918343134446
0.0006000060262615 0.0670017201157714
0.0004764008481685 0.1096075039262086
0.0003301095861679 0.1756832722657750
0.0002113000723280 0.2743302832889585
0.0001526793344682 0.4220696117610173
0.0001544367035268 0.5460785896379008
0.0001881843842235 0.4290582778191963
0.0002143962676179 0.3372132147870068
0.0002093670645981 0.4682746481857367
0.0001684310041498 1.2027738310641274
0.0001383406017567 3.9743019663811605
58.5235734940818517 14.8765047120631380
0.0002079464041670 3.9607653508773839
0.0003327698074375 1.1650320239917613
0.0005378749880363 0.3803732755382566
0.0007394403429085 0.1533494009164003
0.0009314865471626 0.0998118460471666
0.0011805975812451 0.1050803814450112
0.0016328217298254 0.1224737140306661
0.0024905414192060 0.1246616516813035
0.0039201670721981 0.1125625145156490
0.0059126399350794 0.0883721772860304
0.0081855630415509 0.0657958205488975
0.0102629899893979 0.0535374297370194
0.0116721177886851 0.0527139799228571
0.0121415621838090 0.0593496848633392
0.0116881551916086 0.0657976379881781
0.0105635194796842 0.0663986425798843
0.0091159734135728 0.0727095342171193
0.0076872160613578 0.0990766449953201
0.0065465584358484 0.1547421657093508
0.0058214638959254 0.2316088685109285
0.0054912514587862 0.2810946632596125
0.0054208491398526 0.2289536535385108
0.0076155606999133 0.0678803133276161
0.0069044214132779 0.0501926579191302
0.0058449203629324 0.0476575898215079
0.0045261290409835 0.0731635829451301
0.0031201990367285 0.1676801438951559
0.0018391558436253 0.4705611610036721
0.0008745138718684 1.4692127752524038
0.0003827616158169 5.0033654554360876
73.9513315621573213 18.7930634124173324
0.0000666700798442 5.0042200996859858
0.0001286231845153 1.4701635871154288
0.0002502372466606 0.4703994142506054
0.0003905421978276 0.1660393066505967
0.0005073211979008 0.0723409501459139
0.0005651114346023 0.0530279978737382
0.0005498982164272 0.0715134757959191
0.0004730120789156 0.1206984625954330
0.0003632221593161 0.1929898814919790
0.0002569438020247 0.2552709606273735
0.0001910037220171 0.2555367543650403
0.0001865239907901 0.2460343156834914
0.0002382594703560 0.2370180461674528
0.0003124276956269 0.1983255697572738
0.0003611238495182 0.1950353658497046
0.0003531121764069 0.3200760880882504
0.0002938246929975 0.7552590037369423
0.0002262826016055 1.8854169344720861
0.0002041099088726 3.9598850424349927
0.0002643323314347 1.8783410161051359
0.0004153042499990 0.7366625441543111
0.0006235936385791 0.2802754857089730
0.0008236049115741 0.1198053376981146
0.0009893721741450 0.0772688393140940
0.0011624766405362 0.0862048553444131
0.0014534369987317 0.1221727972268078
0.0020227457372135 0.1686720471068544
0.0030224955995182 0.1962927945679776
0.0044451587668271 0.1627295265588899
0.0060443836712682 0.1174710011317140
0.0074582461323503 0.0936652347300059
0.0083763033056593 0.0987228336407812
0.0086942187008201 0.1242873734366205
0.0085542523912537 0.1438223740153017
0.0082403394917712 0.1213806295147437
0.0079939922623235 0.0909766641999486
0.0079010613429299 0.0759842069807761
0.0079379305817590 0.0805124313606528
0.0080299138686929 0.0965178205156253
0.0080817024269450 0.1060224123860698
0.0079818312942165 0.0916299229654462
0.0094565506733331 0.0399170005473521
0.0081729117104152 0.0386235684901948
0.0065456424612600 0.0474797244386424
0.0048020409790959 0.0765600619449370
0.0031619101613211 0.1541664361842527
0.0018044310713943 0.3652964826913253
0.0008499410472503 0.9411793023769405
0.0003394403505611 2.3794438697201814
0.0001247152188555 5.0037673727298388
0.0000938190743484 2.3733215059552566
0.0001656015641991 0.9284966168248459
0.0002781524689611 0.3470461344385228
0.0003950587637714 0.1361383829390204
0.0004726727314390 0.0718469221269762
0.0004837381820446 0.0766094108009993
0.0004304091344451 0.1379647259842093
0.0003393177880061 0.2714110981204284
0.0002427202908833 0.4789531932603563
0.0001689816212963 0.6518787671809201
0.0001504857251116 0.5018757199401889
0.0002030365401310 0.3153911226556432
0.0003201609630913 0.1944361860214703
0.0004636142559075 0.1301919562975308
0.0005722380088577 0.1191701957312654
0.0006013470607751 0.1814754795548749
0.0005528658817326 0.3679382189078286
0.0004713595514946 0.7380665203592995
0.0004203601602085 1.1603628208975010
0.0004777995896000 0.7347622775400183
0.0006126664320805 0.3594046825269425
0.0007745012709986 0.1638396574844820
0.0009013926220209 0.0871341405005253
0.0009619262975488 0.0793156643116577
0.0009848450578889 0.1251000897801707
0.0010565513723498 0.2317789374028536
0.0013068311366323 0.3978307556533893
0.0018935956566313 0.5339123217744844
0.0028210523052054 0.4062223040325774
0.0038439200091845 0.2579724734285360
0.0046998243156285 0.1897414060233168
0.0052009125467859 0.2130419068529513
0.0053529813926353 0.3093059345788758
0.0053956424352832 0.3975935701636097
0.0056913493259779 0.2959583625128038
0.0064467147155645 0.1752746112515641
0.0075893172110923 0.0998827687702351
0.0088298350727106 0.0657914813435432
0.0098285688307020 0.0548278273164857
0.0103309307526764 0.0512139847107523
0.0102096938243995 0.0457597016713505
0.0105576326060510 0.0359926552676853
0.0087208434332089 0.0457389452849646
0.0066168914259066 0.0667162962772867
0.0046010928149412 0.1022392419840536
0.0029037514067945 0.1575245764696609
0.0016285692807470 0.2584951807871946
0.0007894893358953 0.4912041694606890
0.0003380398501191 0.9492674635972145
0.0001607013092390 1.4744534051029505
0.0001593660501630 0.9307941453145512
0.0002344648043087 0.4520571914350392
0.0003330676622286 0.1999566737059990
0.0004166375392029 0.0952959127591795
0.0004474606608763 0.0735594705413778
0.0004105685476944 0.1196044475478692
0.0003232895676136 0.2697665136223804
0.0002235615506897 0.6190610201191338
0.0001414343896841 1.2782760555536665
0.0000925933634542 2.0232129134097270
0.0001092882601488 1.2864849557253293
0.0002089485865679 0.6344165240587583
0.0003961115611325 0.2892112971736993
0.0006281351607657 0.1384609494995611
0.0008236287817833 0.0884409614309395
0.0009184251258966 0.0994720426228251
0.0009044451431946 0.1643032173401179
0.0008301985958603 0.2762744667547672
0.0007716604972096 0.3689795805605787
0.0007883688779256 0.2753487697085572
0.0008669217242326 0.1610886333469801
0.0009470650254095 0.0914381645486255
0.0009657932927982 0.0715847623203712
0.0008955173132889 0.1058828509359216
0.0007658599082832 0.2270096554754788
0.0006544180929048 0.5125647838192520
0.0006581849057161 1.0533364135689558
0.0009304177104964 1.6671230297321322
0.0014882057197177 1.0732572661328286
0.0020561190848044 0.5719321973056228
0.0024920329146904 0.3785407485674421
0.0026929126874212 0.4614726043212911
0.0026980536240381 0.8056539816947562
0.0027789258009985 1.2330199463439040
0.0034765807222635 0.7791140093929261
0.0048989610652141 0.3819839029467834
0.0069843845245656 0.1732893713995408
0.0092374790683538 0.0831282428896977
0.0110362819890224 0.0488124136803140
0.0119239063534495 0.0370677293614396
0.0117289173165122 0.0338010727339874
0.0108139972662723 0.0478397963599798
0.0084611218554329 0.0768969264881223
0.0060044493451837 0.1301867350380696
0.0038898374686132 0.2048929499449437
0.0023061132678617 0.2692802356835733
0.0012570242740129 0.2765716480744734
0.0006397011120855 0.3062847720591481
0.0003301473585859 0.4011414337590911
0.0002272937389686 0.4887292276908135
0.0002482138640848 0.3542536887035903
0.0003227308794964 0.2008928130068270
0.0004034521702051 0.1050216294790193
0.0004513013120391 0.0663168948822079
0.0004378342331144 0.0804912236754045
0.0003607065395764 0.1775818490351463
0.0002479801648301 0.4718401042131938
0.0001445582422590 1.2756918141223679
0.0000806178428723 3.2702333257133778
0.0000573946976072 6.8997050366164085
0.0000940148474949 3.2730342728670592
0.0002242185833546 1.2808437838072153
0.0004802798863316 0.4782751785448143
0.0008020027702641 0.1836644669701246
0.0010836322291616 0.0840480813324692
0.0012427655480512 0.0619731009534572
0.0012621574553584 0.0767049946569230
0.0011912811447108 0.1090314324030584
0.0011102328641097 0.1320276534473421
0.0010776570322182 0.1109725072437186
0.0010867887571670 0.0781710801572537
0.0010822626659769 0.0594764649220010
0.0010053222282670 0.0722451851065320
0.0008340541896931 0.1503925172198929
0.0006035869600803 0.3906128263078129
0.0003954397479793 1.0500862728563998
0.0002996722460700 2.6887945303994218
0.0004256447927803 5.6746915000939460
0.0006725082049775 2.7196970490532872
0.0009001888073106 1.1477278617059843
0.0010815833197129 0.6669177256027236
0.0011305878681622 0.9075790949884136
0.0011082632417149 2.0226036626359831
0.0013398224572611 4.1815107345814297
0.0021232200440319 1.9816967896901585
0.0038125956844445 0.7768645438609506
0.0065038888015227 0.2931961229347315
0.0094497566465657 0.1166629757157391
0.0117823316230022 0.0557774666621859
0.0128557061470081 0.0371967031354357
0.0124564282828302 0.0361133893750206
0.0103955915946162 0.0771894062123362
0.0075798290613001 0.1505406087622335
0.0049166835274238 0.2952355572772694
0.0028703013456303 0.5181790408181171
0.0015088394817140 0.7048015954618253
0.0007641550045755 0.5474459036283710
0.0004219231739395 0.3618820099791145
0.0002858890692279 0.2611834308763130
0.0002708071035663 0.2136921157482488
0.0003246930668037 0.1506631543541531
0.0004027223912154 0.0927872955402478
0.0004668194195301 0.0574564378820206
0.0004851993944849 0.0502119619470742
0.0004404582119431 0.0844494865275511
0.0003398554775884 0.2155413324724752
0.0002148165013383 0.6359337811852300
0.0001109156521246 2.0173964598978897
0.0000625162310451 6.8980311847768316
102.0762950933094828 25.9332470623163829
0.0001502378799439 6.8986417118793533
0.0003027378209691 2.0184355422818578
0.0006137260580871 0.6371029427642265
0.0009984208774287 0.2165149386001074
0.0013269888341756 0.0847642960231896
0.0015076255379958 0.0480397266189337
0.0015222908215748 0.0465971608252129
0.0014260284961797 0.0586289263270620
0.0013044410064593 0.0697430717022705
0.0012204176262298 0.0679384136012094
0.0011760630122541 0.0579227290200905
0.0011232590962451 0.0541389170192473
0.0010057801341219 0.0784932501700027
0.0008004977036602 0.1821997351997797
0.0005386906083789 0.5249602735030987
0.0002989736160358 1.6584152562665599
0.0001821804086421 5.6666705769212733
83.7890205013161591 21.2997788821610570
0.0002375819282694 5.7032547975310255
0.0003086096277723 1.7796606478716210
0.0003956824452689 0.9001325791699044
0.0003821350809031 1.3870292326013927
0.0003635426372127 4.2205435676793552
61.6498428998169459 15.6759295459760253
0.0017225306060109 4.1718898558281428
0.0035100748797034 1.2240691769728596
0.0065750666122889 0.3916625059152040
0.0098591194546437 0.1398971061046326
0.0123747873840632 0.0620466831738845
0.0133535225040127 0.0415720763699496
0.0125719631286756 0.0467577342516301
0.0096692581412299 0.1282652189483392
0.0064663696182049 0.2942571473209455
0.0037445389305402 0.6714853457505382
0.0019218574313571 1.3828835822963959
0.0008186672208508 2.1878709786070476
0.0003368503732322 1.3935189559420988
0.0002265676545356 0.6942762324970306
0.0002253252311196 0.3290244957474069
0.0002825971748633 0.1676562503598907
0.0003674458557966 0.0922362606588989
0.0004494183576544 0.0544443944507190
0.0005005717876392 0.0386803770056075
0.0005005504956359 0.0422244350025160
0.0004432303199790 0.0754503272677331
0.0003416713059933 0.1793420909398133
0.0002261099824790 0.4747370408907925
0.0001349070327931 1.2775758071843488
0.0000959898851476 3.2704732744180003
0.0001482330675722 6.8981274986963372
0.0002816450634771 3.2695551661360422
0.0004962147857483 1.2755560127570358
0.0008412478170767 0.4715834597821642
0.0012340597321608 0.1757665974634427
0.0015396116369150 0.0735052613662091
0.0016678167627157 0.0449188487931078
0.0016151345298436 0.0476490874924273
0.0014521078211871 0.0659338594531903
0.0012738212587034 0.0884380835390029
0.0011486293041350 0.0994796453786100
0.0010865794580712 0.0878491191434283
0.0010437475936199 0.0733581527233749
0.0009615391195037 0.0826034078060203
0.0008051980214295 0.1561846512439187
0.0005896497842476 0.3930991417536673
0.0003801264285328 1.0507053605148298
0.0002469011583191 2.6885829480883636
0.0001760779233717 5.6742503213997884
0.0001557086254286 2.7193812828839810
0.0002003854210013 1.1478007594985311
0.0002540924362303 0.6675470257802562
0.0002552483588983 0.9087710714542613
0.0002708970409987 2.0241283449073384
0.0008144654579565 4.1830185252087402
0.0021122107667771 1.9829242071663242
0.0042572507053857 0.7776953623296761
0.0074098874316699 0.2937181507876485
0.0107168004916357 0.1173197486763840
0.0130894278946915 0.0580886967777347
0.0137129401964417 0.0457791608795022
0.0124039695160699 0.0637640157837797
0.0090645679591271 0.1944203999829509
0.0055494718323926 0.5132723570862002
0.0028262284521810 1.3809872986795197
0.0013275388220049 3.5357569091131573
0.0004893803967254 7.4591471349548533
0.0001279880097012 3.5389066004133602
0.0001216840050270 1.3873508513669204
0.0001817494271154 0.5220357302347468
0.0002756408134818 0.2031103278593393
0.0003744483387464 0.0880118513990392
0.0004524158090618 0.0479713845984745
0.0004905580821646 0.0386482777071118
0.0004809112115163 0.0461451230362901
0.0004280449847879 0.0706768528065446
0.0003485338296528 0.1305712468794905
0.0002673787769367 0.2806304788108631
0.0002123142232767 0.6253471081239892
0.0002056999193767 1.2791323418649883
0.0002936456300879 2.0184291912935062
0.0005026967819371 1.2756958220600645
0.0007970150130298 0.6177794057282822
0.0011609009403179 0.2684586483459344
0.0015056098668705 0.1156422765427112
0.0017100372236443 0.0600896323737740
0.0017095735465688 0.0532502423284098
0.0015324730831898 0.0787145557597256
0.0012737421341658 0.1330840418910562
0.0010368561643672 0.2053994848864374
0.0008896813493227 0.2517046731337664
0.0008457188036056 0.2070964349889574
0.0008636289435756 0.1408648497834215
0.0008833472813739 0.1037600671400956
0.0008532988539928 0.1220359026048031
0.0007545693831856 0.2330485745138740
0.0006170673333676 0.5134110908032795
0.0004865981998069 1.0521840385613253
0.0003827860434974 1.6657656085425503
0.0003501391636210 1.0726885392713064
0.0003705972579915 0.5728578833304165
0.0004137153605848 0.3814608536397718
0.0004769423783581 0.4663766437270212
0.0006628734813303 0.8116163868076359
0.0013679796828063 1.2384678839271372
0.0030015202883991 0.7829567181767844
0.0055217959928849 0.3838599113449286
0.0087640394354117 0.1733067641913642
0.0119362148367292 0.0820280969461556
0.0139840862465649 0.0495201230393760
0.0141388791070517 0.0489313582794212
0.0122910305592276 0.0830323771951552
0.0089313911669384 0.2365717367980529
0.0052066488367399 0.6902293658745193
0.0024445725579037 2.1820990330855126
0.0011248190743477 7.4573438087771908
110.3900887270370248 28.0392819236974162
0.0000729096367713 7.4576817380572002
0.0000935845044099 2.1827555717839298
0.0001687199474601 0.6909965445773234
0.0002672721832908 0.2377009599445566
0.0003570564827699 0.0963414612801166
0.0004161396633784 0.0582044745272855
0.0004351119538991 0.0598293645457082
0.0004182338195128 0.0785668508084515
0.0003798124507896 0.1006760549901990
0.0003402643483501 0.1217755837198406
0.0003207580849350 0.1721974615020088
0.0003408018226127 0.2892345852657972
0.0004202822161618 0.4813797007491623
0.0005905825804035 0.6391737529892317
0.0008661011474987 0.4722855491400716
0.0012052170524815 0.2682429555886420
0.0015455062219762 0.1358103867495604
0.0017853424745048 0.0719574328425446
0.0018285123372347 0.0558485474529416
0.0016522347988444 0.0803298741414092
0.0013278975275063 0.1576252082490276
0.0009779594930814 0.3137585672370386
0.0007020428123628 0.5524915022950332
0.0005511428749180 0.7454806689128795
0.0005467773365402 0.5540376794592938
0.0006468921713330 0.3190361595057143
0.0008027118538863 0.1721861347872557
0.0009521861154686 0.1161282565242284
0.0010295277488142 0.1358216183748010
0.0010113926449253 0.2305564491087371
0.0009210665580636 0.3930247792117139
0.0008015775770754 0.5299858759661921
0.0007087452245436 0.4055342566736974
0.0006682969507428 0.2622509609137471
0.0006894888372624 0.2004395578852969
0.0008188647939402 0.2302156548984616
0.0012082052177477 0.3297457338520479
0.0021897449861134 0.4152675778211983
0.0040784023427684 0.3072213340172452
0.0068621006624205 0.1792106032752973
0.0101659136066576 0.0965034011640518
0.0131729385527713 0.0556237273898369
0.0149052983014001 0.0416923418947210
0.0146805775494001 0.0492605629040586
0.0124608183171941 0.0931761723865158
0.0093508565186523 0.1942575225968821
0.0056288656721249 0.5132928814938522
0.0027997799011335 1.3807817678235503
0.0012601637334552 3.5348162772548042
0.0004417831117734 7.4567218589910071
0.0001268405121885 3.5341153098921381
0.0001398297951826 1.3797408228361574
0.0002012114295586 0.5129815578938758
0.0002759581417990 0.1979617150943442
0.0003327348687830 0.0974226183355949
0.0003555253544356 0.0863820033645417
0.0003461618292225 0.1231862059792801
0.0003192188028926 0.1856592286234885
0.0002959409293007 0.2318848250639821
0.0003017660626622 0.2050079509730233
0.0003589596859132 0.1689528631480288
0.0004824662259115 0.1668480770771910
0.0006803491726170 0.1988869082147779
0.0009569738012659 0.2231091652230530
0.0012969776770770 0.1772623962649160
0.0016474205901984 0.1138133887843665
0.0019235620560315 0.0684122476921245
0.0020262554162437 0.0501948135390550
0.0018912457512802 0.0645210062283915
0.0015408123298145 0.1328130950919881
0.0010897422468412 0.3136532570165327
0.0006863043677012 0.7244398072420243
0.0004132659486164 1.4971330486051566
0.0002807897911558 2.3687674197680497
0.0003086598976587 1.4980980510401469
0.0004749544508037 0.7273816051186160
0.0007649505164815 0.3210335435672686
0.0011140574890194 0.1494178809095537
0.0013995253160034 0.0981160662850590
0.0015326265725251 0.1093423071489908
0.0014993041096537 0.1514138914899827
0.0013469371378943 0.1848451786557707
0.0011532762643424 0.1620676975790931
0.0009930667661710 0.1317688811299399
0.0009315498264894 0.1276320897186612
0.0010647814332454 0.1538488249124120
0.0015750118739588 0.1906852220786149
0.0027524337286294 0.1989070572266986
0.0048368533296199 0.1541732687263289
0.0077720654591177 0.1003685444089751
0.0111014179177087 0.0621675782890482
0.0140059413193234 0.0420315684100827
0.0155787466722778 0.0361027634835766
0.0152139017091099 0.0447955531312258
0.0129120331996524 0.0819460235055839
0.0100447884186646 0.1281907073246867
0.0064623613462936 0.2946475009129153
0.0035602799966576 0.6714219291485606
0.0017073508395735 1.3809003408555833
0.0006846663348488 2.1815393260872797
0.0003133395796360 1.3796034355773172
0.0002699181846976 0.6700495639803651
0.0002893826654094 0.2964860381589159
0.0003148687920668 0.1415543969800501
0.0003173036407810 0.1060816219919541
0.0002903859487959 0.1526775129109383
0.0002471457919241 0.2836427985870594
0.0002070601240712 0.4942785797504420
0.0001924429389555 0.6677342442315589
0.0002351882851080 0.5020633027144984
0.0003595682296856 0.3002642497739715
0.0005814093378789 0.1765583469228550
0.0008944741363241 0.1222408756901101
0.0012705127444974 0.0990165048753242
0.0016633808792265 0.0754567880190290
0.0020032909234629 0.0530481126175133
0.0022028921113024 0.0397870726062699
0.0021804936163588 0.0434969216091511
0.0019034215513855 0.0813365797189407
0.0014282354155018 0.2036159428420277
0.0008966083961842 0.5520947172666544
0.0004778801993924 1.4970720840548639
0.0002496020459192 3.8400952700454036
0.0001583766176771 8.1038022130291889
0.0001988710327313 3.8405736777794153
0.0004021808043627 1.4984448056237816
0.0008198616559576 0.5553294660652263
0.0013639045279237 0.2104487710655114
0.0018487110220602 0.0942680302204676
0.0021228085066783 0.0647455623178949
0.0021286380759846 0.0680475190345806
0.0019082754225974 0.0791619633799436
0.0015670947100465 0.0868364186945686
0.0012290053697952 0.1057467416453114
0.0010139777628961 0.1510648362860208
0.0010531919714991 0.2195653195799115
0.0015467442847235 0.2692129969425727
0.0027670363211257 0.2312805059541679
0.0049004353626822 0.1586494763725182
0.0078685703439660 0.0969615071829741
0.0112045571540812 0.0585706780539938
0.0141069460888137 0.0394127924818191
0.0157169878896327 0.0332564878573272
0.0154743939187945 0.0383471139295438
0.0133801308096446 0.0619098737180573
0.0105609878417964 0.0780219157344577
0.0072495518634450 0.1526367040769848
0.0043713484486373 0.2969562348726402
0.0023491429495328 0.5158701861010588
0.0011757457469998 0.6916396723513283
0.0006636583232149 0.5132527121992506
0.0004928690097949 0.2947575326211597
0.0004302720549109 0.1577864207599791
0.0003838580209180 0.1069756345906907
0.0003198682512334 0.1384103210036810
0.0002398213820250 0.2869514234529258
0.0001654811027985 0.6478086946746404
0.0001149085244168 1.3341769309486171
0.0001045391904507 2.1103082938366717
0.0001674483710268 1.3370847878875760
0.0003275422460356 0.6533211739803265
0.0006114388731110 0.2927054031398392
0.0010029329047960 0.1356025048741206
0.0014432646491763 0.0726572766957194
0.0018590817933787 0.0458407984390780
0.0021729819300069 0.0336374475334877
0.0023103262939409 0.0311799754360864
0.0022138485776859 0.0433959914133462
0.0018733995881491 0.0926360111769111
0.0013575256083837 0.2500676613671224
0.0008053169467726 0.7451968004664378
0.0003959122936995 2.3687712345157257
0.0002111902786461 8.1038384457556436
119.9606524002756771 30.4727882395625969
0.0002667527568409 8.1039581728650951
0.0005124188256924 2.3690842777291983
0.0010429615959673 0.7459042784104991
0.0017466160105681 0.2515827049961171
0.0023762529131653 0.0957445649192184
0.0027345939729819 0.0494467739224173
0.0027283616691384 0.0422969128847319
0.0023946864311929 0.0537449485537240
0.0018672595641741 0.0853029229944936
0.0013207901495908 0.1576024568721551
0.0009192104647928 0.3012299119975743
0.0007969474942001 0.5225609687589133
0.0011569946366512 0.7028279904697743
0.0022724560734369 0.5264078767450212
0.0042750464016517 0.3049631319612661
0.0071273086648603 0.1577346670837108
0.0104165684251209 0.0808173399311228
0.0133666525413535 0.0462473700940010
0.0151395470879651 0.0335436199020126
0.0151892783667837 0.0331766498985800
0.0134911049596893 0.0449501704053645
0.0104925548176964 0.0516213511813163
0.0075642280900119 0.0848506873536379
0.0048779066136837 0.1397361380339310
0.0028747221190478 0.2074115436576477
0.0016413391336554 0.2467145534113326
0.0010145708713193 0.1999305030089548
0.0007293275787464 0.1323790687393572
0.0005806669372573 0.0903279080114254
0.0004637283226660 0.0967214635642635
0.0003403378038876 0.1916868989551213
0.0002156889700828 0.4956153992302695
0.0001176539694526 1.3341805110481515
0.0000654016027441 3.4185793411853838
0.0000638444743287 7.2127717769056954
0.0001268541548434 3.4197416043764455
0.0002837991240397 1.3362289929860816
0.0005857760888119 0.4972925806459214
0.0010012788150210 0.1891346917443770
0.0014481207156190 0.0809907594295541
0.0018411119440550 0.0450939165555801
0.0021112314351403 0.0353666398181974
0.0022096516633641 0.0361550981408732
0.0021062351439611 0.0468637285916818
0.0018006740030250 0.0860153670978911
0.0013483064458449 0.2072357462496294
0.0008654241808389 0.5543175452736050
0.0004980218966345 1.4982653674142985
0.0003197960285333 3.8406760262383006
0.0003301132192243 8.1040220872671931
0.0005043673906319 3.8404135202670346
0.0008657739800890 1.4974849298208857
0.0015000764187914 0.5525078692490591
0.0022891541055103 0.2037109414505651
0.0029757692545233 0.0804902237142894
0.0033326016714875 0.0410667745823589
0.0032499552048314 0.0368801648416425
0.0027667636438052 0.0590189076562449
0.0020444983077410 0.1260587732180894
0.0013056491716284 0.2941898994790726
0.0007507221717147 0.6739855331381640
0.0004836905280118 1.3885588773753585
0.0006919701208090 2.1950128136019025
0.0016113918359750 1.3905213177512836
0.0032987140679560 0.6769784502801990
0.0058589019708444 0.2973525989805504
0.0089830884743556 0.1289868300420074
0.0119224516720312 0.0614015193870581
0.0138465672567337 0.0368760524470917
0.0142075714079757 0.0308237828451937
0.0129473131697913 0.0354382683694712
0.0096305607289538 0.0471984885503337
0.0071245584366717 0.0711649169543352
0.0047565370340356 0.1036244385847228
0.0029404498644299 0.1313786919759864
0.0017904137598855 0.1327806823214331
0.0011715866326638 0.1062334963777074
0.0008585740947509 0.0760985819654315
0.0006758479035874 0.0641039587113289
0.0005256088484719 0.0940830431800301
0.0003722762273553 0.2273053017221535
0.0002233426180108 0.6650782978641870
0.0001113686027733 2.1089896189331903
0.0000605526781017 7.2122742177034169
106.7350384693216654 27.1163238327038059
0.0001289555554980 7.2130357501335887
0.0002633304016539 2.1106392223582793
0.0005485100593856 0.6677060928137735
0.0009321109864107 0.2305226839586161
0.0013180087079511 0.0962288206003513
0.0016315603649771 0.0609401412621404
0.0018313416647035 0.0592798961905863
0.0019051758495899 0.0645757075453857
0.0018513918316452 0.0660911545451337
0.0016713780688823 0.0810704822406777
0.0013888638069929 0.1441203099817052
0.0010679847382251 0.3199967350069953
0.0008006017092021 0.7275712708320440
0.0006456190659127 1.4985182253124942
0.0006684015104530 2.3692109268964341
0.0009388807231046 1.4976349400462463
0.0014375432807676 0.7249645502872628
0.0021502536554158 0.3137614923781522
0.0029475194595929 0.1311740096081998
0.0035908798880823 0.0582493689165407
0.0038639481049006 0.0343998844536475
0.0036628066986260 0.0380110779474911
0.0030311963571129 0.0750121132019413
0.0021481215815580 0.1893168484253668
0.0012664407260380 0.5118748600559523
0.0006217490855626 1.3854996245988760
0.0003095080970336 3.5516404383068818
0.0004478327036522 7.4938614905678191
0.0010991758340561 3.5532035038932244
0.0023213828091793 1.3884528488630461
0.0044690397919427 0.5160905243785973
0.0072957020584069 0.1945527178180666
0.0100735544881732 0.0805735799616342
0.0120072693055431 0.0420140964510095
0.0125598008185185 0.0316130746651349
0.0116486200356161 0.0342800654438365
0.0080492956589442 0.0673792940831149
0.0059513002832317 0.1115888863764638
0.0039689894233109 0.1701221799490025
0.0024599784647697 0.2095590354965373
0.0015329839241999 0.1774632553063620
0.0010563807118556 0.1209899008862034
0.0008210887880839 0.0767715041940017
0.0006792980870274 0.0592097780217645
0.0005509457125126 0.0816590044231440
0.0004090935589809 0.1852559522904336
0.0002662452159267 0.4933173941444725
0.0001555553428865 1.3336387703969859
0.0001005448038579 3.4185789278299401
0.0001163019027857 7.2127169645715394
0.0001912698722116 3.4194710586351884
0.0003292539838103 1.3362211290658292
0.0005702714820489 0.4994579796366731
0.0008620862500694 0.1983698571913342
0.0011205111592332 0.1070183697011133
0.0012988894721159 0.1020383883172733
0.0013988612993972 0.1332163173279900
0.0014483714225036 0.1589635571270928
0.0014730153783411 0.1356191532828862
0.0014775586738885 0.1070206680872557
0.0014527914436911 0.1105656597945044
0.0013964492164752 0.1727187698914033
0.0013331997567329 0.3203446383911839
0.0013093014158009 0.5549433023456544
0.0014036296505372 0.7460289547082318
0.0017148410377888 0.5530242173039358
0.0022345769476251 0.3144088648143935
0.0029081509678807 0.1575639644387084
0.0035961767874546 0.0765053829284994
0.0040987895026540 0.0407407659807644
0.0042386380762241 0.0299026194395060
0.0039272140713993 0.0392501913843617
0.0032038509353018 0.0849979445556422
0.0022406259509460 0.2310862175284762
0.0012866794800137 0.6891470589937552
0.0006002016494226 2.1902390024316793
0.0002847142521832 7.4924742283552188
110.9151673209634339 28.1741448855114776
0.0006801725149247 7.4943832684197753
0.0015069213178152 2.1941022317066432
0.0032623139942070 0.6949503597717575
0.0056981796744817 0.2383682620798419
0.0081338987253747 0.0928031524187424
0.0098756299820939 0.0466230525955022
0.0104345921281939 0.0359199539714096
0.0097235384508279 0.0432083427095608
0.0060693029046285 0.1252494521116727
0.0043656640404307 0.2421289578389391
0.0028010465102880 0.4210753688589751
0.0016434754382494 0.5658992579238654
0.0010090635876400 0.4221723882048917
0.0007508177296030 0.2432324465156908
0.0006548905394871 0.1265808823295793
0.0006044795441162 0.0726955596825396
0.0005410364078292 0.0690787269055727
0.0004471294711639 0.1235163670715200
0.0003383025358442 0.2823608372891466
0.0002474018971008 0.6473403448200645
0.0002018983882694 1.3347138312720364
0.0002337526366799 2.1102244743675405
0.0003505625941914 1.3356979285696675
0.0005097640567703 0.6513138758882199
0.0006933726725842 0.2943129240820199
0.0008507490532300 0.1537575953922864
0.0009305174735691 0.1370390444015087
0.0009369973982724 0.2074011806272305
0.0009200230953599 0.3440907142350594
0.0009374797435857 0.4596546728268270
0.0010401960526283 0.3442165156179250
0.0012403780243175 0.2060091949833729
0.0015147163910184 0.1271486439242225
0.0017996036190023 0.1109563653638987
0.0020384192687268 0.1448999873104093
0.0022277163550120 0.2083651689275899
0.0024243131438502 0.2514670216180088
0.0027054326426866 0.2050778582977600
0.0031036989997814 0.1337769050376442
0.0035810698110729 0.0795446949457907
0.0040352822535623 0.0485911494769344
0.0043298788612996 0.0339804589318115
0.0043369513237266 0.0298953283899396
0.0039787788435238 0.0385039413124570
0.0032710514997654 0.0757188141407277
0.0023466398622292 0.1893306705715494
0.0014266446906070 0.5114160457245872
0.0007387245207763 1.3849161866522850
0.0003693752423994 3.5512611992649905
0.0002478759680793 7.4941318593559991
0.0004274101876553 3.5548675276683865
0.0010738786940065 1.3923994829535475
0.0024474115513466 0.5226389433569885
0.0043667385905143 0.2027498296383430
0.0063078316855079 0.0886935641299355
0.0076898750153437 0.0505514170676261
0.0081028073665574 0.0456735606464699
0.0074722519287022 0.0668251024667395
0.0041075313025309 0.2426369309015136
0.0028100258441830 0.5475188361966231
0.0016887808551808 1.1239564889227869
0.0008626148205824 1.7748748472481080
0.0004925236542599 1.1231748274533955
0.0004310201622586 0.5455812973781274
0.0004571881925305 0.2394407524962433
0.0004969815791729 0.1078802613354921
0.0005086734556345 0.0668603070343297
0.0004800129977065 0.0803408779630622
0.0004275503411735 0.1472417283106601
0.0003859068218522 0.2857733603866670
0.0003926582475289 0.4973797865905685
0.0004806279119147 0.6680261651849057
0.0006450290378295 0.4972289050170100
0.0008187910036595 0.2897570107788215
0.0009354350615459 0.1661603197295354
0.0009375656799845 0.1379839910169067
0.0008178075589234 0.2158669530637606
0.0006463779688355 0.4527508384256108
0.0005184383870253 0.9192237467418595
0.0004973001014032 1.4501042022664798
0.0006625354889715 0.9186876767819417
0.0010207182673082 0.4501918179133928
0.0015722270750544 0.2063380405593025
0.0022044790128380 0.1077656441852198
0.0027683176788171 0.0822967911131531
0.0031766508591162 0.0877665070534081
0.0034350010982153 0.0948855442536354
0.0036093131074783 0.0837770143143904
0.0037630238421081 0.0659972457829163
0.0039206587507786 0.0533446059777539
0.0040627434068095 0.0479311899984530
0.0041336219468522 0.0453339823366718
0.0040538551451019 0.0417497753967426
0.0037458155762251 0.0427610203824863
0.0031838003274596 0.0617534597498444
0.0024334510949526 0.1256348883222236
0.0016485920971153 0.2922662730338831
0.0010042246893726 0.6717659842329197
0.0005802391462753 1.3869231447336257
0.0003701827823750 2.1953481529308760
0.0004567379250673 1.3954622306411872
0.0009321972109074 0.6900430979349701
0.0019037181218229 0.3204281713938154
0.0032685970651169 0.1588572417174644
0.0046557722677485 0.0898023852514448
0.0056196459520520 0.0625586340089884
0.0058378652341076 0.0653742883887413
0.0052537473564188 0.1110436732688574
0.0024849617126821 0.4244784349908920
0.0015819830831171 1.1256490435422839
0.0009233775792051 2.8746834283609406
0.0004380727665624 6.0609775987049161
0.0002025631108306 2.8730798865243896
0.0002233592280448 1.1217422063869413
0.0003053037942389 0.4166860842958646
0.0003975708873675 0.1598209861213027
0.0004631897555551 0.0763780310717239
0.0004912412964625 0.0634889462424877
0.0004996379835646 0.0872041532678176
0.0005269145765544 0.1364420458167052
0.0006164620184937 0.1979395532294590
0.0007933657398334 0.2347585418821129
0.0010282473927060 0.1918800132076317
0.0012295861629930 0.1330394761999700
0.0012920087180398 0.1075435760703072
0.0011530629452621 0.1529508003102339
0.0008471909394933 0.3506089084074102
0.0005087221862164 0.9207150988503203
0.0002968047894920 2.3491266710878467
0.0002720310763766 4.9532885426106716
0.0004482337726347 2.3486953774132466
0.0008931121953735 0.9189077138062792
0.0016623718478750 0.3447022079417372
0.0025774322958907 0.1365022732959741
0.0034028561002157 0.0676023512574813
0.0039621669343551 0.0493316278082117
0.0041998928839787 0.0471469592773201
0.0041723635897467 0.0484378126918512
0.0039912416333501 0.0544160223169435
0.0037710396555542 0.0683995606936332
0.0035908607543673 0.0873835397891984
0.0034722917842403 0.0979372107817684
0.0033733180734885 0.0857903742376639
0.0032082540054518 0.0672048794901122
0.0029043368522542 0.0607527383916799
0.0024481517963318 0.0818827303796375
0.0019023297158051 0.1506628431384061
0.0013751613941254 0.2939674092191600
0.0009502537051350 0.5165546092184152
0.0006715189835866 0.7013706987946360
0.0006158797130173 0.5375096654141749
0.0008548933917832 0.3412553560409800
0.0014371253283065 0.2284651609464455
0.0022964293246413 0.1774183893393154
0.0031871057366943 0.1333265768875537
0.0037897861954357 0.1003351349724103
0.0038639120576582 0.1006030149045926
0.0033635042048713 0.1740866024012233
0.0013365482946265 0.5771448478905976
0.0007241021538549 1.7800717093675582
0.0003865366406175 6.0628792088385302
89.6836662128836650 22.7841409504398698
0.0000820285999182 6.0604394726572339
0.0001228158065797 1.7735603262316124
0.0002172974605770 0.5622191283640376
0.0003220177060562 0.1977225363650873
0.0004053713571497 0.0911575663478375
0.0004603544275121 0.0729086113725991
0.0005090540769155 0.0882179442330072
0.0005969344036198 0.1106247634765385
0.0007740818523259 0.1203319807829424
0.0010588213467844 0.1149313506712754
0.0014015716479735 0.0930453314677086
0.0016779647756624 0.0744233463114337
0.0017450055940889 0.0839016937677484
0.0015294094924324 0.1671756547178304
0.0010931240038107 0.4626101030247980
0.0006163866998818 1.4510319749880496
0.0003375996856491 4.9535957151495209
73.3035831683315706 18.6213795284839954
0.0004453787639482 4.9535965247478106
0.0009318468724850 1.4504201870131299
0.0018523727631538 0.4598727258110705
0.0029407058170664 0.1592798988935631
0.0039061513843561 0.0656649836941681
0.0044998277490149 0.0392321421168353
0.0046136299050740 0.0378784047053472
0.0043059300010243 0.0516871621904437
0.0037545214054829 0.0843245147613803
0.0031740428451924 0.1422408675762263
0.0027273245936402 0.2183085497682017
0.0024845559308582 0.2670173324457971
0.0024244466862224 0.2180089659718016
0.0024522625422248 0.1428392026163955
0.0024612458528170 0.0893898118497497
0.0023687619939662 0.0693915490452322
0.0021396480773295 0.0829422789267379
0.0018009125329672 0.1293586185047190
0.0014167905319356 0.1997148314831263
0.0010610405281848 0.2571216300371759
0.0008203370080245 0.2490770105117490
0.0007786059372425 0.2494191370272478
0.0009887381186230 0.3015810859194289
0.0014335733260076 0.3637288523128281
0.0019501040993263 0.2952776765343370
0.0023033297778242 0.2006555823221275
0.0023209808169912 0.1585917198679828
0.0019570374719945 0.2302921965477530
