TIMESTEP:
2000
TIME:
20.0
DATA: p c
0.9996666374429073 1.0009030921006539
1.0103905260271748 1.0071284990254854
1.0206788215864757 1.0129178697093766
1.0258683942808362 1.0156942642549094
1.0238725757174019 1.0143809776948935
1.0163454681201669 1.0099118917819059
1.0072071043650130 1.0044470888018664
0.9999245993565574 0.9999562370388034
0.9957691305010778 0.9972426658557750
0.9939315202960399 0.9959464892868527
0.9929413529432287 0.9952973210097308
0.9921613792842220 0.9949315152679836
0.9922088661363505 0.9951315638578222
0.9940665696664585 0.9963612181462209
0.9977655438111680 0.9985714156601575
1.0018450536205115 1.0009326491660853
1.0041617581823310 1.0022891766091224
1.0035126189823640 1.0020136966707058
1.0006850286248925 1.0005373689607566
0.9979111361197280 0.9990531600194726
0.9971569480544996 0.9986043445913249
0.9986381931508425 0.9992812480791570
1.0006431949774726 1.0001419173196884
1.0008187604996757 0.9999419991393457
0.9980730354507462 0.9981670042999764
0.9936225547043201 0.9955772421640927
0.9902973189798526 0.9938170223804245
0.9907037609232011 0.9943757990625522
0.9955916085946523 0.9976242080374065
1.0033207076317916 1.0025043929243940
1.0106372249966098 1.0070327996369963
1.0144059691644400 1.0093346567631356
1.0132898331432265 1.0085892216433787
1.0081936068173816 1.0052897858877674
1.0012878081553511 1.0007477116171295
0.9946509145690043 0.9963389713408980
0.9895877735430718 0.9930393832019834
0.9867698491059177 0.9913935961086991
0.9866594461531009 0.9916913887199952
0.9896608491801393 0.9940539746787466
0.9958214596055007 0.9983081557660969
1.0043139949366173 1.0037618108250606
1.0131515044863448 1.0091281813526931
1.0195507293972697 1.0127994948024348
1.0210276294934206 1.0134587605701559
1.0167462475488271 1.0107580071141316
1.0082534931162563 1.0056661409197509
0.9990203357663748 1.0002244554880426
0.9930178738704770 0.9967670695078573
0.9930792590175701 0.9969367994411266
1.0002921185871527 1.0014925291650199
1.0054023576456463 1.0043654672769473
1.0116412091973943 1.0077969903433692
1.0154489638105488 1.0097914158434860
1.0149429809358923 1.0093347776170547
1.0109002334630821 1.0068730706086348
1.0057604370226236 1.0037606856664920
1.0016315998376930 1.0011915884264615
0.9990185761097730 0.9994927432389388
0.9970892888095110 0.9982455298956946
0.9950011945423546 0.9970003971415681
0.9930555984846579 0.9959082154851528
0.9926412131083434 0.9957002233474773
0.9950038756970704 0.9970263669184551
0.9998786242079708 0.9997145319635472
1.0051279609391450 1.0025952682360388
1.0078709392403409 1.0041330797469730
1.0064807944593535 1.0034727809598369
1.0018560310861473 1.0010781551910801
0.9967632983140514 0.9983934478463313
0.9938006770013740 0.9967825197768622
0.9936440415869596 0.9965793858225317
0.9947675745966063 0.9969372082538981
0.9947496586860991 0.9965676179189906
0.9922735756601646 0.9948401071978918
0.9883199849141657 0.9924143328473644
0.9855985826929240 0.9909118233984848
0.9867560456562549 0.9918859650032998
0.9926967439446425 0.9958138132131741
1.0019309189531871 1.0017087418406792
1.0112033394326967 1.0075493473595045
1.0171593276960076 1.0113001053170314
1.0181440724035078 1.0119335107603600
1.0148627487989794 1.0097991005631965
1.0094677229074094 1.0061569347955788
1.0040214640960563 1.0023391921234013
0.9995838533212129 0.9991772576984985
0.9963267015662115 0.9969677305131074
0.9942337754538099 0.9958015332836346
0.9936867807152867 0.9958810281793939
0.9954690008819165 0.9975396034426096
1.0001801625544691 1.0009392751320847
1.0074558951097423 1.0056737461614653
1.0155325447188097 1.0105973096803420
1.0216033177622099 1.0141014476289167
1.0230650138835122 1.0148172007531502
1.0190971716242589 1.0124100340939979
1.0114540648836212 1.0079425515468663
1.0037129897957759 1.0034631062414767
0.9994182019024609 1.0009934208624096
0.9994755706856528 1.0010749570203523
0.9988712549310805 1.0004992706033566
1.0004089672843979 1.0011313121067102
1.0019351290044911 1.0017767225112342
1.0022674279907868 1.0017865087069788
1.0017914680830957 1.0013777019213019
1.0016639166565533 1.0011913818691429
1.0024240479186670 1.0015299897548786
1.0032959073758758 1.0019725719811581
1.0028225818538776 1.0017201060868066
1.0003284397271899 1.0003860451932640
0.9968875222302246 0.9985241622610864
0.9948095902554520 0.9973710595953453
0.9959816834522830 0.9979535307771842
1.0003362805345652 1.0002403660734263
1.0055594445823066 1.0029919781622114
1.0084053193486862 1.0044956140933008
1.0069245422755297 1.0037376694041518
1.0019152403969263 1.0011312163522741
0.9962769512915618 0.9981817612032357
0.9928279383551452 0.9963550593263669
0.9923866244843629 0.9960424416496977
0.9934153284579971 0.9963694217656767
0.9933612261391938 0.9959601311211611
0.9907705838815346 0.9941060548066142
0.9865877707674650 0.9914602687038874
0.9836081148365666 0.9897209095737396
0.9846339678699561 0.9905652963867244
0.9907297736551403 0.9945881329522968
1.0005074509936205 1.0008634694945469
1.0106942919785074 1.0073412474533474
1.0177947344795106 1.0118815767114038
1.0200025045930461 1.0133482651669168
1.0180082582854990 1.0120533118457817
1.0140745697773006 1.0092806325819426
1.0102735030231944 1.0063342320060382
1.0073190451380365 1.0038415393630791
1.0046537984038406 1.0017162959903407
1.0014768684806983 0.9996661190063411
0.9978698239527523 0.9977909773878469
0.9951781926667665 0.9967986271485457
0.9953541041677388 0.9976557819622198
0.9996907710613865 1.0008976067406838
1.0077066907232852 1.0060427308871343
1.0168380932514900 1.0115145225600342
1.0233499939634534 1.0152374686770680
1.0243067716935919 1.0156992628973831
1.0194359103175759 1.0128500629510193
1.0113370454320292 1.0081568683318662
1.0037780755536152 1.0037183653987678
0.9983190131940531 1.0002981235426864
0.9934600179183255 0.9971058477147514
0.9910239044915542 0.9952981146119614
0.9901449979540550 0.9944600421435964
0.9905269815676675 0.9944583631358306
0.9926479786169369 0.9955574026030805
0.9969387306858605 0.9979685346963330
1.0027043821843484 1.0012667173901340
1.0078404920794790 1.0042616487847076
1.0098802420056208 1.0055863266949192
1.0077989620732002 1.0046532139759208
1.0030464746467467 1.0021956388003099
0.9987257265079494 0.9998607339585346
0.9975146235274150 0.9991135634644016
0.9999076453348619 1.0002583396369429
1.0039079713935559 1.0022557356954467
1.0063826718021116 1.0034737853219247
1.0053153093299949 1.0028841641643407
1.0013066954480445 1.0008182934572303
0.9970173053050529 0.9986633037574477
0.9950372235934896 0.9977429370288193
0.9959414969820956 0.9982758886328521
0.9979012388540425 0.9991902646942342
0.9980931341725097 0.9989420374732472
0.9949745690551868 0.9967683977322794
0.9896717628929603 0.9934240654617812
0.9853339167170835 0.9908174423663788
0.9851042873260089 0.9908473602153443
0.9902603546022003 0.9942627576357654
0.9994745243631312 1.0001905375013174
1.0093985910516967 1.0065372259919607
1.0163909943637870 1.0110703730008685
1.0185681512803715 1.0125957857007268
1.0167356352247714 1.0114672435076995
1.0134111234069165 1.0090813946532622
1.0108145079731850 1.0067964185511011
1.0094255919187594 1.0050941258714254
1.0079930556746755 1.0035118390097386
1.0048333127584248 1.0012995544407191
0.9994932966594633 0.9982940919950362
0.9935574150661203 0.9953569098084381
0.9899624270089588 0.9940280312568764
0.9913146654272567 0.9956134672431390
0.9982662418662570 1.0002805911842978
1.0087665272767525 1.0066955357516929
1.0186597534283273 1.0124749228622592
1.0236886910025556 1.0153350398394174
1.0219375906826820 1.0143162542221849
1.0148475988380039 1.0102239582246950
1.0059117846797152 1.0049555516339435
0.9983518237878469 1.0000765627890296
0.9915559780706736 0.9956567520058188
0.9865829892331525 0.9922502074029652
0.9835195769879784 0.9900367448214232
0.9829554725505373 0.9894279936966832
0.9858366599703865 0.9909694806898822
0.9924978923882881 0.9947990563142701
1.0016595127723387 1.0001172435427841
1.0103233494566966 1.0051971795413797
1.0150778970984495 1.0081442125427420
1.0142396696598954 1.0080177954779321
1.0091292326855796 1.0054685903608804
1.0032000954479967 1.0023066228386113
0.9997076184629686 1.0003013980062512
0.9997552797825552 1.0001095708338887
1.0019251467208043 1.0010396001097182
1.0035743714324423 1.0017526160001613
1.0029471924985931 1.0013868260891492
1.0005635006774496 1.0002586227267281
0.9987148322694510 0.9995680153139380
0.9994855974788492 1.0003374307362585
1.0028992494301932 1.0024292479128758
1.0065702159389038 1.0044203449091844
1.0072467803663561 1.0045145741853172
1.0033104273701359 1.0019025831592947
0.9962418804583468 0.9975246728470663
0.9897645818271603 0.9936069774470948
0.9875116940790957 0.9923472609101919
0.9910106734380808 0.9946744361717452
0.9989473387584753 0.9997529651840276
1.0078187437571273 1.0054150453167139
1.0137748198220533 1.0093140824826150
1.0148409393238529 1.0102020686279478
1.0119822189213821 1.0085118362387031
1.0080773551686186 1.0058275223745707
1.0056787052161713 1.0036785647583140
1.0053040486606948 1.0025525885037114
1.0053002877384907 1.0017517572739625
1.0032489642085298 1.0001179280730725
0.9980102357392433 0.9971098597578114
0.9909484694754059 0.9934596896110741
0.9853647965867194 0.9909088569804680
0.9845908550847654 0.9912004269359797
0.9900529431510106 0.9949892197266380
1.0002904299047837 1.0013001115386411
1.0113657474751754 1.0078488655881501
1.0187191184930871 1.0121372939109352
1.0196558095367838 1.0127409632203863
1.0146845695633813 1.0099241855475438
1.0066032931130127 1.0051632727529565
1.0004122936823427 1.0009543759343149
0.9941779745289552 0.9968310111257348
0.9882763583264269 0.9928246277553601
0.9833438926873156 0.9894529893093911
0.9807807919295931 0.9876264820655826
0.9822438031872159 0.9883303943676539
0.9884695649831546 0.9919427499115058
0.9982521696920372 0.9976816011020830
1.0083860807613427 1.0036589426465858
1.0150141806936497 1.0077005825322676
1.0158697323574624 1.0085405361346262
1.0117496949890177 1.0065474765774380
1.0058279633851503 1.0033729514041745
1.0013849168657634 1.0007941906792415
0.9998311222947501 0.9996499257107041
1.0002984555312464 0.9995819011636016
1.0008264748901794 0.9996568254583325
1.0002276069664768 0.9993483684072844
0.9992129783392528 0.9990974137882200
0.9998246039977130 0.9999692451278543
1.0035959159762582 1.0026485978359119
1.0098583092898405 1.0065568980619728
1.0155192123522543 1.0098364677967151
1.0168094615019461 1.0103934270706616
1.0120446426411442 1.0073757769831464
1.0031416572422642 1.0019454803124166
0.9944772610088308 0.9966821972207492
0.9902010842742192 0.9940963474608531
0.9920663770081354 0.9952871980058090
0.9987193206560454 0.9994328648566534
1.0064355154654518 1.0042611842872471
1.0110853581162820 1.0072805308392063
1.0105422558134811 1.0071645210879823
1.0059043626391704 1.0044213167327509
1.0004538704975912 1.0008625915618214
0.9972335778222591 0.9982975243607345
0.9971086415271869 0.9974028170096860
0.9984357479971808 0.9974600315284561
0.9983761891049424 0.9970425111615902
0.9950606127343407 0.9951756459276636
0.9891486742971253 0.9921743682276025
0.9835756743292947 0.9895533778290212
0.9817260166427642 0.9890920500305107
0.9854072524661448 0.9917166206927245
0.9937798396578247 0.9968816062013300
1.0036759986237338 1.0027782361162840
1.0112133553675879 1.0072645613480691
1.0139000563361751 1.0089752299538686
1.0117584394640124 1.0078647817420381
1.0066138277458312 1.0048447752738845
1.0040969609590544 1.0027660587417397
1.0005503610772772 1.0002185001969937
0.9951796095338846 0.9965260090655733
0.9887871254033220 0.9922954252036367
0.9834845335835600 0.9888519551916525
0.9817628805818895 0.9876893378712970
0.9850474658661360 0.9896187318584955
0.9926497036930164 0.9941656700626748
1.0017529680926458 0.9996273563794358
1.0086800558111861 1.0038686244319597
1.0109586457146629 1.0054679173120595
1.0087621916877620 1.0044516671974582
1.0044689859996019 1.0020568369676022
1.0007465453875082 0.9997443682266477
0.9988187926425036 0.9982732420212291
0.9981321197875501 0.9974906149677645
0.9974325795914386 0.9968824397483351
0.9963137036416214 0.9963704318393720
0.9959544656011102 0.9966606821276773
0.9983615591718921 0.9987896382651329
1.0046172812962220 1.0031530788290488
1.0133839360227690 1.0087427853166395
1.0208770396574940 1.0132730760004021
1.0228489265803637 1.0143679184551364
1.0175809544497156 1.0111428716139774
1.0073968756172911 1.0049637584495561
0.9972302672411392 0.9987157129968258
0.9916349766064523 0.9951656367099603
0.9925134880295884 0.9955433213088636
0.9984421413121070 0.9990245844282974
1.0054658473460965 1.0032292195586938
1.0091488084004319 1.0055085156659958
1.0071478506539315 1.0044252114125136
1.0006153844274295 1.0005227168334450
0.9932053369855717 0.9958299872783856
0.9885336441068392 0.9924978017702791
0.9880560144086840 0.9915459672337812
0.9905200639791364 0.9924508417283319
0.9930259302559652 0.9936956091286376
0.9930432526976899 0.9938817889759770
0.9901473849955382 0.9926795684484719
0.9862281218087592 0.9909841754333436
0.9840807984632705 0.9902274730390045
0.9855556290793338 0.9913997753440421
0.9905069379134950 0.9944438549275209
0.9970220362687069 0.9983451980031370
1.0026747285548856 1.0017930389501339
1.0059607867778051 1.0039290205579119
1.0068511024192375 1.0046339153494381
1.0060951904237259 1.0041943485851199
1.0080284877555028 1.0047547109278694
1.0083890638821404 1.0044889423741479
1.0045814284967707 1.0017397458035306
0.9972981380286037 0.9970358421491267
0.9892452072944894 0.9920206875394286
0.9837305513030539 0.9886629819079888
0.9829101934903025 0.9882337446882984
0.9867402406444084 0.9906641499284191
0.9930592287895572 0.9946128809839989
0.9987694261880573 0.9982094346524965
1.0015889436296401 1.0000738749119984
1.0012470951753818 0.9999679278991362
0.9991827592834740 0.9986356117611606
0.9970820715922484 0.9970354662229484
0.9955899566285527 0.9956451662325573
0.9942053865038700 0.9943769072956642
0.9922998504411832 0.9930869903022124
0.9903124474559692 0.9921737810013922
0.9900239255194853 0.9926771113534290
0.9935397202603131 0.9956779853968210
1.0015991587432616 1.0013480888123982
1.0123024677918118 1.0083146138249810
1.0213117261145201 1.0139378380993234
1.0240414169198691 1.0156243968503940
1.0187823092828965 1.0124712424898346
1.0081481742668570 1.0059876858985368
0.9974164995641785 0.9992584055774575
0.9913653812907086 0.9952137780116180
0.9919765003930181 0.9951756583788249
0.9977932953374408 0.9983371348508602
1.0047185471688913 1.0022577796540031
1.0080658029825411 1.0041602155663683
1.0052273070327573 1.0024677346996564
0.9972694488596102 0.9976790474967877
0.9880824934872101 0.9919617874583843
0.9818275334838545 0.9877946746916890
0.9806802670691369 0.9866263373729847
0.9840569627513115 0.9882980074785018
0.9893264422565132 0.9913844899302006
0.9934719806725725 0.9941420231795570
0.9948027529249445 0.9954821810747975
0.9936531371283815 0.9953976979306399
0.9916829700744821 0.9946630484548531
0.9905135525561188 0.9941586708807418
0.9908051520412606 0.9943559003030257
0.9922906023055847 0.9952552799810221
0.9944737729721570 0.9966758088404885
0.9972442398845394 0.9985345069099315
1.0007833136774738 1.0008010293443337
1.0048211152638113 1.0031567131101480
1.0106286447529038 1.0059958283143562
1.0147577158677550 1.0079234384981628
1.0128020201306291 1.0062939407565252
1.0053014209036570 1.0015368026066931
0.9954196493181388 0.9955250414229994
0.9870608905624658 0.9905587391405098
0.9828655681191879 0.9882128085336697
0.9832310662272986 0.9887054862561956
0.9865477619060901 0.9910137902802718
0.9903437360125448 0.9935812827374745
0.9927360879533780 0.9951964550023999
0.9933015082869008 0.9955078011390318
0.9927671040554101 0.9948764867679971
0.9919079025227169 0.9937917338001129
0.9907290436676073 0.9924176397913727
0.9886721623435560 0.9906680805368526
0.9856248666036158 0.9887016649120542
0.9827726268312340 0.9873339779665714
0.9824211578264869 0.9878991581414552
0.9867455571458786 0.9915164705278324
0.9961805572981024 0.9981700559701001
1.0083808166032573 1.0062029758068367
1.0186362367339048 1.0127278847242298
1.0221893286457608 1.0150188517596725
1.0173641242129841 1.0121599365191740
1.0069040918223495 1.0057168647578381
0.9961975140494815 0.9988476788323583
0.9900925459885772 0.9945581223799649
0.9906458747339294 0.9942572767074328
0.9965017377371105 0.9972309741736042
1.0036248771084448 1.0010907872318233
1.0072305612114101 1.0030086334752861
1.0044178300655464 1.0012474735065584
0.9959436242959047 0.9961359053173792
0.9856573687157931 0.9898188162720430
0.9780965854300449 0.9849960602334118
0.9761614276231958 0.9835454841423817
0.9801036785657404 0.9857807633508754
0.9878437779617757 0.9905392837538718
0.9961571521784693 0.9958835390259402
1.0021607583672332 1.0000029925931238
1.0043944726141476 1.0018723005780210
1.0029933228060479 1.0014146181715613
0.9991178732588890 0.9992588642011198
0.9942909783888084 0.9963859047490067
0.9900823897391621 0.9938775833635656
0.9880351613101633 0.9927566314443987
0.9894372398180685 0.9937685373376454
0.9947214336761242 0.9970289155469738
1.0027465191881599 1.0016927753399354
1.0108627530938468 1.0058430286487274
1.0172123856611988 1.0090956303408209
1.0164800742992526 1.0082447724420807
1.0093229685389880 1.0037674739355551
0.9992383559138625 0.9977078429375902
0.9903059743546563 0.9924694323653085
0.9851346475808138 0.9896276849331759
0.9840879014751687 0.9893957782772328
0.9857317306377456 0.9908471528815980
0.9880010981980308 0.9926311912420294
0.9894289862404007 0.9937372009233622
0.9897103339212739 0.9938602896015443
0.9892784092522001 0.9932033686778391
0.9883956224859065 0.9919944423830256
0.9866905062239125 0.9902161105390791
0.9836305309351818 0.9878142142937080
0.9795200593192929 0.9851818479799048
0.9760601485894822 0.9834211843668006
0.9758321432758641 0.9840289994316520
0.9809257188592873 0.9880900655976680
0.9914600155676994 0.9954165002530493
1.0047675462155574 1.0041623368620971
1.0159662398946203 1.0113224697997496
1.0202836513314162 1.0141296059832914
1.0160608704070149 1.0116434354254307
1.0059783359416654 1.0053750913314730
0.9953138037795878 0.9984220780862523
0.9888862520051845 0.9937956900740698
0.9889012414767717 0.9930274718490730
0.9943272062251344 0.9956243183035688
1.0014916449031588 0.9994177615036230
1.0057479980532558 1.0016513083062593
1.0038993591780683 1.0004193235303107
0.9961002644817816 0.9957206497963315
0.9857404193885794 0.9894410922435765
0.9774155173019662 0.9843031449141272
0.9746309032119881 0.9825273782668261
0.9785387798781262 0.9849406627357634
0.9878391507253976 0.9907928038119327
0.9994573910636781 0.9981669404501965
1.0096657091183239 1.0047278782199101
1.0153409205147028 1.0085241918816548
1.0149639320611901 1.0085903559178329
1.0090263062349514 1.0051935479979892
0.9997737149344940 0.9997000476902973
0.9904704766016472 0.9941376676963658
0.9844434265544894 0.9905764809759608
0.9840895695407437 0.9904552000802668
0.9899714479810741 0.9939981803237645
1.0002366961009757 0.9999412174007412
1.0086065183360429 1.0041962016661350
1.0147899251453942 1.0074400134728814
1.0139516564192497 1.0066337153408538
1.0073509451085887 1.0025598302016274
0.9987559157067367 0.9974196955439046
0.9919575917983920 0.9934831156084997
0.9889273746639491 0.9919790421665234
0.9894051112012655 0.9927560981320955
0.9916272421839563 0.9946801696701105
0.9935902314332872 0.9964159566858009
0.9941546766044613 0.9971222896855202
0.9933454934685969 0.9966741962740853
0.9917374850208968 0.9953618607317498
0.9895762102857155 0.9934187570857042
0.9865003081900547 0.9908417421927610
0.9821557829685014 0.9876702095839515
0.9771424940898163 0.9844475920599114
0.9733686484959514 0.9823857334606049
0.9733731691576726 0.9829703001801061
0.9789846494386586 0.9871669746316476
0.9900291140692820 0.9946559855297040
1.0037119932661638 1.0035454913199200
1.0152521872277633 1.0108878455692552
1.0200461360967541 1.0139825735022947
1.0163994208527765 1.0118353704187810
1.0066729678436184 1.0057566479705657
0.9957743098506781 0.9986237572753335
0.9884018719676284 0.9933808541191893
0.9870217470740001 0.9917328542133358
0.9911912862726039 0.9935587866171706
0.9979368450296987 0.9971018224967305
1.0030274673832364 0.9998253692900924
1.0030141250141087 0.9996719216736578
0.9971657103518807 0.9961570010143590
0.9879273791602710 0.9906403197156881
0.9795183081191600 0.9856049627550056
0.9758131702628458 0.9834513881279726
0.9788279296642979 0.9854907928168885
0.9881911739691532 0.9914948773012534
1.0013462873489494 0.9998078298206583
1.0142743343322422 1.0078931608052337
1.0227174285708120 1.0131695460541152
1.0237416427133277 1.0139294190754577
1.0170374529456385 1.0100212104315467
1.0051744408469880 1.0029658577017069
0.9925743744482401 0.9954047495100999
0.9837889919446553 0.9901101646780185
0.9818886231138991 0.9889533015761823
0.9873826188689473 0.9921710638855528
0.9978459525407568 0.9981884223971020
1.0046510412103857 1.0015602175577794
1.0083944573245163 1.0034863384487340
1.0059884975545983 1.0018803628260253
0.9997386676131088 0.9980820359705674
0.9936832017047547 0.9944693241369650
0.9910259707702114 0.9930154041191968
0.9926746589720807 0.9943417950225585
0.9972716490180207 0.9976404299229552
1.0022648774783165 1.0013040257026624
1.0053739910799526 1.0038347545947028
1.0056784956695775 1.0045183763458803
1.0036849975822202 1.0035073443656959
1.0004480446598745 1.0013707377819696
0.9965815819225566 0.9985539066036228
0.9920120329147414 0.9952037195937873
0.9866120114094955 0.9914570160032641
0.9810729407981067 0.9878757791781562
0.9771706648165531 0.9855816132738868
0.9771151743489740 0.9858877371543752
0.9823819189744478 0.9896040747364673
0.9926499169397539 0.9963929681739684
1.0053396232808842 1.0045410956678060
1.0161748226462071 1.0113969641705192
1.0209679733643053 1.0144601920119154
1.0179092857280423 1.0126367795307456
1.0086936361925476 1.0068490504736811
0.9975034458510914 0.9995508294835508
0.9887670100575366 0.9935143678052942
0.9852955900766486 0.9906465144183730
0.9874679167134287 0.9913270469481485
0.9932961927119563 0.9943811638777966
0.9992245525258012 0.9976409979492241
1.0016684196505627 0.9989552853968341
0.9988595239413085 0.9972686716255911
0.9918891239773368 0.9931911303400024
0.9841288068728059 0.9886942550098119
0.9794877242098504 0.9861416494963084
0.9807019171443651 0.9872286917796540
0.9883725925150983 0.9922932141399056
1.0007512309659927 1.0001499567084409
1.0141258546627221 1.0084260899907096
1.0238840693884075 1.0143354195911300
1.0262708433373431 1.0157358788461825
1.0202260665721892 1.0120898376633674
1.0081180528140150 1.0048072482471306
0.9947164912300756 0.9966993141300643
0.9850549400730166 0.9907929820626901
0.9823993620501187 0.9890756744225965
0.9870305806273605 0.9916760941916467
0.9960722761969332 0.9967993804916586
1.0005286727547367 0.9989433354635717
1.0004353086718833 0.9986806047241912
0.9954177273192305 0.9956087583566099
0.9890246002017943 0.9917671548362326
0.9855685892980758 0.9897292803855322
0.9875998001856461 0.9911125825717160
0.9948514386945772 0.9958276963343728
1.0046852469614174 1.0022812111652522
1.0135356733856102 1.0082709251044224
1.0186803769238397 1.0120661444811669
1.0193928553418623 1.0130863855818542
1.0167669824040753 1.0118327017802584
1.0124996834742972 1.0092481181788544
1.0077053307092385 1.0060588776320607
1.0026128720764529 1.0025564431057892
0.9971584820643475 0.9988664655976169
0.9918089871786825 0.9953768034426893
0.9878699212731075 0.9929181508987911
0.9870305825075019 0.9925214953811254
0.9904766414380296 0.9948891883009482
0.9980682880399733 0.9998724158046665
1.0079439748669763 1.0062333311193583
1.0168260460173704 1.0118887764979028
1.0212005451954973 1.0146701321094282
1.0190291298872856 1.0133213691187204
1.0109409488109249 1.0081697254687727
0.9999677822095151 1.0010169669453806
0.9900414810882308 0.9943232725537872
0.9843242026356425 0.9901773247917525
0.9841493212545543 0.9895260053009791
0.9886851985351475 0.9918853836561298
0.9952446256290158 0.9955807035012371
1.0003055913477006 0.9984746831229721
1.0011402082818972 0.9989704310629821
0.9973030578781852 0.9968250521040096
0.9909249331273696 0.9932837478032754
0.9855519553228120 0.9904366981810820
0.9843842586229817 0.9901956413224138
0.9889198342828085 0.9934231425513950
0.9983711282560962 0.9995291190931070
1.0098012665971934 1.0066098459437951
1.0189975286672441 1.0120990203452520
1.0221196990301382 1.0137970293073626
1.0176260303324622 1.0109123555325896
1.0072967591685094 1.0045527632424034
0.9954699959366301 0.9972899627362317
0.9869217757196169 0.9919740804078857
0.9846593196749933 0.9904045405261052
0.9885793305769907 0.9924800598651254
0.9954499949164678 0.9962437597272245
0.9981926639689197 0.9976004097911105
0.9939435426141906 0.9948738548252930
0.9859035985088290 0.9900047884921275
0.9787994399031693 0.9857338287981519
0.9771802028310114 0.9848193822598971
0.9830042533232056 0.9885340449676826
0.9949387016807238 0.9961070924560761
1.0091583130682258 1.0051992077895895
1.0211805852405851 1.0130732033226697
1.0279879332007649 1.0178567833178906
1.0292193812296209 1.0192049082476828
1.0266598185067253 1.0180345609714698
1.0226249718737914 1.0156634751619511
1.0185815385153463 1.0130251761734910
1.0148020146104710 1.0104101506401530
1.0109287426487965 1.0077268173351537
1.0068075988818295 1.0049618448797744
1.0029681829709232 1.0024810885653310
1.0005101325702666 1.0009923481287195
1.0005678162049048 1.0012189524344917
1.0036659476375906 1.0034613876119132
1.0092080291258168 1.0072504112604865
1.0153149971179942 1.0112863901847371
1.0192721211072746 1.0138027872375537
1.0186637405779093 1.0133062900988261
1.0127220977146405 1.0093596052504528
1.0029671201084374 1.0029258488072070
0.9925938108053605 0.9960163984933679
0.9850327476186240 0.9908356259778971
0.9825706522250428 0.9888824850626138
0.9855555813286871 0.9903864995044794
0.9922680726133574 0.9942433230869592
0.9994980413254738 0.9984737155446324
1.0038759840001223 1.0010980319114093
1.0035572957640702 1.0010860663220813
0.9992400406711307 0.9988622927691895
0.9937123857189495 0.9960317774657520
0.9902699732369961 0.9945006655285440
0.9910957948489602 0.9955191387094487
0.9963571934851277 0.9990988090713669
1.0041389599962960 1.0039789709796749
1.0111321351276508 1.0081220819917376
1.0140126700615746 1.0096006524206045
1.0111331337088050 1.0075586620690382
1.0036002796405010 1.0027509598771693
0.9948627179294915 0.9972620875669211
0.9889167033501969 0.9934638062521712
0.9881579478656054 0.9927406935617162
0.9919649863013913 0.9946612114655886
0.9967935677620223 0.9971232864116930
0.9994071241274631 0.9985818759760270
0.9915139223565054 0.9936427003569516
0.9805932564660725 0.9870001751461891
0.9723329047264329 0.9819867640372442
0.9714443618030144 0.9815013595030675
0.9793664477625036 0.9865053285275227
0.9938510874856226 0.9956382553932446
1.0100993173359152 1.0059535620551585
1.0230324678998517 1.0143681601859875
1.0297533671734338 1.0190867975864817
1.0306253060547215 1.0201810804557314
1.0282550139698416 1.0190579189827278
1.0254518130208481 1.0173588550058816
1.0237434647650498 1.0160795173740993
1.0230774741689517 1.0153111810850934
1.0224079853098569 1.0145299036780351
1.0206007477174128 1.0131315578045055
1.0171939345534711 1.0109089946411636
1.0127433168046645 1.0082684331893466
1.0086578124926660 1.0061045203225949
1.0065808399721325 1.0053750069267171
1.0075207173148766 1.0065409046927201
1.0110799143820068 1.0091388137530009
1.0152350604123512 1.0117667024227832
1.0170545264969546 1.0126278100875397
1.0142647474310560 1.0104615357359110
1.0067576932289022 1.0053364548472434
0.9968599560089384 0.9987493392076031
0.9881401981617534 0.9929385335538669
0.9836997102966389 0.9898611877180465
0.9849347366131904 0.9903848655172641
0.9910741029410979 0.9939814520530869
0.9994503911730517 0.9989711321527723
1.0065252525566561 1.0032428992436693
1.0095046161870298 1.0052110943000125
1.0077581547028538 1.0045464567449107
1.0030262117923425 1.0022351570942365
0.9982490618959277 0.9999338166688136
0.9959277489020046 0.9990539289050773
0.9970064799341121 1.0000883769636413
1.0006136339366976 1.0024379349996517
1.0045483640957087 1.0047365784344517
1.0063331619589402 1.0055365138296868
1.0045399315372843 1.0040974875304449
0.9997611024456767 1.0008938511553089
0.9944921971875548 0.9974733689628184
0.9917629648606159 0.9956164920122093
0.9931934466584417 0.9961935791419226
0.9975712913252519 0.9983951459758841
1.0010345686586579 0.9999639639276545
1.0048134903960453 1.0021429831128381
0.9943113139051873 0.9956249253452272
0.9810859805509561 0.9875593054943218
0.9715126856151192 0.9816933942078803
0.9703903970557711 0.9810033646885409
0.9786960886643378 0.9861785582486673
0.9933870754217119 0.9953772752194823
1.0088994033084839 1.0052115568540927
1.0199196617286093 1.0124737441534040
1.0241319479693807 1.0156838708974034
1.0229804117448213 1.0155053770198930
1.0199890097492210 1.0138882919020278
1.0183269004762212 1.0127375660026601
1.0193491814455893 1.0129888689880315
1.0224426697338231 1.0144025567159152
1.0256800203768797 1.0159165725366142
1.0268218759838936 1.0162786594691442
1.0243956536969208 1.0147124795152618
1.0185304356277141 1.0113827135064772
1.0111122258443936 1.0074327004878110
1.0050281657831335 1.0045034637533128
1.0027860519136480 1.0039101208127552
1.0051617832071711 1.0058708158130454
1.0105332335940285 1.0092121720054199
1.0154025416837853 1.0118127747418622
1.0161878826949717 1.0116903251301479
1.0114001039302034 1.0081562050733646
1.0025966794579115 1.0022589297641906
0.9933764268874574 0.9962139319967070
0.9873944966979380 0.9922787531793443
0.9867991610673718 0.9917802224800062
0.9915970440670095 0.9946740527994112
0.9997884979750068 0.9996638050225429
1.0081485184892607 1.0047770178384487
1.0135789028513571 1.0082149866076215
1.0145391665114762 1.0091241144864118
1.0116619347852971 1.0078677644990397
1.0071044076558027 1.0056470097632848
1.0031894838999209 1.0037564827640677
1.0012805963156959 1.0029403849966501
1.0013715608846048 1.0031362992383417
1.0023365121616572 1.0036343999238895
1.0026335088265570 1.0035387877136035
1.0012510896109221 1.0023490879628092
0.9985129330514549 1.0003893366822907
0.9961603408989661 0.9987687223947206
0.9963675111781826 0.9987367587285197
1.0000411855718718 1.0006928233507115
1.0054320205966603 1.0034853504356773
1.0083686310334730 1.0047013849449411
1.0130329666883438 1.0072876816834424
1.0013570137000947 1.0000986513212602
0.9868379470216413 0.9912639817124588
0.9762250754248293 0.9847285457298689
0.9743530029479500 0.9834822846790451
0.9818274603352680 0.9880012768890463
0.9949513819615388 0.9960900300137152
1.0075952957069216 1.0040841422972209
1.0144972974084114 1.0088315895192854
1.0142143673172168 1.0093195237438415
1.0094158428456415 1.0068756040873617
1.0044988135625712 1.0039769320415073
1.0028634134075332 1.0027293832942521
1.0055982279817395 1.0039553095125759
1.0115388436286694 1.0070815969767681
1.0180153165680914 1.0105764811028781
1.0219280848766836 1.0126680162403283
1.0210542998460350 1.0121494435359650
1.0152389496829555 1.0090177784319483
1.0067528901172309 1.0046076019656558
0.9993609266531570 1.0010336781919158
0.9965094914421418 1.0001498611689419
0.9995804359907861 1.0025420979937678
1.0070142264986330 1.0070858863579697
1.0148172371027921 1.0113831471604706
1.0185702341939482 1.0129912744934177
1.0160125276461474 1.0107979926189883
1.0083190021241570 1.0056212727965492
0.9990924209642336 0.9996469808948565
0.9921829966305600 0.9952293935016482
0.9900221316054767 0.9938754778881106
0.9930410096005433 0.9958153616968751
0.9998538860030686 1.0001129140059701
1.0078952790024811 1.0051401831636060
1.0144189770553766 1.0092480636417045
1.0176115623636743 1.0114033097098813
1.0172503448194827 1.0114996890615460
1.0144824870081361 1.0101915365751104
1.0109585552542824 1.0084030997075482
1.0079701304353053 1.0068420431756633
1.0060210072639275 1.0057503521174744
1.0048479687015419 1.0049327554086813
1.0037653321698328 1.0040015048747750
1.0022503373706622 1.0027473403668472
1.0005757188002451 1.0014713867252587
1.0000207297951529 1.0010112162076883
1.0021903378057486 1.0022581844514808
1.0075352443025896 1.0053026830863656
1.0139910803718752 1.0087818515490921
1.0171791317234480 1.0101723306145405
1.0205965519894780 1.0118887358311719
1.0095274615830900 1.0051015045145713
0.9951605778294909 0.9963859050242504
0.9842456327798906 0.9896461750002216
0.9816243584672175 0.9878368064444080
0.9877085085096216 0.9913214075829033
0.9983935473166401 0.9977223438477544
1.0072336212188810 1.0032697030187183
1.0092031858942554 1.0049779085468811
1.0037605614082028 1.0023124596056048
0.9946515350292295 0.9971847085951195
0.9869321053555781 0.9924853036074472
0.9840925892606400 0.9904428056055165
0.9869572796705114 0.9917669615688188
0.9939853474655952 0.9956526328683691
1.0021325311379308 1.0003037215123887
1.0079528222831013 1.0036997749503616
1.0089414537929924 1.0044414175836012
1.0048096730998359 1.0024343328648564
0.9978954647616562 0.9990433832838475
0.9921609675239060 0.9964933621511207
0.9912135638450724 0.9967351223878853
0.9964127379836295 1.0003536454317459
1.0059599660687448 1.0061085270060632
1.0155301266167782 1.0114435024630015
1.0205151347749910 1.0138320335027993
1.0187468342782118 1.0122053412795218
1.0116234302007616 1.0074732918737910
1.0028027419447909 1.0018251853413223
0.9959085190765782 0.9974818310543598
0.9930457031145555 0.9957764802770567
0.9945397082291434 0.9968972643736640
0.9993579788647542 1.0001193141704448
1.0057179184594756 1.0042450293674252
1.0117240464899040 1.0080696070558366
1.0159656515070632 1.0107565994634533
1.0178825414011807 1.0120146849578642
1.0177218308635028 1.0120249336630851
1.0161750003832299 1.0112028550854688
1.0139826502764762 1.0099586125971147
1.0116895081218815 1.0085592641599863
1.0095377570511086 1.0070987935694149
1.0074890948598274 1.0055659160255566
1.0054752176874000 1.0040231782417790
1.0038637284687966 1.0028385127594190
1.0037511056699149 1.0027484707392080
1.0065164014170223 1.0045000100905557
1.0125234555051252 1.0081004787050691
1.0197548749349343 1.0121760073683641
1.0238518996614805 1.0141934304287035
1.0234718506229645 1.0136655208311962
1.0148160886310085 1.0082913297461116
1.0021901554466441 1.0005967321216678
0.9919379845442766 0.9942247385740194
0.9888979054146594 0.9920745327509263
0.9935668993296173 0.9945495039158474
1.0018284612428776 0.9993168767226691
1.0072519039311121 1.0026846159319849
1.0051259147719407 1.0018703328264682
0.9955600945820837 0.9966801479216217
0.9829563354281173 0.9893752079487287
0.9726882024212736 0.9830520051362426
0.9681946101386104 0.9799590377050030
0.9700822734010884 0.9807154500305634
0.9766498754898039 0.9844274899887053
0.9848751835366912 0.9892864182976937
0.9914985215819740 0.9933332889113613
0.9942121168453971 0.9952351481053150
0.9927436904097426 0.9948823662409702
0.9891815579543198 0.9934969584168459
0.9870338914038072 0.9930472560061940
0.9893592094946690 0.9951629361974409
0.9969530785436835 1.0001094787784970
1.0075624464347621 1.0064305174706225
1.0167832142718829 1.0115936811104549
1.0205523558652532 1.0134103088212956
1.0177043212718022 1.0113368153626565
1.0104605030821916 1.0066884627569732
1.0025697495714181 1.0016822644345773
0.9970078578427298 0.9981753469034831
0.9949219237213658 0.9969620291992530
0.9959134060156141 0.9978229571241028
0.9988805373352124 1.0000004095802337
1.0027286367787938 1.0026874721090695
1.0066825309574881 1.0053005358545235
1.0102774654924214 1.0075213878196092
1.0132169651498915 1.0092075429993648
1.0152475158939178 1.0102799041025528
1.0161445810602510 1.0106677961006081
1.0158204070166084 1.0103349094622900
1.0144264722341736 1.0093317249157518
1.0122885731197753 1.0077969997179927
1.0097175472481852 1.0059179066992983
1.0069796877752299 1.0039561258172429
1.0046026636906815 1.0023854814430098
1.0037106317710069 1.0019705091237137
1.0057550284748984 1.0034989626026805
1.0113653154950872 1.0071066837462188
1.0189488433260705 1.0116112067076448
1.0244523114469786 1.0145936329872109
1.0197919546261118 1.0116525138050283
1.0146937133316181 1.0082831628548261
1.0048603068872466 1.0021545924798319
0.9959219969876514 0.9965149515309009
0.9927384373230365 0.9942370896062728
0.9962314998088748 0.9959520529097715
1.0027626308617825 0.9996267468470665
1.0062862229755738 1.0018232707485988
1.0023638815373965 0.9999267599808390
0.9912635374790250 0.9938218250567996
0.9774140151367700 0.9857650173408880
0.9660831509256455 0.9787775611350049
0.9605227642650068 0.9749989599756640
0.9611876713537015 0.9749776308003832
0.9664168508950829 0.9778731103060126
0.9735329248525755 0.9820980115953414
0.9798668361533677 0.9860272196545051
0.9836632544887981 0.9886145267858444
0.9847978942287695 0.9898070968610858
0.9849269835995356 0.9905662671740725
0.9866828297180714 0.9923441465822498
0.9920945513950589 0.9961613004721791
1.0010450073198311 1.0017741988681903
1.0107841864503706 1.0075176137466288
1.0172090971765633 1.0111166381835599
1.0175024219242519 1.0110974018695529
1.0121573012533935 1.0077863163904281
1.0045070929655733 1.0030702092974615
0.9982995664436641 0.9991549459762957
0.9955380273002631 0.9973432115104817
0.9959492317170867 0.9976074495747499
0.9978792309500538 0.9990071630743270
0.9996958557703582 1.0004919676763278
1.0007629676373064 1.0015254699907696
1.0014968908948605 1.0022029860253754
1.0027082184631801 1.0029323638959675
1.0048433756577211 1.0040013483139798
1.0076184235907826 1.0053272704870655
1.0101803289506195 1.0064984909807495
1.0116210322199404 1.0070280903691871
1.0114677157197389 1.0066221930120813
1.0097982723727283 1.0052823558765824
1.0069860908255552 1.0032329909415509
1.0034776163277634 1.0008438693108963
0.9999522160156660 0.9986859967849478
0.9976598853549494 0.9976080252886868
0.9982781900890549 0.9985328821414640
1.0028884099423048 1.0018389910065328
1.0105397179670450 1.0066542051802982
1.0176876568794895 1.0107632601439975
1.0116518594722947 1.0070911960328033
1.0099661504368815 1.0055943254559296
1.0027766257876729 1.0008954100931422
0.9949608616365062 0.9958678308228378
0.9915000314506904 0.9934487359440032
0.9940524039814236 0.9946779568296616
0.9998937772429628 0.9980388848337841
1.0036666187527350 1.0004740201767333
1.0010687268307352 0.9994426380273660
0.9919191301446758 0.9945846286684183
0.9799465403273050 0.9877429168953007
0.9698290579054207 0.9815420438159593
0.9644655736391043 0.9778584296934738
0.9642105361435062 0.9771746789980686
0.9676274126231024 0.9788298995788720
0.9726558194402596 0.9816601579353000
0.9775145652056207 0.9845918467812862
0.9812334666307839 0.9870305139403724
0.9839313701224068 0.9890420878195419
0.9867667696724964 0.9912771273649987
0.9913070517950308 0.9945490725394347
0.9983433409884734 0.9991529431881243
1.0067759415431496 1.0043148311374412
1.0135714704806746 1.0082877433220139
1.0154043724049144 1.0092942905521032
1.0111583132828756 1.0067987373191292
1.0031056699278655 1.0020797599406983
0.9955003103343568 0.9975342280477244
0.9918585455861582 0.9952425602438288
0.9930770326126747 0.9958460230474724
0.9973247742036959 0.9983792723310984
1.0014340060908609 1.0010249302679719
1.0029113068042863 1.0022649474753527
1.0013363650453639 1.0017030296427785
0.9982558753163053 1.0000777114815134
0.9958615229708956 0.9985906570727824
0.9955781201862570 0.9981105545636614
0.9974145002877084 0.9987437192971239
1.0002105684510489 0.9999131655940501
1.0024421963484778 1.0007846495756652
1.0030399455462937 1.0007297590173869
1.0017250563179563 0.9995528946838256
0.9987856202063965 0.9974335296740282
0.9947376693607141 0.9947830774986789
0.9903527811841187 0.9922283287128151
0.9869662702179507 0.9906726998833797
0.9864284506403133 0.9911430482298154
0.9902064865916962 0.9942284262897911
0.9979452857314770 0.9993493932800688
1.0066254130279253 1.0045052236732248
1.0040849461617065 1.0028875956121028
1.0043318227999001 1.0023741891042242
0.9983543747931607 0.9982522767103564
0.9905682454028972 0.9932028023081043
0.9862558238057967 0.9903603110561838
0.9879878987885965 0.9912878691205030
0.9941690186161135 0.9950874192147918
1.0002639760228158 0.9991153215383424
1.0019520743507713 1.0007865673550906
0.9980939139501308 0.9992079484983351
0.9910654556067016 0.9954447250847758
0.9844484554230963 0.9914213073822934
0.9805497333981499 0.9885898133633576
0.9796253935014348 0.9873582150562774
0.9806459330290435 0.9873569133209789
0.9824473299834302 0.9880196935639655
0.9843953237603327 0.9889909630963963
0.9864570041144711 0.9902358894805071
0.9890399599322534 0.9919802224806936
0.9927953456008390 0.9945636717913293
0.9982129998789061 0.9981601475794508
1.0049025357588477 1.0023847994905364
1.0110076911902979 1.0060633865588866
1.0136229755856889 1.0075642029401282
1.0105751037245556 1.0057653972810421
1.0024356034137649 1.0010561884183844
0.9927925276929780 0.9954660621425498
0.9862718433831927 0.9916499079580480
0.9859017252672737 0.9914169264428324
0.9915514428618175 0.9947507916872274
1.0000432916040849 0.9998334058399854
1.0068196994773408 1.0040371524898801
1.0084836955970813 1.0053664292769962
1.0046837861595395 1.0034840822845383
0.9979321248786860 0.9996637561393190
0.9916719033787927 0.9958175037429035
0.9882638302926772 0.9933788548466628
0.9880983877875685 0.9927105023778077
0.9899158876429935 0.9931992683688371
0.9918258067505434 0.9938067060834456
0.9923664517165979 0.9936824495696276
0.9910198743544237 0.9924971538154905
0.9880302536279393 0.9904050345406716
0.9839695668135837 0.9878443248316655
0.9796280323048453 0.9854456164611589
0.9762721167711574 0.9840683848019970
0.9756898523078166 0.9846996405185703
0.9794522531527290 0.9879740863854015
0.9875306819592622 0.9934623065441186
0.9972696157917244 0.9993127953297579
1.0020088465581387 1.0019443444696792
1.0018793921863374 1.0010323262155034
0.9949615101111018 0.9962198694076676
0.9857083838592112 0.9902685261616077
0.9798710242404813 0.9866222622393306
0.9808800948100219 0.9873558547667556
0.9881648561656128 0.9921256715732054
0.9979257716257309 0.9986194750217751
1.0057082858152206 1.0040957376501169
1.0091753897229989 1.0069636836990097
1.0089719739729923 1.0073069033575592
1.0071889288043254 1.0061638446656991
1.0052894172444531 1.0044582135164466
1.0034109199057943 1.0025298359144681
1.0011244830615189 1.0003967581438462
0.9984404110642815 0.9982141868652330
0.9960660755315027 0.9964293070926850
0.9949509935482724 0.9955920904031025
0.9957637830354753 0.9960884992140330
0.9986650050651055 0.9979754019843350
1.0031958362981335 1.0008767821204001
1.0080537919090036 1.0038876406233730
1.0110250637751499 1.0056386373428219
1.0097112268083703 1.0047807231151342
1.0031378876691777 1.0008483605766203
0.9930840779585782 0.9949219372401896
0.9836794172226265 0.9894076972093487
0.9793208941042739 0.9869020807926137
0.9823794952750382 0.9888289532004158
0.9919255371807360 0.9946237634749779
1.0039020313646838 1.0018756478239701
1.0128675426629530 1.0074326005106635
1.0148430355307143 1.0089980188918637
1.0095370949782507 1.0062802638349757
1.0001283721031207 1.0009087766597078
0.9909130345849045 0.9952698453638278
0.9848856182293568 0.9911850488699947
0.9827109497067953 0.9892176439030149
0.9831141647962447 0.9887802518502800
0.9840525880354257 0.9887666556905778
0.9839352312234759 0.9882625126395864
0.9822457769245643 0.9869427651189594
0.9793572472721597 0.9850297360984185
0.9759729638653204 0.9830213400562962
0.9728519452850468 0.9815091104696035
0.9709978425176874 0.9811801406172732
0.9718146744238274 0.9827782124587001
0.9765850423610279 0.9867451485996747
0.9852265979425030 0.9925925612897982
0.9952032444963700 0.9985201040939479
1.0074582198094171 1.0054882846271005
1.0045025283425173 1.0027262513394113
0.9946004517559230 0.9960231967861689
0.9827106799507390 0.9884639867927408
0.9750536259222771 0.9838107378223521
0.9755992690981455 0.9844807105362217
0.9843956336467199 0.9904521963203580
0.9980700302591357 0.9995500218920585
1.0119260991362879 1.0087800922976495
1.0224835025174213 1.0158560232910105
1.0287173480146217 1.0199314444171139
1.0312145233449732 1.0212193304588479
1.0305819211905507 1.0201799732534309
1.0269256912004687 1.0171580169697314
1.0205832659656882 1.0126156472886394
1.0128444080162127 1.0074259185817966
1.0056964453935715 1.0027604597539825
1.0008966611703176 0.9996457460799906
0.9992489412406164 0.9985664596227696
1.0004700302157774 0.9993354199439834
1.0033879541458097 1.0011676144049289
1.0061489905384287 1.0028385277440137
1.0065404580647599 1.0029678510330009
1.0028137775598704 1.0005535001101353
0.9949157953750354 0.9956457857714973
0.9851801421024855 0.9896891350833475
0.9775830781001466 0.9850930257088607
0.9758720359876427 0.9841404166081141
0.9817071380064603 0.9878269438334548
0.9936500308114118 0.9952249538201008
1.0073683877862349 1.0036998662218364
1.0173156550423927 1.0100070263058982
1.0195312394402170 1.0118514646241903
1.0138471414174954 1.0090052332281612
1.0036368799714457 1.0031989130485786
0.9933991930203948 0.9969323980298613
0.9862784712563357 0.9921281915115049
0.9830135615934394 0.9894220777699430
0.9823505881373394 0.9882751147263149
0.9822775455068050 0.9876330152664552
0.9813226752586544 0.9866750236939874
0.9792193241764835 0.9852292301668018
0.9766664508404082 0.9836957022851861
0.9746079798585089 0.9826821645610873
0.9737597786477727 0.9827141588590171
0.9747002707002856 0.9841896922466747
0.9781376745371405 0.9874101700779773
0.9846619081890065 0.9923852294151305
0.9937498155882174 0.9983648035396302
1.0027734793605199 1.0035290995098063
1.0184255422034969 1.0123010274852575
1.0107681207074179 1.0066317663454014
0.9967371551733063 0.9973837677270126
0.9819874534180700 0.9880622327541174
0.9729418013037221 0.9826046695916121
0.9735789618113210 0.9834668040874032
0.9839723663207037 0.9906015411740978
1.0006968223667592 1.0017022466702636
1.0186517722078599 1.0134454872287708
1.0334819739371353 1.0230138114376959
1.0430703296788328 1.0289742413105045
1.0471340675212688 1.0311026699484289
1.0459348675088673 1.0297072523039441
1.0398353698289633 1.0252914863890374
1.0299133835266734 1.0187177273754713
1.0183816002698980 1.0113537454961186
1.0079740548925824 1.0047877978311301
1.0008002870780923 1.0002609696527727
0.9976049957182090 0.9982360812140966
0.9977535575585974 0.9983215740896153
0.9996417449597889 0.9994739443866428
1.0011814469308766 1.0003254671373654
1.0003508894383650 0.9995958162330579
0.9959766741839903 0.9966034117070092
0.9885659126146249 0.9917341622217323
0.9805193783966704 0.9865274952035226
0.9752701601486112 0.9831505325949441
0.9757349951068903 0.9834427076583294
0.9829050063456123 0.9880063962416303
0.9951413806590893 0.9957736752768207
1.0084674174932471 1.0042781428441037
1.0180617302755848 1.0106310148495048
1.0206009290784959 1.0128397196091119
1.0160354596778987 1.0107259036576797
1.0073342259063147 1.0058144574779984
0.9984421649219039 1.0003128682925362
0.9921352228879968 0.9959372691982737
0.9890492455864217 0.9932700692632537
0.9880218222800019 0.9918503674699911
0.9872583494880186 0.9907892924964263
0.9856119514520606 0.9894896544998265
0.9832367300253769 0.9880378045239361
0.9812765674012569 0.9870769766029662
0.9809823535838552 0.9873490878575338
0.9830289433119107 0.9892929208500764
0.9874706015148771 0.9929396132959555
0.9940882090274650 0.9980095409023779
1.0024511793063922 1.0039111786525281
1.0113050655501576 1.0095076217291681
1.0178704297722427 1.0129702192381116
1.0295632813153821 1.0191929381953286
1.0166404356519765 1.0103624958595392
0.9988040851751152 0.9987793201422431
0.9822004488640036 0.9882697880412843
0.9729822228876044 0.9826830023488784
0.9745604632936723 0.9841596223469200
0.9864268927966177 0.9922633744852227
1.0045787378070872 1.0042884132596086
1.0233357176724380 1.0165510214846132
1.0379125720283924 1.0260027109409087
1.0461246469051890 1.0311942225603294
1.0480253433818143 1.0320981723521043
1.0444455264534123 1.0293386411322387
1.0363082846586811 1.0237311783511083
1.0250473713273442 1.0163491910602198
1.0129486499422857 1.0086289191081179
1.0026011495231646 1.0021030780028766
0.9958807809424248 0.9978823056909231
0.9932923477751846 0.9962649050997334
0.9939723698673075 0.9966884603460996
0.9961316234872828 0.9979764529470723
0.9976521364279166 0.9987409083108505
0.9967543138064191 0.9978513899813328
0.9927152337645859 0.9948978051807607
0.9863810281028758 0.9904800987725417
0.9800313333899038 0.9861000346853637
0.9764730530040964 0.9835959441420626
0.9778077201667146 0.9843561512850975
0.9844816281146521 0.9886842378199160
0.9949627398510518 0.9955886447920724
1.0061567690644804 1.0030907273833192
1.0145630096453151 1.0089799168349556
1.0178343006868817 1.0117359674366988
1.0158797943247788 1.0111458987878610
1.0106956464540287 1.0082362167868235
1.0050456156748127 1.0045844161928619
1.0009554973362613 1.0014749841956034
0.9988994117892317 0.9993817478454918
0.9979649699085560 0.9979949249898390
0.9967892344067881 0.9967065824324601
0.9946963354134615 0.9952274435301468
0.9922967033839841 0.9939250926902217
0.9911384544234098 0.9936609858576922
0.9927260289078618 0.9952714741304788
0.9976622296558686 0.9990772390453019
1.0054459399162456 1.0047183146579264
1.0148479379684547 1.0113031122183784
1.0242869885104577 1.0176071836835812
1.0317177456032256 1.0221188607094316
1.0343847653583946 1.0231120368046054
1.0347777981914150 1.0225959788112657
1.0177851908360156 1.0113346098442546
0.9979745002712999 0.9984890982371191
0.9815104966786938 0.9879657563048312
0.9738220125307290 0.9832471329186677
0.9773340923814964 0.9858734657523328
0.9905120289898730 0.9947492490570169
1.0083820860189430 1.0065926307021988
1.0246457750094136 1.0174137426955949
1.0347024196554691 1.0243089932119556
1.0374629536194460 1.0264257708879292
1.0345080253701029 1.0245452404760684
1.0279459987932624 1.0199873840403233
1.0192763528887294 1.0139198924397359
1.0097050212872147 1.0073570792695272
1.0007207985974329 1.0013603206966928
0.9939846465757186 0.9969685387682165
0.9906741081801095 0.9948619392878377
0.9909234088749656 0.9950529513523098
0.9937227996483370 0.9968265590356736
0.9972444835061294 0.9989559826028321
0.9994399147776455 1.0001095210464446
0.9987821975234065 0.9993365912535831
0.9949518958020580 0.9964813790433561
0.9891039148113082 0.9923238316783729
0.9834377815365285 0.9883134808860042
0.9802372724770662 0.9859835138715595
0.9809205790016640 0.9863365182030791
0.9855615660286311 0.9894891784597163
0.9929810298526215 0.9946838303683665
1.0012425920442265 1.0005980397984220
1.0083327980077388 1.0058093332261486
1.0128286972867877 1.0092623110483765
1.0143425387398435 1.0105813113809787
1.0135429258899975 1.0101013322693160
1.0117033497948427 1.0085998412803694
1.0099781839684723 1.0068604243483286
1.0087931818218454 1.0052995722931022
1.0077392877727582 1.0038792565650541
1.0061074231052340 1.0023762788678625
1.0037477994525796 1.0008289016940781
1.0015921017751301 0.9998093441626019
1.0013559784592962 1.0002678302347345
1.0045879081072668 1.0030205679152553
1.0117283102387931 1.0082245378300383
1.0217687072107424 1.0151694848000219
1.0326148552322663 1.0224606882555118
1.0417350793944560 1.0283867484455727
1.0465612938777533 1.0312251331750097
1.0447127870481023 1.0295178490333767
1.0308136531496246 1.0205519796372171
1.0123127060917689 1.0083356250639370
0.9931298675090215 0.9957673879785893
0.9790131695407039 0.9865807948589076
0.9744568507649801 0.9837184759790291
0.9807685057238273 0.9879950341155869
0.9952170669966356 0.9975559997508275
1.0117297442850677 1.0085149310244030
1.0235621130985106 1.0167115870797310
1.0269158153392464 1.0197194814255763
1.0226002651355717 1.0176979569008437
1.0142602411658073 1.0125526498892237
1.0053647154358492 1.0064115907598119
0.9977414201461953 1.0007132501618190
0.9919816199959470 0.9962056717850792
0.9883811276091129 0.9933200545365507
0.9873429660695102 0.9923682173655399
0.9891285000806961 0.9934392658308834
0.9934074384728675 0.9961909800293450
0.9990262847063139 0.9997653566746227
1.0041697938779079 1.0029392541136479
1.0069185052256251 1.0044984379265616
1.0060501818964867 1.0037154627371592
1.0016996766202821 1.0007086687170803
0.9953989373171509 0.9964477594224548
0.9893659563984393 0.9923499241740368
0.9854834475633536 0.9896851768746429
0.9846184796482923 0.9891337886537002
0.9866072790721528 0.9906994868308041
0.9907220671806979 0.9939156436544712
0.9961519026369438 0.9981142602217502
1.0021514917691785 1.0025790866300874
1.0079199508236341 1.0065942609137708
1.0125671432159724 1.0095223693022672
1.0153910903578216 1.0109770136297898
1.0162555390073942 1.0109789850599711
1.0156276702322442 1.0099162731621665
1.0141552822171791 1.0082882753430704
1.0122000648781984 1.0064516217962627
1.0098389190449781 1.0046134452901156
1.0073597594491370 1.0030739573276442
1.0057267089918256 1.0024478599077793
1.0064501482542041 1.0035760441744392
1.0108187365541634 1.0071023523561078
1.0190033518758963 1.0129843709872657
1.0296440197423984 1.0202746752929559
1.0401806197256800 1.0273148093367690
1.0476619294254996 1.0321981828609368
1.0494917658822709 1.0332381115786562
1.0439404709359312 1.0293595572598628
1.0193424058346647 1.0138465524831273
1.0020596168250389 1.0022981818901711
0.9857079877444179 0.9913958714423411
0.9754403329214175 0.9845473696742246
0.9749023925195019 0.9841423163789847
0.9844356764278194 0.9903291944299278
1.0002360596893749 1.0005818410180018
1.0152814324676642 1.0105258297234816
1.0226492799696782 1.0159860192444237
1.0196545199097691 1.0151659621779203
1.0091054922594482 1.0093023852139456
0.9964876639986794 1.0013652597050069
0.9862694299030099 0.9941582681047705
0.9803641790615224 0.9892707251804369
0.9787205069754693 0.9871220396654514
0.9805448041335959 0.9874992053613961
0.9850781486672199 0.9899895937772758
0.9916881108261617 0.9940946494725560
0.9995592113179268 0.9991310626637541
1.0073952669322530 1.0041383071380476
1.0134569178556416 1.0079678657538127
1.0160725655854770 1.0096063205199284
1.0144473497308439 1.0086118600486449
1.0092351736635172 1.0053917530539078
1.0023346603980128 1.0010746828285282
0.9959399269161431 0.9969999646636115
0.9915134098445086 0.9941469263046661
0.9893920999294354 0.9928729448507503
0.9892001471971730 0.9930727570570832
0.9906033852353587 0.9945341930700100
0.9936845187768228 0.9971299179382340
0.9985908277293311 1.0006799065546119
1.0048281299718940 1.0046730822190562
1.0109683327124726 1.0082078214363113
1.0152159388088260 1.0103265159133514
1.0164687428316848 1.0105313560121523
1.0149410448487892 1.0090469279019969
1.0118020912345735 1.0066087927595444
1.0082836431332807 1.0040082809269628
1.0051456824337355 1.0018122470119797
1.0028553981311603 1.0004289394285857
1.0020652322245744 1.0003193936652723
1.0037357666334865 1.0020288159349089
1.0086545838722407 1.0059134338346043
1.0166954855950088 1.0117455680252683
1.0264116717557890 1.0185132075827750
1.0353121073924929 1.0245936587943258
1.0406523370457075 1.0282076381774037
1.0402333776410502 1.0279087772724540
1.0329544642444013 1.0229868527154116
1.0057325543611915 1.0054720399894725
0.9914528013970713 0.9957787812844278
0.9789274809884808 0.9872995810094540
0.9727733332988793 0.9830840110697280
0.9760620441286666 0.9850890514693296
0.9885126704746193 0.9930039158799301
1.0056154152061991 1.0038728005970545
1.0197614835256066 1.0130572895681242
1.0240649136477211 1.0164862598416715
1.0168001219613583 1.0129183901755276
1.0022239409443578 1.0044021219211368
0.9869988651342186 0.9946378771284490
0.9761435868631816 0.9868500665715257
0.9715526830450145 0.9826805341881216
0.9727212817882528 0.9822732810106130
0.9781029706900261 0.9849171812259233
0.9860980949698817 0.9896418649373679
0.9953968069423513 0.9955033271835059
1.0048321314938780 1.0015936777297734
1.0131002359871311 1.0069647028778808
1.0187325184465008 1.0106690861179366
1.0205276175402220 1.0120098464610834
1.0182497328966396 1.0108835751728960
1.0130070211526914 1.0079371794311964
1.0068214435718930 1.0043217755939797
1.0015723095030784 1.0011376477684819
0.9980867774339827 0.9989490166773757
0.9960639459228718 0.9977211937802075
0.9948572812079086 0.9971961670524840
0.9944122481265885 0.9973441994671528
0.9954632987469137 0.9984477912207409
0.9987426295203308 1.0007129757549666
1.0038957951391663 1.0037682533470373
1.0091327044231870 1.0065605936762194
1.0120974157043405 1.0078478303719240
1.0113905767282803 1.0069583784900769
1.0074614017942956 1.0042033781212027
1.0021141601473860 1.0006187921409706
0.9972278259562248 0.9973232411571857
0.9938715283421170 0.9950466601495491
0.9923397592402177 0.9941038512110045
0.9927184520154043 0.9946444520784007
0.9952653137909322 0.9968232337777427
1.0002232454269391 1.0006923865661801
1.0072791061284216 1.0059223363070278
1.0152044834856415 1.0116277816608457
1.0220335322968699 1.0164821276568075
1.0256552510119104 1.0190640262086279
1.0244144460424380 1.0182472033618173
1.0175588713387365 1.0135474747970865
0.9957542940816794 0.9988974787438002
0.9850551889007810 0.9915858584963002
0.9761153709271161 0.9855495702412375
0.9731570872094649 0.9835135238626869
0.9789955136843466 0.9871845693015421
0.9931562758157754 0.9960799819605133
1.0109557004284191 1.0071561246079961
1.0247177527309723 1.0158080692443072
1.0277619354074525 1.0181608643520550
1.0188541071412009 1.0133052517421308
1.0027968551931481 1.0036473810094912
0.9866235083963121 0.9931589064578481
0.9755034109055086 0.9851953998532484
0.9712927447872417 0.9813736980828554
0.9732594449478985 0.9816561450438590
0.9794581884004266 0.9850306874411173
0.9878295753156812 0.9902019016869408
0.9967270937303421 0.9960012334971364
1.0049279447552306 1.0014915402225815
1.0114106923272452 1.0059150836462531
1.0152750458572870 1.0086859167660553
1.0160194384657033 1.0095314871437027
1.0139930223814908 1.0086885063451729
1.0105116322218450 1.0069141840384177
1.0072905676804316 1.0051621983308328
1.0054619456880700 1.0040678983248916
1.0049176152051296 1.0036197986887514
1.0045784127757587 1.0033146867990843
1.0034855008660786 1.0027142833154679
1.0018153117630095 1.0019330546504521
1.0008268014195734 1.0015827312369479
1.0016864557861136 1.0021721052648309
1.0041833807936347 1.0034788878603353
1.0064863756282383 1.0044745942815720
1.0062869994790442 1.0039447422441568
1.0025021022918299 1.0013513027933960
0.9960863294519404 0.9972352217390126
0.9892866975459776 0.9928542918092400
0.9841555141666087 0.9894268707875200
0.9815998964698194 0.9875985230399078
0.9814558463384414 0.9874203842950915
0.9831705402294543 0.9886679661919334
0.9863749513990291 0.9911318871106226
0.9909226000681839 0.9946465228912295
0.9965205032681109 0.9989097482177479
1.0024079360775358 1.0033228996825543
1.0073890186157834 1.0070141073399743
1.0101234483427908 1.0090171635795699
1.0094177764681787 1.0084966568835974
1.0045334312302128 1.0050139316090434
0.9927914269925086 0.9963422632509600
0.9854853597176276 0.9914260435792017
0.9791748083207266 0.9873459134558668
0.9777680923159837 0.9865273447436310
0.9840851518376238 0.9906000413701270
0.9978852015236283 0.9992080504828783
1.0149078051100009 1.0095968898549810
1.0280314722494597 1.0175350219796968
1.0310236930364554 1.0194613652702256
1.0226859768352348 1.0145767214529684
1.0074560020377596 1.0051842458751439
0.9919443634149968 0.9950692099705243
0.9810895576943349 0.9874345772107301
0.9766767416839668 0.9837897200830971
0.9779152959859365 0.9839860663326394
0.9827387628433669 0.9868752079241736
0.9889603909960547 0.9910438131109433
0.9949391963720592 0.9953096748358298
0.9997182839421956 0.9988985470943148
1.0028435038541896 1.0014055313605779
1.0042001823936506 1.0027233903563399
1.0040709599858288 1.0030473916860780
1.0032793086053924 1.0028966863329380
1.0030559698041812 1.0029861420287023
1.0044377335132408 1.0038758832813985
1.0074874207004647 1.0055692813253556
1.0109787448663821 1.0073955589297718
1.0130360440163662 1.0083910296736316
1.0124796696569760 1.0079923417044159
1.0097975228488163 1.0064906040314836
1.0067566911570955 1.0048005077691089
1.0048985199142801 1.0036875066014059
1.0042106429884665 1.0030964922390433
1.0030938004216143 1.0021539791506868
0.9996895433760400 0.9998688256164742
0.9935031877969747 0.9959742000492551
0.9859251445364748 0.9912184630482552
0.9792689853042186 0.9869028633220042
0.9753023888291391 0.9841089239273516
0.9744451596653068 0.9832150776348487
0.9759771268308125 0.9839429235910513
0.9788166177147495 0.9857439179283555
0.9821965404529028 0.9881657029296702
0.9858292382309565 0.9909637047826562
0.9896449413597099 0.9939850187407159
0.9934818784677911 0.9970089398623124
0.9969635275325121 0.9996726258037270
0.9994816943090274 1.0014698785747966
1.0001708374406781 1.0017925188652195
0.9980697278248182 1.0001025357119624
0.9966571036423142 0.9978672085415734
0.9923992557936619 0.9951559849269650
0.9877043499859817 0.9924230852603998
0.9861056483359685 0.9917579527244522
0.9905879311893305 0.9948250239464116
1.0015122850511067 1.0016460859481859
1.0155897058610301 1.0100956945823325
1.0268534402380036 1.0166410960482295
1.0298625735593110 1.0181965417187044
1.0232693027786188 1.0139708935447809
1.0105446259054165 1.0058572156581995
0.9972583346686181 0.9971147173203072
0.9877550678857121 0.9905586012997686
0.9836463491511519 0.9874933893105469
0.9841381385035272 0.9876687252768147
0.9871765988462712 0.9898729044373181
0.9906201891626959 0.9926783083251909
0.9930176164963103 0.9949988355629439
0.9938424001481927 0.9963193739825092
0.9933158819973928 0.9966528354655704
0.9921266824495152 0.9963884612577847
0.9912554452325204 0.9961514390013587
0.9918375778038935 0.9966588557491891
0.9948420997633971 0.9984828816892778
1.0004989049644577 1.0017175751898753
1.0077698326970568 1.0057311174869825
1.0144188334707547 1.0092819585883142
1.0180292304400327 1.0111078883533324
1.0175058774661756 1.0106862859864987
1.0138314487576967 1.0085702168504160
1.0092615120993558 1.0059538896518456
1.0055875385271700 1.0037801616575437
1.0029216141044126 1.0021035131423688
0.9999173595900268 1.0001961743024805
0.9951775412893519 0.9972849873066811
0.9886615728585391 0.9933064287443855
0.9819017075711178 0.9890667564784799
0.9769462298765077 0.9857283125625647
0.9750475309517258 0.9840973584321706
0.9760821433701479 0.9842464801077188
0.9788986134621637 0.9856400562152704
0.9821411590475936 0.9875547694691503
0.9849312285108475 0.9894593657294176
0.9870559644776822 0.9911515933337183
0.9887615028541320 0.9926820630507657
0.9904676047105840 0.9942083956594938
0.9925445273271093 0.9958541318850637
0.9950483239236387 0.9975509692249179
0.9973984936634085 0.9988935476741865
0.9983435389447509 0.9991870563862187
1.0038629490236746 1.0014996985028572
1.0025566170396263 1.0008583829897577
0.9989661568333250 0.9991060661614340
0.9960217594827429 0.9978797907425935
0.9969067333621878 0.9988977321233242
1.0028495516498950 1.0027132984055578
1.0119200516568636 1.0080597443170622
1.0197016737158966 1.0123300205742185
1.0218385822848370 1.0130663270021913
1.0169350099878365 1.0095226634337324
1.0073861166581828 1.0031118049589600
0.9974919293500141 0.9964421637470301
0.9907880791838312 0.9918218290013374
0.9885747559837254 0.9902656116868094
0.9899721210230725 0.9913663823982606
0.9928681876585085 0.9938080797471688
0.9950906678573636 0.9961123658084747
0.9953047703080873 0.9972552279332215
0.9933449206046404 0.9969438268609581
0.9900185260306045 0.9955563466509674
0.9866829456825095 0.9939001117050602
0.9848511108992948 0.9929349784865830
0.9858360105495694 0.9934972291715760
0.9903142937616936 0.9959982918301165
0.9978254336028749 1.0001438807740604
1.0065155886259682 1.0048543925297426
1.0135980759006860 1.0085966147693768
1.0166708414677008 1.0101143586858385
1.0151693471324625 1.0091501619589833
1.0107087838694770 1.0065834083370968
1.0058715547588941 1.0038035660547706
1.0024230445027420 1.0017802270396015
1.0003505462624578 1.0005285139661331
0.9983241436349901 0.9993236354922539
0.9951008348592988 0.9974417212528436
0.9907130945787879 0.9948199799657759
0.9864916955084083 0.9921293221549216
0.9840364010611342 0.9902741519452537
0.9841066394774102 0.9897838111333114
0.9862446334510637 0.9905435929816554
0.9892069230964624 0.9919617896388102
0.9917315149410131 0.9933539617172951
0.9930933562044785 0.9942585575875719
0.9932259752628227 0.9945535036309040
0.9925822674299827 0.9944319863566553
0.9919762059439002 0.9943291791373357
0.9923837379328985 0.9947828653482027
0.9945122188811960 0.9961595747437665
0.9981803198247856 0.9983140971497521
1.0019854223034013 1.0004551815362037
1.0092799436301738 1.0043202554509276
1.0111497597546883 1.0057669016750808
1.0089683062524719 1.0050790875928177
1.0046984014323033 1.0032667427884623
1.0015844875146278 1.0020111305914510
1.0018105359784883 1.0024115915151157
1.0049431499133101 1.0041233050040252
1.0081875753127532 1.0055269300158090
1.0083469520134640 1.0048612836868684
1.0041852922579300 1.0015332822890732
0.9973280004802680 0.9966103364626562
0.9910396669045163 0.9921577688728240
0.9881238349715986 0.9900197676515223
0.9895187366138978 0.9908996056858961
0.9941189257123568 0.9941600768203688
0.9995374281345207 0.9982700535339568
1.0033005882868935 1.0015697781079764
1.0039147705109503 1.0029648489187946
1.0013318415412511 1.0022564324802083
0.9967262228751513 1.0000543302665146
0.9919074680052121 0.9974390333457736
0.9887257275693853 0.9955707510639293
0.9885688629840648 0.9953323439630412
0.9918933847980704 0.9970194895749069
0.9978500180000580 1.0001428081008823
1.0043077614817888 1.0035016654611122
1.0086238133890710 1.0056598571078321
1.0090437067091740 1.0056968710674983
1.0058388354421806 1.0037764221555789
1.0011540137663597 1.0010609595034698
0.9975705471864659 0.9989720324313869
0.9965055242325032 0.9983249319187673
0.9975677154629384 0.9989359947850071
0.9991696123531336 0.9999188013911645
0.9998506547968189 1.0003975538897487
0.9993024176783557 1.0000928811127419
0.9983522438250807 0.9993773061457842
0.9980866141901810 0.9988586743991650
0.9989741007596357 0.9989012863561375
1.0006374941633340 0.9994351524646075
1.0022413808754742 1.0000857951732613
1.0030186355762860 1.0004201104990520
1.0025370886821803 1.0001168608982769
1.0007150137987659 0.9990464819120077
0.9978634164862761 0.9973571630390428
0.9948500314385799 0.9955747565745834
0.9930868413563904 0.9945542690356349
0.9939948204752276 0.9951280991520713
0.9980495214452386 0.9975495928360265
1.0040353907774016 1.0011080911564272
1.0089625029603524 1.0041101836770436
1.0143204784207154 1.0077389532448016
1.0145544706695246 1.0086007934007075
1.0102735808055927 1.0069071394335709
1.0044421287187066 1.0041132841156257
1.0000164372185714 1.0017186672660221
0.9979068005148192 1.0001801207651750
0.9967204377296425 0.9987571270518922
0.9942719130936721 0.9963428532516566
0.9896428021656433 0.9925959668980967
0.9841508751864009 0.9884659638758434
0.9805300492514951 0.9857242800216608
0.9811721618650340 0.9859198709505316
0.9867499836621640 0.9895003621325962
0.9958630377917982 0.9955633112183750
1.0056728179747918 1.0022750346182645
1.0131710182734806 1.0076897683506045
1.0164623401036152 1.0105394423520091
1.0153789764685413 1.0106084858627096
1.0112041978633035 1.0085950981999581
1.0059052962573232 1.0056711752115097
1.0013939364288416 1.0030175708099940
0.9989931663990406 1.0014639078814067
0.9990519440727471 1.0012438090084586
1.0007463284714795 1.0019034473705666
1.0023133039025363 1.0024742215973572
1.0019085226848317 1.0019650909572972
0.9987889405150217 0.9999899681872531
0.9939815914163519 0.9971159603892984
0.9897875294709922 0.9946163568794222
0.9884196786838129 0.9937490463372551
0.9907517749066523 0.9950445662098834
0.9959452745375629 0.9980537260431792
1.0020718471755561 1.0016695358188596
1.0072660863424960 1.0047703588008470
1.0106261178656786 1.0067460219655924
1.0122976821159626 1.0076004879869263
1.0128913647610522 1.0076849091986111
1.0128891084362908 1.0073673663731662
1.0124824154787238 1.0068721010931094
1.0117175566316619 1.0062738465171708
1.0105655455673643 1.0055052707679599
1.0087912895016142 1.0043322484524251
1.0059150769056346 1.0024196927369702
1.0016126931056661 0.9996108146954850
0.9964146231288910 0.9963053793277882
0.9920219436235498 0.9935811790875878
0.9906804583176461 0.9927873081311920
0.9938296912734714 0.9947471501246530
1.0008717908912914 0.9990716581960195
1.0026096480786406 1.0006497067890476
1.0114946873009172 1.0064513717684616
1.0152756107834198 1.0094419505808061
1.0129933892195981 1.0089541601191259
1.0068751019397195 1.0059949575001201
1.0001918373040011 1.0021932800819868
0.9947863070869020 0.9985400594409380
0.9902804939606407 0.9949429517549675
0.9852546650771077 0.9908248751986750
0.9791899385054484 0.9861477175893220
0.9735021227413181 0.9819530049208860
0.9708839886676920 0.9799734900304267
0.9736525153349670 0.9816485226772308
0.9823402629829995 0.9872473317129686
0.9952438210339766 0.9956055948689284
1.0090449440486717 1.0045801485293924
1.0202335615949867 1.0119698436341256
1.0266071599391162 1.0163986975411912
1.0279334313629058 1.0176774848236820
1.0254889309783972 1.0165424558348253
1.0210767948321171 1.0140923627191585
1.0162596878145631 1.0113079312379833
1.0120070461458170 1.0087975531837161
1.0085714658172718 1.0067135739226638
1.0054949527006491 1.0047866602911901
1.0018788876580458 1.0025138665186584
0.9970182680469235 0.9995195584027048
0.9911291230990961 0.9959437011755560
0.9855958528874351 0.9925762736567441
0.9824175910177614 0.9905673643770756
0.9831745217234229 0.9908526234873346
0.9881812970787194 0.9936479122067405
0.9962950130930017 0.9983091676251918
1.0054269222789223 1.0036159056086438
1.0134397064595424 1.0082923011737626
1.0189098174494229 1.0114626692318853
1.0213760516999593 1.0128294591526459
1.0211421384157002 1.0125911475173368
1.0189885525756144 1.0112619021615996
1.0159718227872625 1.0094932364073996
1.0131627121559172 1.0078662997416876
1.0111708554129566 1.0066239559421930
1.0096536709945672 1.0054629696838324
1.0073239864894419 1.0036292346368503
1.0028186480166887 1.0004444806951038
0.9960483200724559 0.9960185654068305
0.9889160195614769 0.9915809916295060
0.9845821520874997 0.9890280849010369
0.9856632468380110 0.9898762168963570
0.9925181226580063 0.9942660631408479
0.9936247625912245 0.9957468143970677
1.0055483231975690 1.0034339182069210
1.0133908757421741 1.0088075664102834
1.0147507255632975 1.0104061293822784
1.0107788505633495 1.0086448093074096
1.0044970337236829 1.0049897157257532
0.9981228610562760 1.0006344429281306
0.9918443335055653 0.9958503276857907
0.9847553113197552 0.9904242390383226
0.9767683625859021 0.9846182773852431
0.9696691995524228 0.9796966974763835
0.9664245521181662 0.9775193769671391
0.9694493456091416 0.9795224690800424
0.9791296466572422 0.9858195792281407
0.9933834233825820 0.9949760843220805
1.0084505933937780 1.0045893382663318
1.0206157629006358 1.0123744888620267
1.0278922703868696 1.0171176169245297
1.0304941241104513 1.0189127911930997
1.0299186172682686 1.0186563008717284
1.0276504669920998 1.0173131404403848
1.0244829616826057 1.0154689297016490
1.0205838660973086 1.0132885382923520
1.0158551559369673 1.0106953364232023
1.0102033569138873 1.0075635994836214
1.0036862587024025 1.0038599180632610
0.9966740947585510 0.9997661369631616
0.9900161405556704 0.9957728563605887
0.9850027845904414 0.9926480510621690
0.9829850184852262 0.9912145208236766
0.9848016239471957 0.9920110347616005
0.9903361062422276 0.9950160007263679
0.9984425220490181 0.9995855033547827
1.0072733026772407 1.0046396931622898
1.0148513629976679 1.0090069075137900
1.0196339172482285 1.0117722602841912
1.0208829732808089 1.0125119781747889
1.0188197131055965 1.0113814963200338
1.0145912888625024 1.0090642893589059
1.0099787785622163 1.0065595927825266
1.0067504668251683 1.0047889487732040
1.0057708988411416 1.0041105854332839
1.0062941276786208 1.0039928745418223
1.0060608857039894 1.0031647202717995
1.0025830011706298 1.0003704629336729
0.9950905293678917 0.9953845057063906
0.9856399426841681 0.9895382348117757
0.9782672435379633 0.9852300262034741
0.9767529788793414 0.9846608294366126
0.9825079634678813 0.9885799027075507
0.9867370743375199 0.9920064497638746
1.0006044963995284 1.0009128909054934
1.0118839799614132 1.0082707165889759
1.0172188338115149 1.0120908520434881
1.0166981968942161 1.0122350015976054
1.0126932376150586 1.0098229699674006
1.0072632937166470 1.0059614962385224
1.0007193703388453 1.0010110331251043
0.9924191584744007 0.9949403609576006
0.9826740526995540 0.9882482978773516
0.9737537811849520 0.9824462338595190
0.9690122368948811 0.9795632390385569
0.9709494008003973 0.9810308101908273
0.9796497072341429 0.9867542539564809
0.9924709782565144 0.9949823900561575
1.0052187003582522 1.0031091929969189
1.0143478300264182 1.0089903413415486
1.0187776761430511 1.0119305089662842
1.0198848398890701 1.0126695780880770
1.0198617729167836 1.0125120596509474
1.0200249657933409 1.0123760779747888
1.0202613319557530 1.0123915864902278
1.0195937053729927 1.0121147032654989
1.0171441017782745 1.0110246806108749
1.0127763029632832 1.0089173090684072
1.0071329620925618 1.0060059496312987
1.0012708108705812 1.0027889179621099
0.9962638347007077 0.9998519380196264
0.9929643339521095 0.9977181745983309
0.9918956783883662 0.9967594183481989
0.9931968636016159 0.9971393459211283
0.9965856568297886 0.9987692138245698
1.0013524498209623 1.0012833199660729
1.0064200962167111 1.0040655990361509
1.0105095733304770 1.0063601667332533
1.0124358368166806 1.0074709140622990
1.0115141955866471 1.0070124222154175
1.0079600170368372 1.0051260838705542
1.0030441702521988 1.0025350796729127
0.9987660082608123 1.0003275642596527
0.9970173841981594 0.9994689874580666
0.9985167794156021 1.0002164726156377
1.0020329235373164 1.0017535415520145
1.0045421594885116 1.0023892182143985
1.0027425357248230 1.0004476425695383
0.9953668582117525 0.9954596893252731
0.9845561728272131 0.9888103162705123
0.9749520650668556 0.9832332437609588
0.9711831628793149 0.9814235625331439
0.9755145702818991 0.9846360684471542
0.9852570477056212 0.9912955229532201
0.9994027575403815 1.0003843876547167
1.0122170986684478 1.0085797843101834
1.0201209807287404 1.0137700119197486
1.0225842232683244 1.0155152799731186
1.0213015641350764 1.0146054677876413
1.0178533032286017 1.0119064441558006
1.0123137407859968 1.0076596830518185
1.0040365474237993 1.0018311508872417
0.9935697826391309 0.9950189632385379
0.9835727280228762 0.9888834699512193
0.9777026912954401 0.9855429783777458
0.9784170749746106 0.9863429091767004
0.9853106458682477 0.9908966248517445
0.9950040024084121 0.9970855459232462
1.0028672325925274 1.0021451781215489
1.0058238697621971 1.0042494475542307
1.0041980231577878 1.0034889666008540
1.0009962609132195 1.0015159100876172
0.9994519781227258 1.0002578649105318
1.0010055255828452 1.0007513007593203
1.0048835450727647 1.0027801011763378
1.0090350873727074 1.0053041545154375
1.0115779748260678 1.0072362735239488
1.0118451777932087 1.0080473557401091
1.0104678322508047 1.0078834646879875
1.0086409812758204 1.0072453729450312
1.0072518504555505 1.0065550789098656
1.0064710933485479 1.0059268873228588
1.0059405572943805 1.0052417872886055
1.0052709702265077 1.0043885012932983
1.0044067226798836 1.0034333813304119
1.0035821154062528 1.0025725732505055
1.0029609362598086 1.0019250464264331
1.0023105624961401 1.0013639078933025
1.0010229268200108 1.0005506369127437
0.9985371747708855 0.9991835272978635
0.9949166937169334 0.9973098939827693
0.9911608912904539 0.9954760597092567
0.9889384121671587 0.9945551886116863
0.9897663157253920 0.9952738290649528
0.9939802448220375 0.9976486908419777
1.0000144506248185 1.0006588400588476
1.0045952704524086 1.0024730968888700
1.0042521480647288 1.0013384238556109
0.9976138970730779 0.9967503922261944
0.9867906208639693 0.9900899444168826
0.9765029442626041 0.9841355578966030
0.9716050852919997 0.9817080180164223
0.9747511334144318 0.9842854409405003
0.9896454056640009 0.9938410680621429
1.0020366496457842 1.0018748004651017
1.0135363109812239 1.0092400135575648
1.0211480751802897 1.0141551079778299
1.0244611586841483 1.0162805420456233
1.0248608691120573 1.0162901695245683
1.0234549102179828 1.0148315838622979
1.0199013562559742 1.0119285888265590
1.0132830236766084 1.0073774732250487
1.0040494309382737 1.0016657477532298
0.9949000028558571 0.9963840946761340
0.9895225522122256 0.9935608041345775
0.9901711096426218 0.9943449956048422
0.9958664301190417 0.9980138707787976
1.0024575671455356 1.0020879223608550
1.0049263716036918 1.0036918809200903
1.0008004291465464 1.0013904573927572
0.9919278636506847 0.9961235061109985
0.9829635178797022 0.9904955421874826
0.9781980959021566 0.9871145449456661
0.9793836657073632 0.9872636665206185
0.9854764186016759 0.9905761640454603
0.9937680626370894 0.9955987854740329
1.0015589234297593 1.0007454306356611
1.0074797096642794 1.0050652292467483
1.0117217660911484 1.0084174415858438
1.0151559707943445 1.0110596896835511
1.0181520427601951 1.0130649656348794
1.0200518162204655 1.0140569042497773
1.0196594929165232 1.0134562634715025
1.0163004858378872 1.0110071685121145
1.0105279780793675 1.0071181504747970
1.0038731667553187 1.0027198472018028
0.9979109303199027 0.9987677457176117
0.9934360531774826 0.9957885687166991
0.9903031321184597 0.9937744004452010
0.9879201228066097 0.9924380875391122
0.9859757200571168 0.9916038790001245
0.9848767759187198 0.9914419131576477
0.9855866325442780 0.9923746665923806
0.9889424377085543 0.9947001271392794
0.9948184608636309 0.9981523362794906
1.0015995522143948 1.0016827898395591
1.0064304793101571 1.0036999069512491
1.0064946564140111 1.0028132062596340
1.0008407345690060 0.9987580622330909
0.9914310524368347 0.9928616870399919
0.9823973214815243 0.9875986005356792
0.9779885039512544 0.9854420648642452
0.9805777636440522 0.9876863977392930
0.9976176076721857 0.9982735296912530
1.0064168305568633 1.0041947104250322
1.0137300030555694 1.0091078968907479
1.0178303654748138 1.0119412399903276
1.0191717481888660 1.0128632943548470
1.0193730982155833 1.0127394693375531
1.0193431835544950 1.0121606394478215
1.0183723969353558 1.0109556863015170
1.0150911567356109 1.0086391731148228
1.0094262033436026 1.0053529706952780
1.0035820570225034 1.0023287427563294
1.0008711311083820 1.0012750058219002
1.0032134081723043 1.0030570741345179
1.0091652642269313 1.0066696944665352
1.0140104568031625 1.0093923154645321
1.0124769489169192 1.0083184490441066
1.0026237870409229 1.0023604850748431
0.9875262191255610 0.9931396809985351
0.9731170979278662 0.9840095960199389
0.9645154550668981 0.9781380886595278
0.9638209380159053 0.9770859443943913
0.9700150496859806 0.9805086801817915
0.9801787326469878 0.9867813136228897
0.9912043789302807 0.9940261836474280
1.0012178089149597 1.0009663220842315
1.0099265607329528 1.0071544979828593
1.0177251660443913 1.0125366510519407
1.0243695188880213 1.0167988076175656
1.0284076066319749 1.0191044261568416
1.0279553532620549 1.0184990901123192
1.0222489043268714 1.0146767436883353
1.0125837203408259 1.0084380468476215
1.0017495649495245 1.0014167856374505
0.9925137353184660 0.9952992547697794
0.9864093286301440 0.9911319782903922
0.9835121453385121 0.9891200629697166
0.9830354953601345 0.9888974054396046
0.9841602246000832 0.9899720124906892
0.9865414234323947 0.9920222521216507
0.9902442857038751 0.9948903313683911
0.9952651234947576 0.9983518312560575
1.0010209652236581 1.0018770389384775
1.0061581339721049 1.0045844735593950
1.0088801441423232 1.0054817661956668
1.0077866667110593 1.0039470984630339
1.0028555547058060 1.0002250326851712
0.9958715666615389 0.9955848460928278
0.9898267508942997 0.9919173075239889
0.9875661661737928 0.9909144159605395
0.9904408958634477 0.9932621374045055
1.0053947519024349 1.0024331846142118
1.0098604114475238 1.0058645976640392
1.0114282874548139 1.0074806580415610
1.0099839432682043 1.0070912817381439
1.0072860586201282 1.0056237720743428
1.0056123288549963 1.0043931546501754
1.0060255846506705 1.0041452355060847
1.0076746167648909 1.0046340427394902
1.0087314211774097 1.0050734667537977
1.0082829134061688 1.0050840829341470
1.0075214730922912 1.0052730679333095
1.0089631696241619 1.0068174213009362
1.0141270979227670 1.0102687594058894
1.0214305074112033 1.0145124642318570
1.0260999483648043 1.0168500346613421
1.0229091264721872 1.0144963123313067
1.0102154517827617 1.0065954222314266
0.9916411166280628 0.9950918908476800
0.9737015985346582 0.9836804053570174
0.9619573067116015 0.9758162524446823
0.9587980390360356 0.9732655215945611
0.9633971104971973 0.9758038020944025
0.9729345643901712 0.9818386063227050
0.9842773609812165 0.9894404334928474
0.9954024755628288 0.9972177938654542
1.0057898648850414 1.0045715735457406
1.0155409087755709 1.0112550769936111
1.0240007257906962 1.0166934882936276
1.0291838783756722 1.0197332767862179
1.0287456828976682 1.0191576584851487
1.0218705038733953 1.0146205425288881
1.0103601552121111 1.0071873887685070
0.9978295845647249 0.9989668519465397
0.9877867641728474 0.9921302338795508
0.9821817881035151 0.9880551955315917
0.9811612365326722 0.9870566734621150
0.9837163289472763 0.9886549238128498
0.9885375980928979 0.9920375139797138
0.9945248000455854 0.9963834988030599
1.0007915407698440 1.0009314981155522
1.0064253338891902 1.0049143640985216
1.0104082277103799 1.0075670944912576
1.0118640905913745 1.0082949023936862
1.0104517667271791 1.0069117597299111
1.0066215197283579 1.0037996259281849
1.0016017525813901 0.9998966627528777
0.9971166245576810 0.9964851543340957
0.9948680939507432 0.9947946686311547
0.9958801504385438 0.9955192152346108
0.9999290347771127 0.9984466225877554
1.0096057231961320 1.0045088435892575
1.0107977571924847 1.0060787074958335
1.0073451386073906 1.0048181340060909
1.0005359955769388 1.0012836844754123
0.9934104485679398 0.9971534119856815
0.9890845938127089 0.9943105929195811
0.9890839429257937 0.9938457644905231
0.9927268466434785 0.9956158844726167
0.9979013875613382 0.9986201662956540
1.0027773101394044 1.0019074387856270
1.0072231941860634 1.0053065572385314
1.0126427783055834 1.0093291600732850
1.0201498348020628 1.0142453337273367
1.0284884291906580 1.0190864339186008
1.0335909024405636 1.0215488639452242
1.0308150204000963 1.0192142311647976
1.0186119998561951 1.0113566138073442
1.0002651230962309 0.9998081365410753
0.9819115523624132 0.9880753820594759
0.9689851794576406 0.9795139210251608
0.9640062740449409 0.9759269068441478
0.9664094443741188 0.9772209711503812
0.9736590461536413 0.9819641021304355
0.9828709976339982 0.9883723782315298
0.9922141227790320 0.9951687000257718
1.0013015393240878 1.0018342785276266
1.0103022322318478 1.0081578915358567
1.0185323897214120 1.0135316661955041
1.0238514826470628 1.0166886971100006
1.0236762448648766 1.0162555611583888
1.0170141708303047 1.0117750784267523
1.0056932973779051 1.0043288812597584
0.9935508947922708 0.9961735619889166
0.9843760176607069 0.9896866911011322
0.9803267726424565 0.9864191091043947
0.9816205293837327 0.9867614480515522
0.9871479911030646 0.9901749828396027
0.9952797733372870 0.9956280764533704
1.0043242126961252 1.0019105796016530
1.0125544983364398 1.0077445841600936
1.0181856824066982 1.0118626902944485
1.0197476833762280 1.0132594833744748
1.0168063280827773 1.0115884229719534
1.0104214830699256 1.0074207122700369
1.0028334283708251 1.0021169746927543
0.9965630027865874 0.9973562478369813
0.9935198127174507 0.9945747956621306
0.9944704906966599 0.9945220656651712
0.9988416082744410 0.9970130258504047
1.0047818479720487 1.0009233699198481
1.0089827977200905 1.0039362903633278
1.0095641373698152 1.0051252249205820
1.0039284065664444 1.0025664661711942
0.9939714583240891 0.9971270287945874
0.9835694601592568 0.9909707343895238
0.9766671304006813 0.9865185293767236
0.9755163524320390 0.9853458973139332
0.9799401033274613 0.9876128517927834
0.9878251020163505 0.9922739700360711
0.9965691421440190 0.9978933889665966
1.0046744245883474 1.0035202598510660
1.0123004461198628 1.0089772352276112
1.0201957498240690 1.0143236340312818
1.0278574132508789 1.0189768879935790
1.0326651120020025 1.0213804479069164
1.0311956364261547 1.0197530047236623
1.0220100151237252 1.0134808340497357
1.0073583882400543 1.0039434971526082
0.9920534602540508 0.9939740440794983
0.9807054124017620 0.9864169273606370
0.9756504346716980 0.9828761602805159
0.9765263071367529 0.9833135010778978
0.9811514277647010 0.9864929790082685
0.9870495883431697 0.9908897476093816
0.9928301667607267 0.9955132315512644
0.9985592812581563 1.0001374405189587
1.0048337165880212 1.0048213152420875
1.0113198658561957 1.0091606488680946
1.0160639701493523 1.0119714123181109
1.0164007069011141 1.0118031086096040
1.0109755301957777 1.0079839189081328
1.0011510492989639 1.0013443062063321
0.9904423244347103 0.9939726340157139
0.9825657086568859 0.9882142774559658
0.9797885960328719 0.9856925546251184
0.9824940374079431 0.9869037579076714
0.9896896393810365 0.9913772410163250
0.9997264739586909 0.9980529297549398
1.0106703716472090 1.0055514375032368
1.0202802346179984 1.0122774242195542
1.0260805505135466 1.0165712956621324
1.0260623763130439 1.0171378480012438
1.0198416684044742 1.0136564779531407
1.0092957033710306 1.0071305300507534
0.9979259728332183 0.9996139738798767
0.9893538592790838 0.9934313038447474
0.9859742699721032 0.9903392623558852
0.9883152497762151 0.9909798878208437
0.9950009507947281 0.9947123714293364
1.0031108175084182 0.9997975661981232
1.0048133152556393 1.0015602122849183
1.0078671882929815 1.0040663833761823
1.0037460446966064 1.0022691537111870
0.9938133506361767 0.9967491740623777
0.9820431704406265 0.9897162723679556
0.9730561995378006 0.9839724581742544
0.9700498153262456 0.9816529116448549
0.9736769410963136 0.9834086949903823
0.9821462747997193 0.9883661695936774
0.9923826167452019 0.9948046530341322
1.0017386444834517 1.0011443517077891
1.0092276004339431 1.0066129975648908
1.0153027756917221 1.0111359311685353
1.0203931963205666 1.0146287458307759
1.0236421513352669 1.0164363268216716
1.0231894520607843 1.0155557022993309
1.0178846468744396 1.0115273445990480
1.0087911391650861 1.0051646011127060
0.9989432356172008 0.9983860616502587
0.9916083015958348 0.9932543943990533
0.9885576411784476 0.9909599872167537
0.9894234081693590 0.9913881421058436
0.9922878667338088 0.9934397098244575
0.9950811908172292 0.9958517788608764
0.9969470489795271 0.9979843822346968
0.9985908861494666 1.0000256014693243
1.0012854803775375 1.0024672140320221
1.0053167577006714 1.0052855640317200
1.0091531213491705 1.0075278707482977
1.0101505869828624 1.0077259212344909
1.0064617034200907 1.0049138662628705
0.9986371511030256 0.9994668462686978
0.9894830122862623 0.9930647969487219
0.9823985629775255 0.9878466036797898
0.9797151096369358 0.9854511369635686
0.9820978583578169 0.9865388924096258
0.9889099737454115 0.9908597257579890
0.9988347397815208 0.9975518799357768
1.0101520418326027 1.0053440655666093
1.0205971349712983 1.0125988058158077
1.0273395309748115 1.0174378081613262
1.0277494347677714 1.0182276501160716
1.0208677787038487 1.0143501592533422
1.0084336396269755 1.0067378652511181
0.9943766630828765 0.9976730545633981
0.9830787333274603 0.9899083194701220
0.9776767751825561 0.9856419979744492
0.9792000399213997 0.9858197189894815
0.9864602089161114 0.9898975493982802
0.9963879394477079 0.9960166697823775
0.9998705270808095 0.9989959266625850
1.0074498463200641 1.0039551002088341
1.0078344815323836 1.0045856220528151
1.0008072068815690 1.0006507521502195
0.9895701394328279 0.9939204391390338
0.9790848908354983 0.9873193693506962
0.9735880898575487 0.9835195050293893
0.9748250126242777 0.9837910278091169
0.9816492535121467 0.9876464826105674
0.9909159343407163 0.9933492323202019
0.9992687694142537 0.9989630160155859
1.0048965126477778 1.0033158422838298
1.0080326537466731 1.0062583762930379
1.0098669375349705 1.0081332496615387
1.0110042399200712 1.0090505080480920
1.0109340896294039 1.0086820424740677
1.0088729316216496 1.0067253830250258
1.0050070489502161 1.0035177451030868
1.0008410959055669 1.0001471765625081
0.9983118711746168 0.9979049814152642
0.9984631191009100 0.9975075050041948
1.0007027089608043 0.9986650487695826
1.0031603872493431 1.0003054734565988
1.0039870710886771 1.0013290440868337
1.0027451915205228 1.0013835843451528
1.0007642458773693 1.0010630965641001
1.0000675418754648 1.0013387920191199
1.0016851607952573 1.0026501458454653
1.0046394034532493 1.0043629308128665
1.0063959864852705 1.0050428878613198
1.0045948084827938 1.0034076219810462
0.9988193768776759 0.9992727459244917
0.9909481491372586 0.9937676421319634
0.9839049046129834 0.9887134301930317
0.9800541125193845 0.9857295195656033
0.9804315757721737 0.9856885925514843
0.9849370921602981 0.9886805761034494
0.9928576527934904 0.9942247973470498
1.0030659929367558 1.0013982224220135
1.0137434083548778 1.0087915033122292
1.0221280432114053 1.0145270709249785
1.0250617390438193 1.0166696135433371
1.0205257660985265 1.0140542182679926
1.0091683921138448 1.0070530925427796
0.9944050416493195 0.9976544389203896
0.9808928298066441 0.9887170241883454
0.9725974151654175 0.9828760146974269
0.9715791785791038 0.9816694693305564
0.9776315209983247 0.9851226173919049
0.9884021726922180 0.9917588270142965
0.9966778947243553 0.9976456472584283
1.0088810198922122 1.0051049288524538
1.0148871177998178 1.0087705985099980
1.0123953943902568 1.0073396192536679
1.0030967968857969 1.0017676265699049
0.9917659884054123 0.9947853500061822
0.9835151744269822 0.9894427272184914
0.9812672697314987 0.9876309044903057
0.9847704197213472 0.9893924381748214
0.9912450633201298 0.9932437228627050
0.9971964564761157 0.9972218468537533
1.0004516018908498 1.0000101396316909
1.0010864519642371 1.0014272679308609
1.0006184392911455 1.0020352780092590
1.0003737763981906 1.0023501337981440
1.0005375497800464 1.0023984395208607
1.0005193427251673 1.0019311622755147
1.0000231938060267 1.0009649572655448
0.9996817739997030 1.0000548905168389
1.0006367500309885 0.9999960464062109
1.0034563608073592 1.0011887537469359
1.0073299445725092 1.0031978743619854
1.0102746727872498 1.0049070228063528
1.0104027542638341 1.0052455253259100
1.0074111565810149 1.0039958733388690
1.0030249154436066 1.0020291433073607
0.9998890150352121 1.0007186292471415
0.9997422056668122 1.0009451499480391
1.0021951408580636 1.0024149649335512
1.0049056997044088 1.0037719464750203
1.0050860913026014 1.0034521333736359
1.0013717105456581 1.0007073027550204
0.9946485424316590 0.9960709289997096
0.9872814908822379 0.9909921748256002
0.9816362464007363 0.9870427052229978
0.9791472288975642 0.9853158502404448
0.9803109120180229 0.9862811155184472
0.9851006962599586 0.9899095602671315
0.9931237272992810 0.9957440066967526
1.0032697687522560 1.0027843298653376
1.0132365764055047 1.0093777927411205
1.0196986533716421 1.0134624648065713
1.0195943267818208 1.0133146534435797
1.0119629848237579 1.0084729084961523
0.9988755367653078 1.0001884638937737
0.9845909915517566 0.9910225530683615
0.9736673336599655 0.9838520170399767
0.9693599254261882 0.9808626904311606
0.9728522974247055 0.9828997678700325
0.9830518784530169 0.9892243044592509
0.9962423970585104 0.9979794241135241
1.0111459325880112 1.0068431433799205
1.0216134964967365 1.0128875568054507
1.0235496716332382 1.0138827988372425
1.0168658107613158 1.0098519573706002
1.0055666546348772 1.0030394464170880
0.9951294891802259 0.9965702007230368
0.9894019825592304 0.9927691464092481
0.9890624794550015 0.9921997745844643
0.9920265515196715 0.9938091348278427
0.9952050687059369 0.9959052834590371
0.9965530847240777 0.9972904562928423
0.9960832599630727 0.9978097480900353
0.9952005484149906 0.9980283491316855
0.9951563860745175 0.9984639924081647
0.9960589077776624 0.9991016157614531
0.9971453237891431 0.9995550869164083
0.9978504342708985 0.9996227737645821
0.9985695231047014 0.9996497616796204
1.0003636125642812 1.0003153217298655
1.0038594815504183 1.0020034913391509
1.0083049777929698 1.0042951653209720
1.0116487660376079 1.0060547023430175
1.0118124017462169 1.0061538378133019
1.0083323994945959 1.0043482449076331
1.0029856740575700 1.0015988648861371
0.9987472194016289 0.9995171543242782
0.9978791941314884 0.9993167489368269
1.0005147249004014 1.0010041222722021
1.0045576128313607 1.0033272130584185
1.0069357254790339 1.0045107784574947
1.0054830113425894 1.0033151108804945
1.0001602278970039 0.9997151336013546
0.9927623362340176 0.9947853670457945
0.9856168075262308 0.9900227865933223
0.9805044571272932 0.9866989541294574
0.9784308114308655 0.9856043814032566
0.9799267119076757 0.9870973503706186
0.9852155088938388 0.9911526889041706
0.9939006892214252 0.9972324997440890
1.0043967563265934 1.0040915406362452
1.0137429094779711 1.0098294303678890
1.0184041312304819 1.0124280013552069
1.0159805683758110 1.0106492119602675
1.0067468454046766 1.0047713370057281
0.9937731934360424 0.9966378916180012
0.9815586324307536 0.9889743687530135
0.9742624928392813 0.9843959343859415
0.9744606691464387 0.9845508893521531
0.9825083375825442 0.9895866416432311
0.9978208519685561 0.9994340146028816
1.0122279999947557 1.0078863977563026
1.0242596361974643 1.0147145736570957
1.0289709336186483 1.0172252504397015
1.0248698643718377 1.0146954310521141
1.0147995318500502 1.0087118471534047
1.0038262193829848 1.0020871319516818
0.9960556584287239 0.9972008670146998
0.9927836438162172 0.9949250447089774
0.9926931469821315 0.9946447172490878
0.9934631177201689 0.9951204616824963
0.9936051029946503 0.9954991540765163
0.9932751970161313 0.9957641508715610
0.9935834565993004 0.9963899881551918
0.9951979590355167 0.9976279936789511
0.9975523705564324 0.9991102395499279
0.9993135808748088 1.0001173315033609
0.9996483817013422 1.0002475639185791
0.9990997920481172 0.9998535752997548
0.9992054390041870 0.9998075059018101
1.0011521603765179 1.0007589869735025
1.0045887902560942 1.0024956963642901
1.0075731280389180 1.0039493228907690
1.0078497663095463 1.0039221503726830
1.0046388506133290 1.0020445845665324
0.9994853838508323 0.9992100271770968
0.9953790006137141 0.9970959651977339
0.9948501715673025 0.9971066078242007
0.9984135392881553 0.9994690430399461
1.0042217502809017 1.0030363842841126
1.0090619056851293 1.0058987083133613
1.0101778248693980 1.0064388691448583
1.0067711750702417 1.0041701504155263
1.0001272004392485 0.9998356306333755
0.9924972731178373 0.9948379469727008
0.9858844352668819 0.9905450174162805
0.9815864607260517 0.9879281931122632
0.9803974329010650 0.9875566206394052
0.9828564505494269 0.9896781360686722
0.9891009458460454 0.9941544885644829
0.9983649774220745 1.0002598053845568
1.0085683239198584 1.0065711616395305
1.0165583288688236 1.0112147710583468
1.0192602171536929 1.0125276293440202
1.0152673285069853 1.0098540415013988
1.0058079992792899 1.0039980139498288
0.9943622618610891 0.9970289831840700
0.9852493338474799 0.9915438492723330
0.9820711303000488 0.9897379110922417
0.9865522676778337 0.9926005860860263
