TIMESTEP:
9000
TIME:
90.0
DATA: p c
0.0001083774864310 0.4494635874524380
0.0000497036587436 1.1362113676494372
0.0000177405962827 2.8827086940703150
0.0000060965112923 6.0727746382721284
0.0000045860169884 2.8792254933208312
0.0000088156522070 1.1261410377160961
0.0000158936175938 0.4237731336640987
0.0000231729177649 0.1751714110616451
0.0000284119765737 0.1081637634668022
0.0000314633699433 0.1209338994610625
0.0000346723018450 0.1695364644120352
0.0000425750132069 0.2070893706551537
0.0000603423502954 0.1765268097473380
0.0000899812231493 0.1239853591541706
0.0001271763374426 0.0804538636581967
0.0001600842104642 0.0578065687450346
0.0001741238538240 0.0658400459678714
0.0001609528924492 0.1325648424296931
0.0001251709853397 0.3421625880150535
0.0000829719452000 0.9195808269736696
0.0000517758972377 2.3545868488220854
0.0000472568500994 4.9663889493132976
0.0000832990484931 2.3555399936597645
0.0001663550450469 0.9206141346253871
0.0003012241290280 0.3415834136782406
0.0004593377303377 0.1278768904258621
0.0005944919886285 0.0534884716985149
0.0006632167410560 0.0333832844764805
0.0006439451275945 0.0414756880810091
0.0005475314791858 0.0792184748641254
0.0004135913819570 0.1670619683215384
0.0002903781484333 0.3372455121420266
0.0002066311094055 0.5958015196919517
0.0001679367433252 0.8044269706475196
0.0001734696163027 0.5960714874232239
0.0002098686695147 0.3384105477512759
0.0002657423553451 0.1707246265905699
0.0003230524144196 0.0884812339923614
0.0003572203770518 0.0608818376740888
0.0003523568381556 0.0662229684822235
0.0003085332439518 0.0924320363353587
0.0002395822719978 0.1332595418514116
0.0001674477588390 0.1998895120701377
0.0001147282140500 0.3542972091025699
0.0000973614433631 0.6658488585900717
0.0001189492462555 1.0440266246849506
0.0001634683473656 0.7768048004658775
0.0001965329302670 0.4458614040315435
0.0002001135459665 0.2577564636506189
0.0001674705593483 0.2385864180226109
0.0000575326376100 0.2957259199935684
0.0000296033798208 0.5664271425301528
0.0000131323058674 1.1313054955329740
0.0000070362110178 1.7791295342491920
0.0000073318891171 1.1259731911411770
0.0000105540797168 0.5509228443557407
0.0000150049282586 0.2544446248596645
0.0000189385931166 0.1461111844481904
0.0000209941000555 0.1537662958277908
0.0000216206891102 0.2543832337790232
0.0000232739827386 0.4318245093349593
0.0000311044040014 0.5792398749646721
0.0000518763486425 0.4319042000331454
0.0000888516728978 0.2489793829622511
0.0001392117048979 0.1287156935678294
0.0001893676193610 0.0698301433192474
0.0002199529882470 0.0564383026548966
0.0002179396121026 0.0887440185264995
0.0001853727385782 0.1959915024487438
0.0001383271081294 0.4470564619435444
0.0000965858702058 0.9214024540458770
0.0000823781208039 1.4570697044079055
0.0001241960859109 0.9252072091103227
0.0002229342204337 0.4526813188623556
0.0003722259112180 0.1999783920494060
0.0005436620669980 0.0870220591037231
0.0006873372725477 0.0434019436696415
0.0007512943186133 0.0360713844922617
0.0007056889302624 0.0603347039862073
0.0005623167946808 0.1390285194967371
0.0003761384697283 0.3370700793582297
0.0002183369154212 0.7827761433017629
0.0001239086267680 1.6196873096166802
0.0000844538770714 2.5632907582037419
0.0000952504675640 1.6198578249531030
0.0001479904598449 0.7833816583723757
0.0002400492711485 0.3387440391888239
0.0003491205783102 0.1429160269512649
0.0004315978090363 0.0680704085393744
0.0004548377982458 0.0493299863684400
0.0004118973733602 0.0633369789011836
0.0003200597666978 0.1168391272417387
0.0002106908288582 0.2627855296936208
0.0001167191352028 0.6564790702636295
0.0000637710054770 1.6297262114657196
0.0000564015813522 3.4144640353248232
0.0000734977971511 2.1001311458497098
0.0000901142668222 0.9958241384293910
0.0000956150491249 0.4475860916499486
0.0000841559253365 0.2568795358642840
0.0000329451912299 0.2058045326297612
0.0000218291489114 0.2688917013624860
0.0000141603277298 0.4283200620361683
0.0000115078403262 0.5657018311117591
0.0000125030124250 0.4206555586565857
0.0000148899743038 0.2480809981054310
0.0000169314754896 0.1514150963352606
0.0000172726928198 0.1471590690585725
0.0000155879124328 0.2601546417587379
0.0000131492813356 0.5653751262963657
0.0000121810911036 1.1559504558641855
0.0000184271829478 1.8253627166469497
0.0000400093392243 1.1547224089982062
0.0000813050172866 0.5601834569812428
0.0001445920036998 0.2441379058420640
0.0002150076665042 0.1059479212050218
0.0002671746138083 0.0574970420592388
0.0002818606152934 0.0584505350265499
0.0002570375055629 0.1017684558570929
0.0002081030972912 0.1981596118437348
0.0001595205926689 0.3482385300843555
0.0001391969627880 0.4723447204931305
0.0001742488578427 0.3606555061646594
0.0002743691760762 0.2173662357169485
0.0004325927951272 0.1181684527237815
0.0006203899286944 0.0632051783578395
0.0007853678182191 0.0396078179324987
0.0008644103543830 0.0423434626749872
0.0008119804212112 0.0842679431901123
0.0006325790173070 0.2178889201869304
0.0003913015435185 0.5961535035475864
0.0001893574293778 1.6199150486512668
0.0000871955590946 4.1570435730846871
0.0000502442915191 8.7733513521943411
0.0000617326493865 4.1570603005321001
0.0001265813793072 1.6200269464092589
0.0002592671799266 0.5965418567317133
0.0004211192964644 0.2189200657912357
0.0005460913805490 0.0867319623498808
0.0005883929593602 0.0484898355858025
0.0005379786912485 0.0576021085180480
0.0004186758090661 0.1244417388859997
0.0002730187300758 0.3404860717368743
0.0001430500527278 1.0354925469025318
0.0000661304381653 3.4118822292298185
44.0423106654697278 12.2986198132505571
0.0000300631810603 5.3136136361091628
0.0000351783845771 1.9854932328311705
0.0000405886829111 0.7273778479405988
0.0000409475150092 0.3024086321296670
0.0000213739767640 0.1619672209980871
0.0000185788248640 0.1438968366498089
0.0000164247016016 0.1757127232903097
0.0000166158734663 0.2004285024433109
0.0000186333209410 0.1635358614200004
0.0000206709192052 0.1174105336689688
0.0000208910374413 0.1073796547659103
0.0000182791759291 0.1781007577759348
0.0000134020471807 0.4344650154387845
0.0000084327123308 1.1563944977347100
0.0000058454077679 2.9572200339395138
0.0000121590074872 6.2369450663011232
0.0000326842038191 2.9561515388269717
0.0000752263981952 1.1529896115421687
0.0001510749378732 0.4256610548002810
0.0002411778477151 0.1579997815891542
0.0003139316812504 0.0663078617700889
0.0003442883808479 0.0438858952316570
0.0003262637987668 0.0559185748174830
0.0002745529598605 0.0934821386705769
0.0002166396052081 0.1491072867840620
0.0001837275574519 0.1956191527567901
0.0002039489383843 0.1881731416083208
0.0002942030664877 0.1550124706464563
0.0004568623167352 0.1097841472176227
0.0006718078324800 0.0704923966212544
0.0008885166287081 0.0481568897644305
0.0010290328598385 0.0507480862137476
0.0010194356590408 0.0998264748386814
0.0008413840842519 0.2693089328651520
0.0005593267747003 0.8056393830667057
0.0003160173310792 2.5639828414448211
0.0002059822050358 8.7737060550581596
129.8793032649028589 32.9924598622449423
0.0001486180374153 8.7735456046246494
0.0002171753065449 2.5636209267345542
0.0003842199692735 0.8049375340154304
0.0005880294659509 0.2679911916238456
0.0007345021233060 0.0975621733651956
0.0007725408003043 0.0481018634297216
0.0006966302110081 0.0511134450429572
0.0005408786142505 0.1067947579931106
0.0003581433351031 0.2794093107612531
0.0001983403712310 0.7685190612894136
0.0000943638779012 2.0957459880373275
0.0000415511197882 5.3117507351056519
34.5160213135859379 10.1841120990544240
0.0000114583089828 2.8907217565187673
0.0000168108452044 0.9013914317555211
0.0000213769096745 0.3219467833276177
0.0000159010517586 0.1381700740518700
0.0000165244854136 0.1128979815670832
0.0000176971937372 0.1059091846720513
0.0000204349491894 0.0971849360835286
0.0000241042387783 0.0791726572162698
0.0000267750091327 0.0680380268337762
0.0000264325476137 0.0899517647304812
0.0000222622860939 0.2014854757000006
0.0000154013665265 0.5776770167087878
0.0000087298751182 1.8249485000146179
0.0000056631356831 6.2369146851146482
92.2851162101593872 23.4461967693809434
0.0000388931067612 6.2361649170604689
0.0000833126426456 1.8228921886082778
0.0001704554234376 0.5729931764684377
0.0002749350630364 0.1917747925762004
0.0003603790501817 0.0717569331454697
0.0003980295061552 0.0383165054170394
0.0003792987575850 0.0400461771749844
0.0003187179487763 0.0638853638331810
0.0002457767514315 0.1079382253207114
0.0001935787602531 0.1682647431918081
0.0001914045026886 0.2293575901837342
0.0002640166492388 0.2594131886399337
0.0004294800922683 0.2047229547443298
0.0006868175914983 0.1305287295263220
0.0009994700735816 0.0788880131747045
0.0012755808140343 0.0622005608277950
0.0013973729918980 0.0936200550427857
0.0012999884827509 0.2222704967503840
0.0010326470088406 0.5983644065383984
0.0007489840101969 1.6212096911841773
0.0005647475977813 4.1579349471368330
0.0004577931591110 8.7740247327691669
0.0004232607356941 4.1575547809906483
0.0005187971399263 1.6202866000994107
0.0007063945073026 0.5963754204075734
0.0009096977796864 0.2179359071108258
0.0010288908161997 0.0841515522042000
0.0010166215962284 0.0424467641386877
0.0008825526479822 0.0422552406080064
0.0006742843957129 0.0783792380434313
0.0004505823634967 0.1808411288480712
0.0002604402618843 0.4317638131257463
0.0001298214215721 0.9866067355301855
0.0000557280414309 1.9805515109993408
0.0000185666188778 2.8888851782576310
0.0000085371835152 1.3827308051314773
0.0000106852408357 0.5669341863571702
0.0000140779557059 0.2439565117211497
0.0000125173293145 0.1720150642339069
0.0000138626085842 0.1764980294279233
0.0000168289425535 0.1437331082181601
0.0000217971795592 0.1003938049104011
0.0000277425170853 0.0670785266365783
0.0000323414709493 0.0536250677880293
0.0000331955274032 0.0728265650726589
0.0000293830111693 0.1616784606188723
0.0000223135410307 0.4274904461264962
0.0000152899889482 1.1538159173057947
0.0000119059056911 2.9564239431561719
0.0000243879139550 6.2366399382910220
0.0000578167191106 2.9557514616813556
0.0001158680799733 1.1522655867032277
0.0002106366645868 0.4244326957497658
0.0003199440233983 0.1557748858332444
0.0004061871949882 0.0619278744990794
0.0004389119011907 0.0353910827700147
0.0004092782155377 0.0416357554569369
0.0003328608106622 0.0775692772106662
0.0002412300749888 0.1581484998871677
0.0001683038859381 0.3082119906414936
0.0001414354444034 0.5307713992648541
0.0001925049226501 0.7077367153545040
0.0003606938041527 0.5234378267340712
0.0006722254754238 0.2977574234453341
0.0011280719523124 0.1523830857053861
0.0016316657349714 0.0862437904831619
0.0020057609260387 0.0821634664831775
0.0021091951908933 0.1485732443800035
0.0019363146038456 0.3416650226140212
0.0016150612211944 0.7854487604662000
0.0012834687895946 1.6215700568040186
0.0010451532125211 2.5647475978046361
0.0010045411103456 1.6209284558505481
0.0011287135222215 0.7838570683750525
0.0012981082173700 0.3380896931507952
0.0014268780840902 0.1401589881315877
0.0014357190010611 0.0616275794859172
0.0013036974929772 0.0365417584075868
0.0010665685555892 0.0383065865248538
0.0007861390210936 0.0612183945483856
0.0005204103450659 0.1141335181377672
0.0003075195605311 0.2225714173495743
0.0001613792404164 0.4248805137613466
0.0000752565300145 0.7155632265783232
0.0000321191517450 0.8971420754282139
0.0000161665787160 0.5671681055791667
0.0000122547214886 0.3066068095655801
0.0000119178049707 0.1927258984749605
0.0000094072948171 0.3526707581930379
0.0000101345592158 0.4538307682534324
0.0000138745205712 0.3358466961164620
0.0000206307506639 0.1939475481084394
0.0000292182440702 0.1021680425619864
0.0000368642772185 0.0601431758228318
0.0000405663695932 0.0588383654075439
0.0000390251707656 0.1065592159142223
0.0000336110451277 0.2442699891112511
0.0000278886379143 0.5602427350796962
0.0000267043584356 1.1548439876508416
0.0000426071156714 1.8250156782342490
0.0000881194729781 1.1537177000830554
0.0001622606419476 0.5581389134836854
0.0002636174500720 0.2408690027687554
0.0003701133795918 0.1003328007821750
0.0004464330345768 0.0462023507601471
0.0004644234979230 0.0345237592205436
0.0004173191099180 0.0546647504705425
0.0003228435293606 0.1237797821650119
0.0002150939698144 0.2967723297618500
0.0001286744188880 0.6837746152865471
0.0000843092832166 1.4085683075162114
0.0001200036542308 2.2250802604668229
0.0002929149848659 1.4067200146351222
0.0006609583822751 0.6817268235508590
0.0013026992350329 0.2977209920678722
0.0021253737942718 0.1325504403060408
0.0028780596675485 0.0800156982653411
0.0033231222097916 0.0942959768996683
0.0033712445945985 0.1737284492576282
0.0031091337532741 0.3411234183397818
0.0027097425130437 0.5987408407576238
0.0023538625941119 0.8068568885752043
0.0022061192010503 0.5978430754610206
0.0022002192013140 0.3388993278262938
0.0022080325626321 0.1686244108695688
0.0021303821995970 0.0814992028732962
0.0019168265253664 0.0456146556860695
0.0015851175613652 0.0388067248946963
0.0012001922643525 0.0502724256469496
0.0008335597887307 0.0743556114829361
0.0005330198736304 0.1054328398844231
0.0003153691970462 0.1417309371668052
0.0001734809556620 0.1994962972596748
0.0000900769217207 0.2751933095190046
0.0000461816796260 0.3140998081625605
0.0000253814325114 0.2493692104215489
0.0000157907501538 0.2062054918606885
0.0000111860975173 0.2410440983320783
0.0000064561238329 0.8964588124405370
0.0000061546441238 1.4041329582245368
0.0000101592662679 0.8877097248777499
0.0000181184868924 0.4313059425522623
0.0000292571416535 0.1896354333780918
0.0000403366555464 0.0860388029578135
0.0000476227901038 0.0546131745248448
0.0000494567932977 0.0679636819449210
0.0000473592939408 0.1270242968441134
0.0000456980867738 0.2482696834842068
0.0000514175502363 0.4325457793289963
0.0000759873969202 0.5798862078287101
0.0001300211598665 0.4296078177798484
0.0002129541925337 0.2436493905738557
0.0003148884300556 0.1211080400971167
0.0004117620277644 0.0583487375216478
0.0004722060092719 0.0336646184798625
0.0004727089750076 0.0357804020815274
0.0004094660312317 0.0728743614796627
0.0003018977166618 0.1895286806695883
0.0001852885209145 0.5179976773030115
0.0000957911999356 1.4054147897825495
0.0000504569309167 3.6036264814837402
0.0000940441555975 7.6030202571216288
0.0002795042509353 3.6034980975626212
0.0007086508559329 1.4058653535522270
0.0015871822587220 0.5204696649170528
0.0027981418611904 0.1962735173011106
0.0040118861574079 0.0876732462743732
0.0049012237433126 0.0652462747420077
0.0052875730318589 0.0875994651581640
0.0052017636601222 0.1440922478162300
0.0048233321991724 0.2210981567067551
0.0043694540579283 0.2703875550087859
0.0039863356328962 0.2200772434877042
0.0036777444143333 0.1416535472483998
0.0033490595205336 0.0820672299798226
0.0029219861155142 0.0506095342960404
0.0023843078752058 0.0438991181700600
0.0017925275694977 0.0597524190907675
0.0012359429245189 0.0984923485589307
0.0007862028714141 0.1538852900322172
0.0004683985451402 0.1963300705990663
0.0002690365116454 0.1807967064090989
0.0001530867926697 0.1554875134779949
0.0000875314687002 0.1467182660596070
0.0000511340582510 0.1487568083886164
0.0000306010156213 0.1593547290970673
0.0000181355295565 0.2339964344816338
0.0000104086929515 0.4536109636046496
0.0000046604276383 2.2718853760442106
0.0000039616983812 4.7826779642269921
0.0000076479871053 2.2672627944595876
0.0000162326644081 0.8852197366408050
0.0000296203813101 0.3286294245762870
0.0000434610845048 0.1257520426574325
0.0000534030173362 0.0601656760134643
0.0000577734381193 0.0515610082215111
0.0000586774239468 0.0745622276304553
0.0000615014291361 0.1214857668044664
0.0000742212001467 0.1796774020940004
0.0001067656685626 0.2121824584251644
0.0001662907304649 0.1706310358521636
0.0002503804623038 0.1091252290127131
0.0003456264969237 0.0622744517832322
0.0004287102308130 0.0361184626950641
0.0004735260650085 0.0273990545274126
0.0004618225433564 0.0372523948837034
0.0003920374430767 0.0839064480404291
0.0002828845961307 0.2326804887390940
0.0001669966018740 0.6982333841885552
0.0000813194048582 2.2220743410370978
0.0000451525706736 7.6023486738469579
112.5252924008079987 28.5853756900859786
0.0004338068488089 7.6027980364897783
0.0009660900516740 2.2232434999880613
0.0020986679265324 0.7007372069955359
0.0036977668847906 0.2373938153379876
0.0053604919441695 0.0921041016502840
0.0066958159744066 0.0508933046213706
0.0074459556791682 0.0487092152734795
0.0075767947364262 0.0645239258938785
0.0072358417965282 0.0866113954340383
0.0066406478254523 0.0987942313752257
0.0059601566274952 0.0858339432959515
0.0052486787302564 0.0629115940647986
0.0044788379986064 0.0455223187025140
0.0036278687881065 0.0421593510902129
0.0027282418156298 0.0607277726351383
0.0018698613407239 0.1154674897120016
0.0011584415182342 0.2271132115222971
0.0006529693250036 0.3993489412367386
0.0003409866525703 0.5410191569502935
0.0001801500155225 0.4101492443090816
0.0001060470370619 0.2502685566665033
0.0000684425015534 0.1540662607193636
0.0000463938404895 0.1235619696604739
0.0000310011347469 0.1646227664700947
0.0000188573507694 0.3507959643395792
0.0000097511936219 0.8965513443929071
0.0000060052890217 4.7837657747940918
70.7216515548404203 17.9701683876518530
0.0000097734920024 4.7807281193882183
0.0000184447618926 1.3988915846186696
0.0000332779152136 0.4425060602777298
0.0000478750144595 0.1538724133971058
0.0000576280755230 0.0688352575135858
0.0000613666076920 0.0550413625677362
0.0000621881857021 0.0726675519315590
0.0000663978764821 0.1048444533909851
0.0000822570852361 0.1320827893886277
0.0001181311230703 0.1305861833461068
0.0001778903883648 0.1020308413274027
0.0002566034507464 0.0687546354375204
0.0003402626749843 0.0445840870883188
0.0004089287444014 0.0320309947669460
0.0004428790652601 0.0293677387699827
0.0004292699106958 0.0386054810679199
0.0003675429615636 0.0762607472680404
0.0002728336297147 0.1914637400559974
0.0001730511163420 0.5184634920800221
0.0001000261911035 1.4050733192030989
0.0000758397048748 3.6032118125191137
0.0002468056692133 7.6029951923809822
0.0006883506191338 3.6039212592684207
0.0014717392899361 1.4063910330288543
0.0028734309859742 0.5202746528638115
0.0047821029883244 0.1935241908266004
0.0067964036268323 0.0782556482672844
0.0084729959624147 0.0405436324324027
0.0095000701439261 0.0317913287102347
0.0097874011217969 0.0343131268070325
0.0094395594379726 0.0401438881053042
0.0086608833291666 0.0433401880436595
0.0076463910007710 0.0403893559744650
0.0065123522741128 0.0353910612009320
0.0053080290561604 0.0352245398767880
0.0040696197543639 0.0496875871950138
0.0028652890658517 0.0989172635574803
0.0018053827023492 0.2275597389042535
0.0010022863043703 0.5209291983720079
0.0004919825885055 1.0740340590977924
0.0002033889060378 1.6989783531243352
0.0000868369295948 1.0785372997322529
0.0000568953300351 0.5315675021314814
0.0000460595549318 0.2497299383705003
0.0000390262808655 0.1503239371780971
0.0000305921506961 0.1893731593338308
0.0000205080104290 0.4587950435345260
0.0000111484322552 1.4064672416061459
0.0000116295825219 2.2703657692036163
0.0000118426542664 4.7822532519739696
0.0000183337825226 2.2673691733263737
0.0000292755555817 0.8859988962775023
0.0000436807960074 0.3310998075356461
0.0000559033317219 0.1322095675597244
0.0000613074031723 0.0750247143311136
0.0000598965989699 0.0820663666100999
0.0000562469131369 0.1288125558824574
0.0000573070441906 0.1979041922852555
0.0000711163439887 0.2452039496317662
0.0001045481491575 0.2064867329189957
0.0001584829994523 0.1399577628052714
0.0002263678475188 0.0877089657538302
0.0002954076928221 0.0594319352587676
0.0003504237185223 0.0495718469433625
0.0003787319846372 0.0482506520160745
0.0003731185517316 0.0496170474603980
0.0003335235624947 0.0668918824860885
0.0002699026622575 0.1296416466900537
0.0002027819176654 0.2975237589545180
0.0001589140447261 0.6820072492202277
0.0001713609433496 1.4068182404087410
0.0003909142729157 2.2247500618954117
0.0009954291585960 1.4078389554598603
0.0020693136699403 0.6832122939175705
0.0037385933793326 0.2974434802316406
0.0058762336855468 0.1260829120769748
0.0080954535951720 0.0571241365478955
0.0099454988992639 0.0318472484428579
0.0110925111496961 0.0242679951642466
0.0114093380530845 0.0236482359372269
0.0109672939822059 0.0253998005058895
0.0099635967545549 0.0272276199392082
0.0086255828798191 0.0284245513808690
0.0071355282853316 0.0308036048201415
0.0056108196008837 0.0393068389948198
0.0041279925581224 0.0673699092194568
0.0027650102938187 0.1532552773845231
0.0016263546912783 0.4003904521713241
0.0008182978744477 1.0748527127850949
0.0003703820926830 2.7505605398686295
0.0001296724367115 5.8014339507271586
0.0000328883121695 2.7521331743707460
0.0000292806864633 1.0793581764505158
0.0000350945216820 0.4126934398311654
0.0000386030543484 0.1889329137853261
0.0000355284462128 0.1730998177669253
0.0000271679890255 0.3473249502852460
0.0000178144285135 0.8932321948079412
0.0000226595024271 0.8925958410191233
0.0000235423900727 1.4034124036117936
0.0000343024736796 0.8878734719913741
0.0000488315703260 0.4326084013228948
0.0000625118753556 0.1947330195512773
0.0000695777676864 0.1009816415883140
0.0000665874304501 0.0919360578095035
0.0000559523822839 0.1513793827896069
0.0000445137649290 0.2913570075366510
0.0000393649636214 0.5105930109442940
0.0000474955698483 0.6894626051755696
0.0000744321308534 0.5165581934434004
0.0001175929963138 0.3033643130815016
0.0001702595923650 0.1701159862564713
0.0002222712380198 0.1149239138751705
0.0002636441705868 0.1077072668612841
0.0002887735100853 0.1122252233983558
0.0002961677921401 0.0938773069496353
0.0002868784101060 0.0785404705657659
0.0002662180668580 0.0920364327711546
0.0002481735513191 0.1573635776404510
0.0002595966922505 0.3006740629891895
0.0003542248491714 0.5244096375463821
0.0006690696250711 0.7063881242025523
0.0013968338073671 0.5265886652674703
0.0026588214605300 0.3021247432287005
0.0044925091619552 0.1532852671415370
0.0067271844831926 0.0754168925144335
0.0089865983205940 0.0399400264056928
0.0108358902825839 0.0256606751000461
0.0119387386918481 0.0210844578944591
0.0121493435900766 0.0209235337456126
0.0115247498595176 0.0231556408702116
0.0102732319264241 0.0273187745477255
0.0086660484223455 0.0336091875716360
0.0069483988611493 0.0425438893512801
0.0052864701117189 0.0565658988930204
0.0037664943161817 0.0897621659159081
0.0024386749808654 0.1963640529580958
0.0013645968244461 0.5444315584877054
0.0006233883396384 1.7016344644495816
0.0002712461253499 5.8026474462345847
85.8288783853948303 21.8066075683684240
0.0000285049423686 5.8019188755401565
0.0000326788404256 1.7006154801946440
0.0000452223632471 0.5455020167216635
0.0000525415895958 0.2085388624875417
0.0000502112925489 0.1398414285629618
0.0000407623965586 0.2114753675283316
0.0000298667286158 0.4419964295812827
0.0000389470915897 0.3471905545184465
0.0000437622580370 0.4543296600897288
0.0000588918744103 0.3359465000578193
0.0000771482223920 0.1943807767900627
0.0000901105310218 0.1088989244911354
0.0000905836134654 0.0859434074193585
0.0000766712103754 0.1322126403044407
0.0000542822973855 0.2914712312822489
0.0000338687599833 0.6659534261977432
0.0000226516352522 1.3742090662142985
0.0000250472178487 2.1749215112525757
0.0000436530314379 1.3834003067687195
0.0000728330505263 0.6900501145350832
0.0001078222295634 0.3443724510774190
0.0001415998379298 0.2370879898290328
0.0001687087140562 0.2614887716464903
0.0001899204012777 0.3109354129189836
0.0002090848184250 0.2286412805390390
0.0002288449634719 0.1395516297068187
0.0002513944849692 0.0943317018927662
0.0002855566453212 0.0963317763473677
0.0003579930048510 0.1393783859700519
0.0005299243949720 0.2079165948535481
0.0009254508565205 0.2556167635679854
0.0017175032158457 0.2150794716103780
0.0030370938262968 0.1444533955640201
0.0048869325784738 0.0861610238335209
0.0070749858821374 0.0498753758227488
0.0092372869246304 0.0309712695222985
0.0109551880831200 0.0227609610300750
0.0118944316401561 0.0206206992496732
0.0119036734144020 0.0225340937350552
0.0110459279071745 0.0286641464682251
0.0095614277867046 0.0405835270137985
0.0077759928346417 0.0596130505018910
0.0059881888859651 0.0836005776239446
0.0043871182699866 0.1050194301138901
0.0030381429733794 0.1240932015671513
0.0019323952552604 0.1915232545805414
0.0010697446577427 0.4222519918545198
0.0004889532461558 1.0858557597096952
0.0002075705652646 2.7553679796160102
0.0001007501709875 5.8028637835123753
0.0000718987170126 2.7514780249593795
0.0000777362912352 1.0766516817140932
0.0000858464571473 0.4057377174819849
0.0000861273329788 0.1684004915389828
0.0000756818297750 0.1060506542970362
0.0000596616514345 0.1281744475402526
0.0000454627517622 0.2126517762283829
0.0000533252755865 0.1763355408843316
0.0000640508346191 0.1850524028309407
0.0000865575234616 0.1430805333974496
0.0001111356292490 0.0943567347318717
0.0001257238380464 0.0693266045823746
0.0001210604320906 0.0875122365261829
0.0000963120036725 0.1916198239192141
0.0000609582335484 0.5077517630519740
0.0000303415077527 1.3727109596570326
0.0000148629883798 3.5195994472448819
0.0000136476453947 7.4275832219967155
0.0000226771953768 3.5354678799834276
0.0000374459580122 1.4190468195600439
0.0000566285528272 0.6244847791700453
0.0000742618414231 0.4644870378606688
0.0000876032006674 0.6515162303879656
0.0001022992673571 0.9521040729266118
0.0001290999260627 0.5985970521114790
0.0001677955319474 0.2959736337838425
0.0002196137390384 0.1434452521430367
0.0002876050828565 0.0902634353982759
0.0003929318181831 0.0915804363608957
0.0005910905645224 0.1196046969955127
0.0009908234152373 0.1476640962913116
0.0017502782689095 0.1467446073755765
0.0029987899811015 0.1153300638597141
0.0047332902366152 0.0774410764231584
0.0067668182372188 0.0485253071087519
0.0087498864356346 0.0314663327241669
0.0102716520437884 0.0237455533259798
0.0109966474915384 0.0228256588413252
0.0107762187252351 0.0285483387872000
0.0096963803903307 0.0441242320825127
0.0080461202871319 0.0761210524361773
0.0062077580189186 0.1311530245815178
0.0045089907416386 0.2038025706350954
0.0031276953378080 0.2556949914779403
0.0020960288506722 0.2306015171000273
0.0013406087271916 0.2126530766589238
0.0007867018275401 0.2882552092419322
0.0004252460536303 0.5496663115573380
0.0002464249977190 1.0858312494553330
0.0001833319205100 1.7020118416751349
0.0001763596832847 1.0764940704029669
0.0001762180385775 0.5255872567451547
0.0001657015151747 0.2381284232124585
0.0001415630813678 0.1216094972436871
0.0001089270736584 0.0937623707897378
0.0000783280397950 0.1106320513833141
0.0000583275717341 0.1458501377177437
0.0000582770367061 0.2035298805420648
0.0000770437218439 0.1514448326719432
0.0001107623069762 0.0999445339131940
0.0001468530212939 0.0648607083168005
0.0001690254195373 0.0557109335493057
0.0001647414495458 0.0905229537950305
0.0001330061831031 0.2305076181932985
0.0000861113500076 0.6828971244328292
0.0000450885392852 2.1702615368870934
0.0000246784495176 7.4236035512709062
109.8121379360806316 27.9081717536381113
0.0000129252318307 7.4474112756400590
0.0000180471176277 2.2452387948907866
0.0000273147929536 0.8944728841865472
0.0000335901348630 0.8092790482288620
0.0000365663024639 1.5794360336564346
0.0000480886981521 3.1994121088529033
0.0000737450434709 1.5161493919648099
0.0001161644800430 0.5980901314642640
0.0001761977337936 0.2364044564798613
0.0002481909199624 0.1196284465511629
0.0003434948417692 0.1082067199815712
0.0005039086911118 0.1501854680437562
0.0008207590938110 0.2152053770378536
0.0014473114380885 0.2535957567588101
0.0025194405577182 0.2044782312399370
0.0040408863097986 0.1316192282821510
0.0058497344010094 0.0759024289364698
0.0076175881785932 0.0438439066391795
0.0089347617409481 0.0296620960682347
0.0094594915033326 0.0283555024543814
0.0090499426548789 0.0406475788874614
0.0078258636701683 0.0759240676269416
0.0061324469235619 0.1553007761389280
0.0043959798206643 0.3089455830879545
0.0029247776462081 0.5433033057905952
0.0018357642548165 0.7354415285680849
0.0011692916137933 0.5581595011769035
0.0007886117256098 0.3513502754385653
0.0005539499086309 0.2558275053090248
0.0004245938641534 0.2879949515935188
0.0003782436774930 0.4220541224433547
0.0003752587851944 0.5450317265289931
0.0003731779681886 0.4034303103930278
0.0003461592147113 0.2365746418552688
0.0002903571813271 0.1375645816997246
0.0002160844833571 0.1076121480305416
0.0001432827627066 0.1304039698729182
0.0000894256493387 0.1852918097414563
0.0000611928897870 0.2295731698857281
0.0000516016910106 0.4602496496966260
0.0000798721666501 0.2686182149426667
0.0001284313379232 0.1402083316409794
0.0001826927818457 0.0741142809811642
0.0002211625016048 0.0536379653544606
0.0002261951014947 0.0786824515924903
0.0001946227355999 0.1873392197331265
0.0001406107648373 0.5058793919697863
0.0000882105053503 1.3721164014172307
0.0000532963949274 3.5202142046512765
0.0000304977366464 7.4310720828717720
0.0000206151923046 3.5484250555611707
0.0000230713089740 1.4653259171036044
0.0000269199210339 0.7933687929144658
0.0000261132019473 1.1080095504084153
0.0000235700268435 3.2370424298645371
46.9364832518987498 11.9495440818047882
0.0000494794009791 3.1846699291870904
0.0000848804681517 0.9418265101468947
0.0001365465071809 0.3206658039259623
0.0001882452525879 0.1629865272801783
0.0002430534001583 0.1792524994307692
0.0003271889366912 0.3073457939315418
0.0005092704789227 0.5236531322717464
0.0009470047496666 0.6998838561619993
0.0017912391986800 0.5188976416659341
0.0030338316826566 0.2955228011244848
0.0045659538657995 0.1486512330444028
0.0061020153932526 0.0732573184136662
0.0072349881142875 0.0419034652676854
0.0076140031408830 0.0375666000388063
0.0071042031179397 0.0598020569235148
0.0058587388548477 0.1303596364465337
0.0042705318223319 0.3083187818723767
0.0027909649082854 0.7098770528778388
0.0016688497358507 1.4650862958580666
0.0008885765438284 2.3182009298071407
0.0005056087663813 1.4722631946324285
0.0004101267018411 0.7293166859724446
0.0004229192274476 0.3509580849786268
0.0005002251574843 0.2119887116882430
0.0005947220661670 0.1910550350317730
0.0006600669078715 0.1973370277299780
0.0006602669102308 0.1586975738849396
0.0005862919988197 0.1159308310622008
0.0004546503704334 0.1051891304811510
0.0003022141059574 0.1482425136412110
0.0001722181347416 0.2652008210010688
0.0000891650767819 0.4557681743193239
0.0000516855604637 0.6131508352125312
0.0000394278571567 1.2159531601968598
0.0000768978531282 0.5911276024567919
0.0001424957317703 0.2582241546121746
0.0002208638451923 0.1116470480146686
0.0002840086107929 0.0594131568839409
0.0003074735229209 0.0616353733308965
0.0002837435420461 0.1213903375203614
0.0002259084213934 0.2868846846727026
0.0001588569880770 0.6641646088667047
0.0001020327937135 1.3743392925763112
0.0000633667302839 2.1787714827389224
0.0000507539074008 1.3984203455190820
0.0000533426318456 0.7396261219759197
0.0000561117757800 0.4990425387529673
0.0000540484335127 0.7004014392490149
0.0000496514402084 1.5484280300172590
0.0000523793155708 3.1909660654129781
0.0000668566398551 1.5160014624302223
0.0000928068364466 0.6056740871338804
0.0001225985642992 0.2619751090568780
0.0001420266103899 0.1951862509828141
0.0001506316664339 0.3174792026801687
0.0001654272947660 0.6833350923822367
0.0002258261808533 1.3953699007428455
0.0004981409247787 2.2023348925458248
0.0011095706464663 1.3926043274417659
0.0020259499401713 0.6749134810687895
0.0032430256623177 0.2932081047173880
0.0045374492707961 0.1247190663329056
0.0055107267381477 0.0605427605884600
0.0058075335129581 0.0488404685799574
0.0052978141387711 0.0820944145982395
0.0041510881809605 0.2008750340912449
0.0027717592278285 0.5411083001828365
0.0016224929171696 1.4640354511687435
0.0009170855309658 3.7527887108817066
0.0004444275130213 7.9183246944709955
0.0002111050117588 3.7557855932827646
0.0002530302462383 1.4718889399853679
0.0004274094149015 0.5573118974664885
0.0006726521311815 0.2294128253417672
0.0008991404371929 0.1232367104157709
0.0010319934746113 0.0911609372070112
0.0010274660583665 0.0760388082049182
0.0008863876250456 0.0785172348436441
0.0006519614841650 0.1236815225488890
0.0003973644320268 0.2628685329733787
0.0001971888349456 0.5914191480117758
0.0000836825876707 1.2151556286691116
0.0000368414358120 1.9201896317446592
0.0000328445128516 3.1083280565267346
0.0000771241946030 1.2128341332283461
0.0001617952962688 0.4479981077978505
0.0002675855663830 0.1662255203152942
0.0003593828775463 0.0698014316270314
0.0004060846557721 0.0483151278088470
0.0003951839911100 0.0707452021661657
0.0003372792601751 0.1427166834073354
0.0002579187387477 0.2873058724639601
0.0001828644206774 0.5084659555294225
0.0001299404547320 0.6900222860112617
0.0001083788582968 0.5252655244400055
0.0001071075211380 0.3353037554930665
0.0001108248144352 0.2617716125798245
0.0001118963848654 0.3465072687007581
0.0001109041621540 0.6137821829465201
0.0001142273503702 0.9410235607875418
0.0001284871511026 0.5987271443718886
0.0001428938896540 0.3084999937012941
0.0001473333607848 0.1882283184823264
0.0001329776476347 0.2333613908373665
0.0001039788840891 0.5295376920417166
0.0000793288152884 1.3965000312005948
0.0000851653861133 3.5676899944385583
0.0002692799115339 7.5238905736891475
0.0006521537618285 3.5659651257913194
0.0012267185231099 1.3910002014513116
0.0021417221543621 0.5139733052978893
0.0032082144954551 0.1912486674148896
0.0040404974971758 0.0807699025541962
0.0043012509741934 0.0571718987118215
0.0038678844877179 0.0947270755447634
0.0028996695678946 0.2459655024305370
0.0017558407960192 0.7292481280110322
0.0008690363144820 2.3151943637326045
0.0004437970163113 7.9173439978516136
117.1846287345009046 29.7683344899878506
0.0001729107358947 7.9181603647824614
0.0003022034807588 2.3175086170818919
0.0005931720576469 0.7340755680460899
0.0009734363203331 0.2538292822490227
0.0013101581255064 0.1035288325472800
0.0014957270202357 0.0579909515960783
0.0014710489004818 0.0506142815823788
0.0012453292415512 0.0758927090448281
0.0008905982218811 0.1710690261325594
0.0005170910271862 0.4505547931633469
0.0002329594692390 1.2137133962367537
0.0000889893154328 3.1084734372611860
0.0000328318325198 6.5569171657476248
0.0000465529284214 6.5563347887341328
0.0000969714384572 1.9167964661382979
0.0002004582478288 0.6025701870810994
0.0003310761675078 0.2013733527391708
0.0004474959995186 0.0746196425756170
0.0005140442345601 0.0388984254643092
0.0005144070650598 0.0408202316297199
0.0004571805227396 0.0682348488388439
0.0003684892348645 0.1208697498513109
0.0002788248404213 0.1904491358171874
0.0002120875636898 0.2374668310069923
0.0001787885024268 0.2024615465072826
0.0001725865486718 0.1497325466704556
0.0001797586240384 0.1278774478688268
0.0001901964135658 0.1564622227426474
0.0002008210159912 0.2328558946369019
0.0002133578053059 0.3015668084496426
0.0002255749238577 0.2279938832845638
0.0002275090996293 0.1497184850880044
0.0002082990014108 0.1371516599668501
0.0001648940594920 0.2537561690273420
0.0001078175540542 0.7003944187037537
0.0000598913038711 2.2022995641077645
0.0000421983479251 7.5237164977287883
111.3430478144023112 28.2854403127709801
0.0003431341159296 7.5226579864191381
0.0006912086005232 2.1990903961363419
0.0013947503012117 0.6919843254631843
0.0022692455767008 0.2330127684595669
0.0029670831998388 0.0901250742554441
0.0032057858450180 0.0564570524314590
0.0028812542250801 0.0838575817596111
0.0021272434525279 0.2016282930450214
0.0012452888484427 0.5422133174697242
0.0005632597442427 1.4654755969239313
0.0002338712893563 3.7538882963377413
0.0001677069241707 7.9181538546486472
0.0002862839439444 3.7530091862103152
0.0005347755762059 1.4642834911150187
0.0009378013941007 0.5414068073499451
0.0014242838083706 0.2010955157231178
0.0018419275839499 0.0810750105968378
0.0020535085357454 0.0428958340221093
0.0019897090803237 0.0414149770213615
0.0016701495790587 0.0777921098676403
0.0011937681138182 0.2041706483805051
0.0007009956834216 0.6045555943011107
0.0003283030100992 1.9180009375282425
0.0001462324692275 6.5569053008642459
97.0168900742525580 24.6484462335421988
0.0000795871955299 3.1089366157602170
0.0001474479786697 1.2123930727963488
0.0002668051441484 0.4465198303979254
0.0004130953874344 0.1630709818570121
0.0005429827695011 0.0624854308128722
0.0006179031975693 0.0301115867844333
0.0006203121302638 0.0255946937710209
0.0005583505896133 0.0362079015122904
0.0004589239298143 0.0579068477673371
0.0003552704116053 0.0851013601158494
0.0002749645374923 0.1041420638756776
0.0002318708984719 0.0996236803294265
0.0002237940439561 0.0828075585843979
0.0002391202015143 0.0712000912640049
0.0002656513194215 0.0748398547328531
0.0002947608787893 0.0922304332655566
0.0003207260250530 0.1057130708334392
0.0003358974721006 0.0896907018875197
0.0003291254253221 0.0746779967973627
0.0002922271156654 0.0938245203561511
0.0002279107479128 0.1977471208485910
0.0001524034375127 0.5164782155356303
0.0000892959122016 1.3915283038073945
0.0000546543294644 3.5654223868930628
0.0000843815706365 7.5224337062103359
0.0002113000215140 3.5646757676802037
0.0004954974071765 1.3896363927595528
0.0010456410775500 0.5123575925353975
0.0017277623343308 0.1890542849856949
0.0022801902317156 0.0768862973675602
0.0024796185463803 0.0473515375704540
0.0022485475121611 0.0630890829808866
0.0016924301466286 0.1336553260490529
0.0010430204599136 0.3134801880064578
0.0005367911089851 0.7161587207031932
0.0002761380390748 1.4701496106284926
0.0002650476350348 2.3193788882240765
0.0004922873162678 1.4660948053424125
0.0008880015058658 0.7096452591678546
0.0014235094691606 0.3067480780915014
0.0020061862178366 0.1275726965714615
0.0024740187601512 0.0557064409825622
0.0026814069476360 0.0315818093227667
0.0025618320053753 0.0334244602479341
0.0021482479000927 0.0655076401514307
0.0015602307039165 0.1660330365004581
0.0009619267710921 0.4492821291358714
0.0005002619149631 1.2146890223248958
0.0002330728128383 3.1103129201756694
0.0000988545846333 6.5584617080219543
0.0001352192914679 1.2178287152252258
0.0002172951089032 0.5897021878640747
0.0003500525420493 0.2542980483612298
0.0005027397614660 0.1044907777989107
0.0006320518400763 0.0439686870126469
0.0007004230006861 0.0228284429393851
0.0006917988589832 0.0200781842257949
0.0006156982912623 0.0286211070369625
0.0005007532217511 0.0467924509103179
0.0003824389261695 0.0725710757515354
0.0002905568609733 0.0981781792058047
0.0002414377397707 0.1084191299817341
0.0002361382115758 0.0932027444162748
0.0002642510379713 0.0701777557765794
0.0003115134357418 0.0539763825820508
0.0003637883689005 0.0473785201879182
0.0004079690249516 0.0446820221611878
0.0004314457454508 0.0396551586308816
0.0004228901592458 0.0397551347197262
0.0003776865866012 0.0592044004718712
0.0003030416748013 0.1244560091425932
0.0002180381080875 0.2927062748937542
0.0001463077271939 0.6737949390808189
0.0001057653006401 1.3905109341632971
0.0001299102561369 2.1988425713927420
0.0002606964722164 1.3895129458078967
0.0005240094082326 0.6718787023540145
0.0009529448438482 0.2899931471485094
0.0014603740490600 0.1209951952350889
0.0018618728511460 0.0552095024703400
0.0019982043297682 0.0374004101704930
0.0018207211186106 0.0479365914584283
0.0014111207561839 0.0881196552190978
0.0009367043537736 0.1742735014507067
0.0005663963553579 0.3314128878496435
0.0003970961606671 0.5617716747497122
0.0004723731806345 0.7434045639398109
0.0008041827135582 0.5486430433757656
0.0013367542606469 0.3104220033393603
0.0019962367239422 0.1535792024191902
0.0026535850317187 0.0719933525903681
0.0031393539917012 0.0353980372212908
0.0033146135409566 0.0227232805358151
0.0031259801185540 0.0255945228877514
0.0026220257679857 0.0477483447696089
0.0019363342432052 0.1093621739707240
0.0012422284134943 0.2600315706842057
0.0006868090884617 0.5954059111702752
0.0003295111116811 1.2216543625816558
0.0001513325443541 1.9253771398607473
0.0002152168313488 0.4651287275791521
0.0002962961395918 0.2638048738325716
0.0004320275876972 0.1303815301855095
0.0005803145925350 0.0605144503231987
0.0006966629056665 0.0292733285513181
0.0007459919008652 0.0191332323249357
0.0007152871540120 0.0225051283517344
0.0006171131089261 0.0392759014600550
0.0004832799928058 0.0742498045067300
0.0003516425897806 0.1323125928861867
0.0002523850825129 0.2053993324205667
0.0002019560713237 0.2507913992512403
0.0002030155792008 0.2043150311276569
0.0002451911994771 0.1321794972305950
0.0003128133533408 0.0770967339686565
0.0003880641824034 0.0455502011090451
0.0004519498124975 0.0301558680594530
0.0004876074297156 0.0236127493256922
0.0004840401241009 0.0247170276311037
0.0004402562851138 0.0375306870638736
0.0003672846593472 0.0722837065418847
0.0002859829249835 0.1486288667920992
0.0002206638021357 0.2942748798554722
0.0001937513641520 0.5148228877844008
0.0002335670223689 0.6923002776298872
0.0003708588690268 0.5122948623164852
0.0006151697920719 0.2898206256614993
0.0009560356414904 0.1436662107661333
0.0013187280462077 0.0690031530338564
0.0015794769905274 0.0385657862070817
0.0016386753934909 0.0341457099531771
0.0014765426317923 0.0489298782889348
0.0011614740588007 0.0830871666526656
0.0008163088163857 0.1373104009644369
0.0005677009839869 0.2043403140562786
0.0005089257905669 0.2637011227117172
0.0006951420099917 0.2870496504001758
0.0011395047129549 0.2226192739953698
0.0017944380636639 0.1388074031342167
0.0025543444753432 0.0764344849362248
0.0032599485608275 0.0403055396411820
0.0037372187900432 0.0228712081866451
0.0038592227948694 0.0171360677888218
0.0035909175160381 0.0203888471229109
0.0029995328501174 0.0351779595718028
0.0022319409722282 0.0707052651442603
0.0014653951206385 0.1446487718787574
0.0008451729618411 0.2799007233064063
0.0004382647354399 0.4769392309317815
0.0002408068866793 0.6290162138017337
0.0002734659782337 0.2147903615570191
0.0003537283560711 0.1334827895719635
0.0004865190280454 0.0727783664052281
0.0006242699389508 0.0377264787112190
0.0007218553152475 0.0219061006537470
0.0007467911302953 0.0201538943322500
0.0006898561247317 0.0331684861002451
0.0005681690867352 0.0702506245744135
0.0004182452188118 0.1522762911667414
0.0002801886659061 0.3089114484779052
0.0001809293739822 0.5454063303458875
0.0001330169406484 0.7355784319222985
0.0001414655628965 0.5451522905981049
0.0001935335206614 0.3090029691890273
0.0002741256578160 0.1533866624480330
0.0003654605156859 0.0726352359301578
0.0004447578355674 0.0363711700819474
0.0004917009664678 0.0229295696183885
0.0004955689360963 0.0220871623260973
0.0004587617925103 0.0309082924755038
0.0003961167497854 0.0503655979992604
0.0003305623384194 0.0835697146073969
0.0002867812836577 0.1339496210971719
0.0002865424055193 0.1969576124531437
0.0003499581982416 0.2354779465339507
0.0004910875709697 0.1895510991396535
0.0007061583769454 0.1206053422357792
0.0009657174064422 0.0684034971378209
0.0012048659627138 0.0402299156869988
0.0013420850937337 0.0326009899504611
0.0013230081054724 0.0438955891529368
0.0011524313360016 0.0777389519786148
0.0008932186266601 0.1397160529171725
0.0006387087493887 0.2239177869963072
0.0004873399393473 0.2886684327403203
0.0005282302655715 0.2648396352426776
0.0008187836442991 0.2048167462791003
0.0013724219453098 0.1373347901677427
0.0021356674716660 0.0824860562655402
0.0029773449623811 0.0464823142276102
0.0037146551306984 0.0263888439316151
0.0041689465679883 0.0171127719128787
0.0042250392534752 0.0151491290762572
0.0038685813534066 0.0198003430495809
0.0031900215874294 0.0335025700638497
0.0023546670358913 0.0616927598294555
0.0015462707754798 0.1108696390670674
0.0009050021361147 0.1815239510986043
0.0004921047922247 0.2536520756631560
0.0002985049800748 0.2774225523744319
0.0002735249934325 0.1976119779779898
0.0003615498666435 0.1156258291230889
0.0004935178862980 0.0617174864478924
0.0006221190820089 0.0326790782654211
0.0007030373164245 0.0215024551378302
0.0007064795242154 0.0256555726220461
0.0006275363216853 0.0520936057288947
0.0004888435998490 0.1258390476214020
0.0003322701355226 0.3074591232072293
0.0001999088582854 0.7142258689152212
0.0001119962264704 1.4769391108959535
0.0000711726365692 2.3364067579181040
0.0000826823290501 1.4767091421064686
0.0001342516632736 0.7140635248597462
0.0002146462679845 0.3078578644952915
0.0003097323540277 0.1274115627369370
0.0003945365006257 0.0555802001178207
0.0004461005936693 0.0319645087312924
0.0004538980515151 0.0312652124898900
0.0004232953033015 0.0439903793977279
0.0003726414718203 0.0645816902540219
0.0003269312117376 0.0845122039160487
0.0003103745810141 0.0946267154763664
0.0003398216859410 0.1002429163758874
0.0004246896412732 0.0982241537086003
0.0005653330915799 0.0788370217240492
0.0007460777979275 0.0544323396634192
0.0009316723262383 0.0363736622629028
0.0010695862724765 0.0297110871920259
0.0011079763467810 0.0387213672973285
0.0010239233774328 0.0734264356169012
0.0008407927352345 0.1547962182127838
0.0006184754620798 0.3127989520419065
0.0004253106476892 0.5531767247893081
0.0003369986649688 0.7497223487805823
0.0004460961582290 0.5664394348661652
0.0008061778706796 0.3339313397540988
0.0014368781146483 0.1751508041349900
0.0022834690892055 0.0872893138119859
0.0031909126988957 0.0435876456625647
0.0039513305877273 0.0236612987546917
0.0043769196878112 0.0162399264218323
0.0043612785351361 0.0167157665170184
0.0039117711666827 0.0253964261502395
0.0031472169650263 0.0470702030726695
0.0022587232991239 0.0905950160593539
0.0014404035351817 0.1646475813814617
0.0008206803150686 0.2621308817325583
0.0004407314572097 0.3318114237378422
0.0002787529076867 0.2893269470563887
0.0002209571753737 0.3680181940513978
0.0003207631028164 0.1848960145724826
0.0004544997176995 0.0869138524372208
0.0005782195900979 0.0416983864599019
0.0006487672349162 0.0264207143820867
0.0006388879282377 0.0336708757637469
0.0005479995293740 0.0750413153839584
0.0004036288572121 0.1987961875289333
0.0002509118582242 0.5445556552607694
0.0001339352092580 1.4776035628633337
0.0000687008948762 3.7885891887468102
0.0000405123373945 7.9928333126455184
0.0000470636421410 3.7878914782838966
0.0000855436469560 1.4766108827399218
0.0001542404129369 0.5441685861000358
0.0002411740516302 0.2005987782475842
0.0003196659459866 0.0816607454434014
0.0003660439000757 0.0494907742656076
0.0003707018878506 0.0577181991576458
0.0003415559250601 0.0926699487565837
0.0002992622176316 0.1435787855916964
0.0002698586089530 0.1793828624580825
0.0002765734068704 0.1540568328110582
0.0003301117237898 0.1110070893518415
0.0004293768185327 0.0760668002212162
0.0005637755438633 0.0513105557042545
0.0007108701643328 0.0354580471527373
0.0008366009124902 0.0282100012407033
0.0009009399723957 0.0319556312246699
0.0008727839886310 0.0565511016566734
0.0007497727534571 0.1285088446751185
0.0005673524432285 0.3090406126075207
0.0003826257009837 0.7156271010282863
0.0002397239965436 1.4790452360860635
0.0001928170201719 2.3400698772443032
0.0003308814231454 1.4832750075619872
0.0007028629945711 0.7223405890147939
0.0013579738188964 0.3155078290839394
0.0022507430205395 0.1325170970785315
0.0032010200115059 0.0567296897473856
0.0039729060606269 0.0274234149321531
0.0043650804865582 0.0185458052283600
0.0042768502739504 0.0216473545066239
0.0037372119490925 0.0387744889463039
0.0028969189152917 0.0821309665350953
0.0019784842878956 0.1768862826080577
0.0011874522886384 0.3579421726509103
0.0006278138888237 0.6317271641481925
0.0003055521980937 0.8534729264691786
0.0001946239807131 0.6395016425234353
0.0001546794033558 0.8178928369809587
0.0002581516570100 0.3535710181004406
0.0003911468322828 0.1457222398923207
0.0005117008787868 0.0617838095303496
0.0005769246578551 0.0344478548379738
0.0005619118557907 0.0404620445419949
0.0004699603529600 0.0899794311297017
0.0003312670356677 0.2480560384887200
0.0001894242120891 0.7386325701297191
0.0000879078464559 2.3405540507780138
0.0000406523367138 7.9956788675031660
118.2790896525171576 30.0516268257604544
0.0000250127610034 7.9934397803865904
0.0000508302446009 2.3368975503421030
0.0001056520145036 0.7356048864136229
0.0001778056780638 0.2494559368334257
0.0002407804282765 0.1022342212486027
0.0002735776578392 0.0756522329502898
0.0002692434633991 0.1147013737121965
0.0002379299717000 0.2176359388435969
0.0002000569125203 0.3808877790399983
0.0001802534006441 0.5144345214786379
0.0002013253606333 0.3849300669688276
0.0002669469216378 0.2242692661694381
0.0003686061735582 0.1192750003945855
0.0004900673566241 0.0655130496441450
0.0006070067478347 0.0424837038073287
0.0006900673808280 0.0362599294719834
0.0007103911610836 0.0442290221935786
0.0006506453891521 0.0825319194453067
0.0005194542300999 0.2026497179791324
0.0003559050253339 0.5456508586637137
0.0002148173474695 1.4769395601215238
0.0001267207202513 3.7863709261119882
0.0001224022683824 7.9885478990399870
0.0002536831329229 3.7874214718126709
0.0005793856880791 1.4782742272173195
0.0012173154569183 0.5459491866028314
0.0021204498844315 0.2003891680484525
0.0030803586156368 0.0763259525874305
0.0038412498786105 0.0334818145276574
0.0041913446774946 0.0222619815770809
0.0040351417630821 0.0291468652238371
0.0034211553220557 0.0602740914838538
0.0025299508529742 0.1444882355508485
0.0016139091626416 0.3514243980716775
0.0008900920611317 0.8150877708595254
0.0004288588274898 1.6844608318465604
0.0001756834579732 2.6641362459517737
0.0001060917755306 1.6865928912927677
0.0001059419721480 1.6812853702555055
0.0002037755605217 0.6191115647790825
0.0003324996463408 0.2258989336783318
0.0004474721394964 0.0864413862013046
0.0005069900980885 0.0428772488324043
0.0004898068348006 0.0435313452099774
0.0004031966758338 0.0857670830961416
0.0002780151474280 0.2124744231842570
0.0001546544576188 0.5597966333749166
0.0000672191571130 1.4908642882103293
0.0000253423649511 3.7979740073729436
0.0000108139907799 7.9985533893939991
0.0000150873631583 3.7911525488763229
0.0000361291199111 1.4788879537810662
0.0000780730199352 0.5474036518945614
0.0001310571839366 0.2086266501072171
0.0001738762283810 0.1041011996063372
0.0001895544483904 0.1114916239548584
0.0001751898064848 0.2221637198193896
0.0001428398302998 0.4996263798492820
0.0001095917385807 1.0285492333935329
0.0000944624570804 1.6267624890354480
0.0001207488054218 1.0316511764233678
0.0001830490210627 0.5058117573930744
0.0002721636783134 0.2300787756295301
0.0003725767873976 0.1139026740413038
0.0004618359819255 0.0744548909506713
0.0005169812604790 0.0655467641305042
0.0005184561167956 0.0695467067340452
0.0004570586736352 0.1084591055093545
0.0003436477437173 0.2559693236359584
0.0002109085533265 0.7393079331925649
0.0001067788837303 2.3371020775301954
0.0000577191461480 7.9879514695973359
118.2056619796929482 30.0303164117832644
0.0002200890477310 7.9874700251468136
0.0005006872408768 2.3352444792762732
0.0011098222557732 0.7341984039204604
0.0019941997280928 0.2446420186310299
0.0029219431514348 0.0873723293474941
0.0036390059299654 0.0368482127366806
0.0039356520643856 0.0251769718435960
0.0037244359858643 0.0367740769511484
0.0030675386230314 0.0849025727284824
0.0021624581776597 0.2256098091812689
0.0012743313093373 0.6187809180128293
0.0006359414353940 1.6807038064165456
0.0002957952864111 4.3112061788634435
0.0001130404717946 9.0965349916015477
0.0000589369352171 4.3116913417029528
0.0000948438270905 2.6579957754461443
0.0001851936159810 0.8346998841231464
0.0003061012528985 0.2778661201662873
0.0004078161205967 0.1011210618321075
0.0004534865202362 0.0493565812895351
0.0004286773535364 0.0479578557359148
0.0003459656402641 0.0823613240194003
0.0002358500262059 0.1684192972109919
0.0001325251371787 0.3568468680963512
0.0000603957809779 0.7559905134581332
0.0000236957330049 1.5049411381697750
0.0000119370065651 2.3524036915593780
0.0000177972618315 1.4850624417800136
0.0000364000968100 0.7190185956956009
0.0000671101937166 0.3138264176355291
0.0001021074653934 0.1420145859271650
0.0001257663503788 0.0979363141104575
0.0001265212500293 0.1553038435113241
0.0001054050825800 0.3847840742337251
0.0000757637789157 1.0296201305624835
0.0000528942992639 2.6353714397599028
0.0000470223112755 5.5591240152072512
0.0000649760835769 2.6406417261369257
0.0001077683685802 1.0428517118255225
0.0001730741302031 0.4110774546737389
0.0002464153388095 0.1990148102220181
0.0003091739454114 0.1497820291893791
0.0003459036400726 0.1468485374173971
0.0003445241573333 0.1288769865550374
0.0003004660927255 0.1337104744564395
0.0002215276008196 0.2290629782771047
0.0001308875410608 0.5577162082194876
0.0000609584557248 1.4816698985361794
0.0000312384967446 3.7874941444165104
0.0000757715374884 7.9878131003774628
0.0002229552222592 3.7856810577732007
0.0005229024266748 1.4761273764165042
0.0011091960839629 0.5439413473625430
0.0019307817266158 0.1988924847642330
0.0027823380428381 0.0755733526296326
0.0034217894302532 0.0338947955929989
0.0036578418173267 0.0253383960685264
0.0034158945278318 0.0402276118734739
0.0027624370990874 0.0982098507499163
0.0018904517036658 0.2773179300233281
0.0010483136283765 0.8347429433898802
0.0004814803792331 2.6580333369450622
0.0002243466725505 9.0949311194219771
134.6137783408483983 34.1974765076359333
0.0000556573679152 9.0949466345125654
0.0001479361968817 1.6795391672466711
0.0002322960123713 0.6184941439105200
0.0003335633678356 0.2273008472250086
0.0004073343956372 0.0914662182986006
0.0004236705119726 0.0542832804250334
0.0003786381927938 0.0640221232261158
0.0002919171965242 0.1092434716913896
0.0001930787906754 0.1901311450216268
0.0001079217749540 0.2998809023887428
0.0000512822583404 0.4272651122668690
0.0000236514548037 0.6183901116575572
0.0000169454709735 0.7735730107088876
0.0000243620473916 0.5627968899189182
0.0000411868461446 0.3173092569843922
0.0000640671434757 0.1606256322593750
0.0000856620500325 0.0895596755284920
0.0000953867852141 0.0881053905396253
0.0000868706496552 0.1821514705428776
0.0000633307617181 0.5167131614032392
0.0000365048364108 1.6282657897169450
0.0000213633852800 5.5596109746139240
82.2101349481663704 20.8930210239028860
0.0000269332182493 5.5696153883668664
0.0000499695302681 1.6566379839835581
0.0000926060093381 0.5832437950433759
0.0001390936147083 0.3200154494437759
0.0001774104648021 0.3282182608170855
0.0002005173608796 0.3896204932391424
0.0002026715972869 0.2938671089816305
0.0001820072757609 0.2018029000233164
0.0001420912901913 0.1976906690845033
0.0000950671135990 0.3384979149532051
0.0000599843357362 0.7262797084599490
0.0000510687434169 1.4807845220085241
0.0001053636111615 2.3370734008405276
0.0002766454057285 1.4774946198550813
0.0006107925053806 0.7154223632922271
0.0011707431106358 0.3092395329794588
0.0019073561792138 0.1280165626037155
0.0026489308979773 0.0543989706046469
0.0031887059662727 0.0276540559765191
0.0033681261470590 0.0230558907289577
0.0031291550705018 0.0367607544778880
0.0025333103841512 0.0853155123229730
0.0017495273745557 0.2257974492897310
0.0009995435675330 0.6184713129910450
0.0004797425533084 1.6797730557362338
0.0002294209174965 4.3096288474067475
0.0001235272699784 9.0944511978715816
0.0001043613428499 4.3094816869568735
0.0002814821104037 0.8119337974123675
0.0003556590044475 0.3507904627501946
0.0004229923221888 0.1483216259830540
0.0004493318144561 0.0741481592042125
0.0004178905186724 0.0660632193769324
0.0003383786082858 0.1081687084029717
0.0002386334212460 0.2093503777663589
0.0001463532349127 0.3728826453422522
0.0000768336219577 0.5250417493366956
0.0000365675788985 0.4620222900095192
0.0000211422814935 0.3861759352749751
0.0000211068961316 0.3342964394661276
0.0000307529560908 0.2380409694771801
0.0000462133562289 0.1440705856058587
0.0000633243054235 0.0823596568761616
0.0000759137020004 0.0569478628547680
0.0000774548324090 0.0707615197842205
0.0000653961887857 0.1505312836698278
0.0000438892486339 0.3883052906787346
0.0000221502652371 1.0354092663467307
0.0000091789443415 2.6416080123350265
0.0000051233906102 5.5674904269293188
0.0000082395920224 2.6579815266512403
0.0000204417102296 1.0874887202868833
0.0000424395384464 0.5283966833822368
0.0000653104634287 0.4894396364540722
0.0000832293896322 0.7814661529349352
0.0000947609714916 1.1789367813822913
0.0001019702034075 0.7487993013455666
0.0001010074834298 0.3835376041335906
0.0000938308596136 0.2189438296639728
0.0000834559909634 0.2107546507372916
0.0000796162939508 0.3305299452542749
0.0000980889244144 0.5533287278306198
0.0001732720461883 0.7396291463857169
0.0003590578644520 0.5492622884987584
0.0006993374027067 0.3136452937284528
0.0012151367528787 0.1574552921397465
0.0018493270210195 0.0752841149602884
0.0024635450338175 0.0376017272192503
0.0028975368925016 0.0231371795670633
0.0030323968392717 0.0215317284270083
0.0028289275684265 0.0314882282134814
0.0023391317805863 0.0627937438455188
0.0016947616511273 0.1458113687402787
0.0010690095965727 0.3509454465727047
0.0006076288298074 0.8125050913611163
0.0003456508425499 1.6796638680240550
0.0002318589109762 2.6574885616919937
0.0002273179927421 1.6793168100020837
0.0005166506111586 0.3498649019201015
0.0005571706008218 0.1748474142401724
0.0005679828472071 0.0888845151037214
0.0005266317351720 0.0643554282077074
0.0004324775511651 0.0932129244834818
0.0003089067018382 0.2009994798301069
0.0001909214406499 0.4561727661220899
0.0001029143980196 0.9397257971878484
0.0000452593734153 1.4903520216453228
0.0000197283007706 0.9716058864259385
0.0000161850869085 0.5161650266811891
0.0000223172321190 0.2736845271835535
0.0000341793589951 0.1490157059477581
0.0000484937087037 0.0825926137206682
0.0000612696347100 0.0500782759818675
0.0000680058412128 0.0419648334966290
0.0000653138648944 0.0581275898985477
0.0000531270958798 0.1113610668363480
0.0000356357967923 0.2388337738443726
0.0000195821476878 0.5188861601911879
0.0000099780752380 1.0456370476742574
0.0000068940777658 1.6450765063813533
0.0000087289416585 1.0654225144900356
0.0000135976230155 0.5944505610481009
0.0000206263234680 0.4817800998903586
0.0000266882544387 0.8172572161416806
0.0000320143666471 1.9106627817049562
0.0000395006643763 3.9747263115963571
0.0000460452124247 1.8875591403260721
0.0000554748177559 0.7480358368995054
0.0000697955409354 0.3026400961264817
0.0000853050130585 0.1657341004028607
0.0001063162691068 0.1622577370411586
0.0001474562970458 0.2156976501590336
0.0002382464651318 0.2584228467989548
0.0004213598330070 0.2152146859313665
0.0007324231213702 0.1452963208595190
0.0011742003194088 0.0876700170641105
0.0016901242794683 0.0511459702977240
0.0021724817277948 0.0322608578898080
0.0025049113574469 0.0254606867340553
0.0026073350226804 0.0263802215248390
0.0024607895691776 0.0329940383718729
0.0021090219740480 0.0485671867869700
0.0016436669489510 0.0875028184581774
0.0011795165614960 0.1767047759133634
0.0008144927725934 0.3515682410366316
0.0005864437006887 0.6186433497163932
0.0004822687265801 0.8343169904033606
0.0004776321992637 0.6177837791554859
0.0008357875897809 0.1442052919425257
0.0008127509842293 0.0840557096764958
0.0007439433562874 0.0562244842928732
0.0006218338188515 0.0648993070661957
0.0004606919164509 0.1341246212254092
0.0002929671537512 0.3470724662524718
0.0001563121509527 0.9305721225956547
0.0000742260272571 2.3791374553706213
0.0000277013457915 5.0154006060248637
0.0000091824130202 2.3895130110714708
0.0000123335970508 0.9493651957683390
0.0000217783672555 0.3689322371878416
0.0000345291612207 0.1507255737043089
0.0000472676265589 0.0697417550445278
0.0000563902244111 0.0433993604696113
0.0000590142147731 0.0445862118026107
0.0000540932735207 0.0664699785804468
0.0000430739840492 0.1092495906286968
0.0000296747310554 0.1755813798826724
0.0000185002718261 0.2745500110224945
0.0000125743801500 0.4226514284534465
0.0000119376528910 0.5469001719639575
0.0000143531998411 0.4296435295302200
0.0000168030704886 0.3375718582938806
0.0000172831402470 0.4687904468743260
0.0000148470469024 1.2044029507489749
0.0000132267949616 3.9799001946304982
58.5971953131433381 14.8965777683990339
0.0000231673432527 3.9662525346119324
0.0000377652573637 1.1664049556874769
0.0000629369562387 0.3804175603485701
0.0000911261623197 0.1529315835755381
0.0001239702507351 0.0992256550342641
0.0001722589873282 0.1043418337651721
0.0002583841486281 0.1213329630223176
0.0004144148131387 0.1226192758694347
0.0006673663311209 0.1090899980099666
0.0010147962889861 0.0830547247365627
0.0014075046034642 0.0585025190857989
0.0017636056877046 0.0445142002065406
0.0020026655356692 0.0425522091560282
0.0020788513568368 0.0488201296158846
0.0019945085849148 0.0556097222803800
0.0017911609145840 0.0570315857580657
0.0015279630347493 0.0644672094441762
0.0012655400721680 0.0921077078731197
0.0010536792612949 0.1490614263167195
0.0009169053528135 0.2270781182452053
0.0008524876748164 0.2772578865473032
0.0008374035999658 0.2249710842262855
0.0011705872827874 0.0611491095241863
0.0010664738859728 0.0440322875652717
0.0009080816826093 0.0423901866757928
0.0007070007115395 0.0690426986084934
0.0004893434063793 0.1648826949688358
0.0002889820204364 0.4693202868778754
0.0001372896834843 1.4703257394758658
0.0000597588539828 5.0100084012370756
74.0443881272083928 18.8181985982670632
0.0000061847117339 5.0112975209041046
0.0000111005377482 1.4722485552666602
0.0000213508120575 0.4708779747063309
0.0000333713475394 0.1659026704743655
0.0000436436557501 0.0719351170578120
0.0000490828290276 0.0525211933685082
0.0000482659180042 0.0710237074043556
0.0000419022298033 0.1203198462799543
0.0000323144447895 0.1927840967881831
0.0000226463629923 0.2552419515647047
0.0000161624348749 0.2556190943094920
0.0000147337605417 0.2461735459340446
0.0000179378685670 0.2371402813866286
0.0000231583962516 0.1983255520566888
0.0000267547869862 0.1949688752846631
0.0000262558250605 0.3201951073999280
0.0000217927380838 0.7560967146671960
0.0000165816694861 1.8879956130254820
0.0000158645227317 3.9653782370669015
0.0000232542732943 1.8808459765187120
0.0000405239642189 0.7373188330315676
0.0000660047923291 0.2800506614591281
0.0000943985651724 0.1191795993209407
0.0001244956432883 0.0764581148431640
0.0001624774635191 0.0852592364226317
0.0002236399605617 0.1209846625077310
0.0003319408279507 0.1669714993026948
0.0005116401112552 0.1936852153325198
0.0007609299695174 0.1588001121737749
0.0010376898895011 0.1121205601876802
0.0012801623251154 0.0871581548076995
0.0014354111496320 0.0915877347031980
0.0014853080358073 0.1170906735232573
0.0014527169897324 0.1368326453838092
0.0013838736212998 0.1143786957312758
0.0013190530492086 0.0838657422659419
0.0012751480409569 0.0687889546643508
0.0012533927260728 0.0732987146259548
0.0012467432956442 0.0893545271443332
0.0012428281363507 0.0989407120910656
0.0012241909126220 0.0846357128449374
0.0014427819026902 0.0314691859628475
0.0012539811629304 0.0312856968531489
0.0010111813687707 0.0415587960729824
0.0007468095444900 0.0721887893277438
0.0004943886189462 0.1513367223171401
0.0002829912983028 0.3639854216549003
0.0001331929416592 0.9416240315477433
0.0000525589629147 2.3825369572989659
0.0000167678689777 5.0107527568660881
0.0000080659719330 2.3767543481696527
0.0000136168259094 0.9297613842857688
0.0000228634261046 0.3473039279724627
0.0000326949553659 0.1359411452811790
0.0000395094152807 0.0714581367977941
0.0000409350857882 0.0761874024286978
0.0000369289616605 0.1376317291834395
0.0000295055130567 0.2712706512727008
0.0000212727365047 0.4790718984883048
0.0000146083104842 0.6522019914456454
0.0000122597058791 0.5021163428124926
0.0000155003144837 0.3154467266965271
0.0000237242020728 0.1942889308808452
0.0000340071745472 0.1298540314637993
0.0000417967428761 0.1187258847029986
0.0000437874467075 0.1810990844681973
0.0000401250905463 0.3678929909421096
0.0000342531910809 0.7386576793083068
0.0000314405873310 1.1616057966197577
0.0000382612505711 0.7353262112288232
0.0000533627152538 0.3592717024144567
0.0000735551211150 0.1632673061001681
0.0000936970713193 0.0863479287433588
0.0001109025211049 0.0784798978721242
0.0001280015326198 0.1243210810875514
0.0001549438393951 0.2310967835706695
0.0002099146233247 0.3971759301413102
0.0003186938881285 0.5329570061648318
0.0004822041986185 0.4042336392427037
0.0006594382764643 0.2549060709772413
0.0008062912903907 0.1860470121509188
0.0008906990872965 0.2094377448019562
0.0009128873201311 0.3064607103088325
0.0009113006116906 0.3953729443696860
0.0009441346183827 0.2925232248189510
0.0010439666814890 0.1701180926702513
0.0011997410284135 0.0931418239201150
0.0013695095729951 0.0577828489008722
0.0015055594074538 0.0459606734968059
0.0015727701069659 0.0419693121037098
0.0015529188969302 0.0366530942914436
0.0015984211476685 0.0265245962895408
0.0013287638596120 0.0378601890822607
0.0010159380055046 0.0607116102029225
0.0007118920950104 0.0981051997048469
0.0004521182593273 0.1550317468171773
0.0002543307021971 0.2573150248157645
0.0001226539165524 0.4911507409036219
0.0000506178117158 0.9503475582491364
0.0000198476925870 1.4764865952155739
0.0000143159028563 0.9320661477150202
0.0000191784499254 0.4525305718648439
0.0000267743050352 0.1999284387898521
0.0000335466017201 0.0950064499708071
0.0000363306799191 0.0731797832087827
0.0000337487134318 0.1192758278110858
0.0000269954070258 0.2696324100667242
0.0000190083292422 0.6192968954929277
0.0000122037702979 1.2790839086233992
0.0000078284199988 2.0245723350789100
0.0000085226240308 1.2873073454558828
0.0000156021917559 0.6346413512734479
0.0000292017355856 0.2889778595938955
0.0000460562562151 0.1378898738860634
0.0000601278342909 0.0876577709016315
0.0000667704842716 0.0986320164217396
0.0000655478623498 0.1635745385686055
0.0000602564066218 0.2757797011824146
0.0000568724898177 0.3686726453377213
0.0000603593716129 0.2748882329970854
0.0000702971838724 0.1603930246944808
0.0000822832547327 0.0905808863934329
0.0000907966111808 0.0707008543322869
0.0000925501084658 0.1051404726220084
0.0000891784085836 0.2266200882322305
0.0000879182172885 0.5128260336117110
0.0001011647161055 1.0546205051163680
0.0001554492809505 1.6693336885398811
0.0002543943922676 1.0739466226660630
0.0003526173099366 0.5713542019831338
0.0004273196062897 0.3777880354717173
0.0004610151703413 0.4620661330850605
0.0004596497823577 0.8093792354141384
0.0004657346609289 1.2400494146665968
0.0005660846244726 0.7816747071361725
0.0007749269149944 0.3798311824162546
0.0010807146805229 0.1675831782170623
0.0014089680921976 0.0748663848147278
0.0016692410716366 0.0388866357905886
0.0017970852460017 0.0264028648085033
0.0017687367256469 0.0233263217193928
0.0016250251239989 0.0380450179948181
0.0012802607815083 0.0691791045620728
0.0009160501797512 0.1248096292221810
0.0005984980721400 0.2017371918354260
0.0003573154425023 0.2678612997661232
0.0001950514987403 0.2761100615491099
0.0000975937419588 0.3063406844003133
0.0000464891714997 0.4015479637591429
0.0000257738988451 0.4893143531380304
0.0000224469227294 0.3545888340289487
0.0000264736207583 0.2008965720396303
0.0000320925572831 0.1047778831252122
0.0000356558417994 0.0659448059076341
0.0000346957746593 0.0801146007183730
0.0000288241198884 0.1773388272058724
0.0000200764476078 0.4719276635975685
0.0000119286499767 1.2764836232667565
0.0000067993645678 3.2724839852743188
0.0000046877904048 6.9042906944575702
0.0000071094065672 3.2752166284887507
0.0000167059954188 1.2814647936930295
0.0000356559685521 0.4780357833890868
0.0000592651875364 0.1829024755783987
0.0000796248004669 0.0829655741151639
0.0000907842674889 0.0607458530339177
0.0000917567921380 0.0754895672927457
0.0000865145503858 0.1079265897049343
0.0000812977428435 0.1310305675817087
0.0000807914397668 0.1099825375634264
0.0000847243792383 0.0771411075088205
0.0000887175550548 0.0584432898717676
0.0000873910735621 0.0713249976652059
0.0000777323177030 0.1497926130373202
0.0000615856370813 0.3907162918705445
0.0000461039803766 1.0517160064778193
0.0000418177040981 2.6937077226044694
0.0000700340540144 5.6850586884992724
0.0001150265116783 2.7245740258576827
0.0001540895469801 1.1497507393495212
0.0001849540059110 0.6690124285201865
0.0001932424757582 0.9132781065334659
0.0001889782062506 2.0379824233156256
0.0002214157568008 4.2135917700370538
0.0003358544269510 1.9954880157470798
0.0005866725445541 0.7789285370632838
0.0009857267967990 0.2887990306317371
0.0014198845655711 0.1083878549986937
0.0017617520662128 0.0451961400984649
0.0019193510646338 0.0256723547293682
0.0018630661214673 0.0249255518970549
0.0015513314570027 0.0676379319891499
0.0011390182303102 0.1436364576101018
0.0007449791530109 0.2913186483329507
0.0004388188839998 0.5172009220955729
0.0002324109875394 0.7060191388374580
0.0001173604839558 0.5488206053880047
0.0000620858099517 0.3627980123089191
0.0000367013956762 0.2617045606778591
0.0000280563377270 0.2139435565182699
0.0000286396173253 0.1506586442879313
0.0000328884465453 0.0925633664020290
0.0000369196547677 0.0570845337600994
0.0000379242110208 0.0497825790310021
0.0000343618754084 0.0840673271267819
0.0000266077652145 0.2153422410421965
0.0000169414331046 0.6361654759618113
0.0000088523191355 2.0187151694662466
0.0000050923643910 6.9026046320944774
102.1342490033829762 25.9492772638460636
0.0000117140083595 6.9030616582811026
0.0000231839387429 2.0194277374775171
0.0000464870327450 0.6367937668192657
0.0000749354466906 0.2155464743171366
0.0000987077417954 0.0834202065351646
0.0001111691542776 0.0465267214284659
0.0001113965245523 0.0450852425424942
0.0001039067273421 0.0572255683596264
0.0000953797786675 0.0684712412575041
0.0000907045258551 0.0667532405968665
0.0000900831695961 0.0567816888908082
0.0000895552815321 0.0530597549482690
0.0000839373335334 0.0775821050251377
0.0000701886554282 0.1816930090710293
0.0000498952320046 0.5254008909308501
0.0000297703109038 1.6613411381191998
0.0000206022560031 5.6772650395034256
83.9296094177177849 21.3379501677834149
0.0000388650733844 5.7141577528607899
0.0000510207167183 1.7837228171411224
0.0000656301443644 0.9041282408434024
0.0000634396862216 1.3973295449625929
0.0000602357399679 4.2540023853237408
62.0941476799649337 15.7953238638797391
0.0002607390841316 4.2033851023382711
0.0005256169647321 1.2300104727812231
0.0009796734671392 0.3879617974131519
0.0014635784876672 0.1313784422358438
0.0018327577384477 0.0509150650323142
0.0019775644624375 0.0295288352067637
0.0018666595034058 0.0353424374199048
0.0014344596019391 0.1192918184695295
0.0009652740361073 0.2886729305899533
0.0005631287413541 0.6700665919994709
0.0002915431056610 1.3864551253032680
0.0001251583637477 2.1960192199753492
0.0000506255553262 1.3991034999911547
0.0000308244355547 0.6970928533283326
0.0000254341559463 0.3302151991601507
0.0000268671081756 0.1680230240944462
0.0000314984993254 0.0921724709594646
0.0000364703174547 0.0541417334897122
0.0000394898816770 0.0382553331768097
0.0000389658435329 0.0417699004068381
0.0000343631322543 0.0750551234342779
0.0000265507548915 0.1791090055816021
0.0000177098572892 0.4748307086688758
0.0000107333901214 1.2783424833422614
0.0000078356037971 3.2726427541774381
0.0000121804260330 6.9025477473891703
0.0000227456480696 3.2714727990903194
0.0000392834609063 1.2758176138294373
0.0000654350898969 0.4709063283469114
0.0000946230624441 0.1745209300741312
0.0001165447615290 0.0719357914777406
0.0001247226536375 0.0432401996050873
0.0001194462172244 0.0460424937756199
0.0001065241207640 0.0645130749522479
0.0000933963692210 0.0872266256451097
0.0000853285730548 0.0984168951286858
0.0000830981172525 0.0868416551684813
0.0000831608411958 0.0723804549884716
0.0000803219728184 0.0817309288554045
0.0000707000221067 0.1556122053198241
0.0000544932547984 0.3932254773343330
0.0000370724569530 1.0523948099186931
0.0000254867268417 2.6936583697953704
0.0000198734368979 5.6849735775043246
0.0000197360940534 2.7248635972888917
0.0000276882221887 1.1506607827283055
0.0000368278101900 0.6706460937244989
0.0000371695178096 0.9155299288822641
0.0000392488274674 2.0404710836390301
0.0001200637535881 4.2157704688556930
0.0003120845731324 1.9969323206546186
0.0006289315404023 0.7794606171824605
0.0010934313603493 0.2885202963229376
0.0015784278334825 0.1078792734067275
0.0019255408140942 0.0462663283524476
0.0020185641572590 0.0333328003628676
0.0018312322922098 0.0523692979643912
0.0013397449967598 0.1860429992640547
0.0008241578109428 0.5092158304358967
0.0004219728137010 1.3832738548528816
0.0001996194790868 3.5488155912675339
0.0000739375492811 7.4886653570354449
0.0000181441319539 3.5537212517710972
0.0000143815552243 1.3934118898341215
0.0000181512234692 0.5242718556411997
0.0000248602582237 0.2037724105290090
0.0000317020833346 0.0880097349650116
0.0000367558139906 0.0476764337610230
0.0000388251903484 0.0382329679963251
0.0000375174992405 0.0457084091043558
0.0000332467199788 0.0702869609067549
0.0000272086536086 0.1302856853528443
0.0000211907299277 0.2805211577928289
0.0000172347950387 0.6255300430863462
0.0000170733359481 1.2797589599055545
0.0000244591235022 2.0194313596515325
0.0000413819059181 1.2759565821813235
0.0000645924743306 0.6172478862074439
0.0000925559611530 0.2673194948141632
0.0001181864834434 0.1140949949293048
0.0001322478540550 0.0583480919209489
0.0001302696276545 0.0515364660676316
0.0001150800437048 0.0772217898537458
0.0000944583533487 0.1319358958485883
0.0000765159684927 0.2046150211176081
0.0000664869529590 0.2511572681988187
0.0000655228376107 0.2065265269392265
0.0000705922508804 0.1401672489023935
0.0000767539534423 0.1029821924255903
0.0000788027706506 0.1213314986388396
0.0000737796169258 0.2326762772750522
0.0000635480320473 0.5137726306074997
0.0000524482875687 1.0538037920906163
0.0000433826922174 1.6687327105071046
0.0000421673458794 1.0746886009103067
0.0000473441636317 0.5741397659713964
0.0000556987448258 0.3829808660599025
0.0000667623467879 0.4693992902455461
0.0000957566978879 0.8175787833839255
0.0002013388436279 1.2471382795441803
0.0004430533031740 0.7862207809553645
0.0008138732168089 0.3812780207520896
0.0012889306283178 0.1660358713268702
0.0017516909960301 0.0713389675635523
0.0020500211188801 0.0368848842791439
0.0020745317520520 0.0360654101668762
0.0018087419315291 0.0716667890763439
0.0013200033926931 0.2284202548857939
0.0007727064070743 0.6871287481578456
0.0003642980861078 2.1879252138106651
0.0001685241875389 7.4859209672175888
110.7833210665251471 28.1456853755696770
0.0000094229256318 7.4879042021935920
0.0000101269183057 2.1921634106324732
0.0000164464885872 0.6940187346777970
0.0000243240012436 0.2385581238291214
0.0000307975492214 0.0964001542599997
0.0000344045389680 0.0579566186333700
0.0000348790710789 0.0594779155566136
0.0000329115807478 0.0782059047915941
0.0000297380432872 0.1003443254012486
0.0000268939955457 0.1214781535135685
0.0000259018673071 0.1719358919881973
0.0000281694604868 0.2890143699964784
0.0000352117452549 0.4811872102829093
0.0000495302436447 0.6388908967004013
0.0000721265112525 0.4715949389411404
0.0000992882965479 0.2670692348653816
0.0001257318517018 0.1342306859816490
0.0001433215356016 0.0701347205304932
0.0001447525533574 0.0540037269494987
0.0001288316677495 0.0787060148208574
0.0001018125617506 0.1564485747405872
0.0000737005147367 0.3132129185784784
0.0000523387801793 0.5526651139362284
0.0000416986119862 0.7461530400233585
0.0000437282310261 0.5543913071437570
0.0000558409242785 0.3188629250891021
0.0000746377475301 0.1715883421042439
0.0000940493543524 0.1152935439276368
0.0001064814474382 0.1349731495914511
0.0001083630469908 0.2299424998491251
0.0001015604676570 0.3928606570476675
0.0000910439891913 0.5302554454008800
0.0000837228336168 0.4057332397667173
0.0000831436247229 0.2623658521851728
0.0000910651706589 0.2007168428606139
0.0001143211699607 0.2309457083675939
0.0001752223045688 0.3309971665470096
0.0003227591228529 0.4162222492401828
0.0006027684727987 0.3054294950288099
0.0010123031907104 0.1737770091639501
0.0014953485721130 0.0875126335701720
0.0019327531696613 0.0437878611667267
0.0021845332785505 0.0282832399536466
0.0021538484211971 0.0359393494682701
0.0018338502831199 0.0816679711360764
0.0013876645493525 0.1856684270536461
0.0008398448517498 0.5092053375945993
0.0004202030140536 1.3831328790262605
0.0001903595569328 3.5479669813226056
0.0000666013949079 7.4863095435882148
0.0000174407694786 3.5489545466250760
0.0000168671676940 1.3857886639371870
0.0000216238979952 0.5151873385825931
0.0000271379836539 0.1986069881346666
0.0000304585553876 0.0974517164079699
0.0000306731953627 0.0861908072446554
0.0000285192979142 0.1229525543728485
0.0000255317936111 0.1854587135759319
0.0000234617171442 0.2317140335599936
0.0000242354272422 0.2047916644994863
0.0000295017380757 0.1686341178321473
0.0000403478378255 0.1663854448522266
0.0000573146620769 0.1982319126225805
0.0000806274737197 0.2221845701797615
0.0001088169481648 0.1759698784834678
0.0001372908838481 0.1121467790643604
0.0001589798671305 0.0664689291788144
0.0001659185529429 0.0481606376322349
0.0001532691209433 0.0626449647873253
0.0001233417007085 0.1313780624735800
0.0000858473357204 0.3129768140483576
0.0000529666951923 0.7249330687007944
0.0000313042733222 1.4993015437310317
0.0000217522115423 2.3725311324670275
0.0000263541283689 1.5003827809068881
0.0000445293119802 0.7281102235416447
0.0000766946661219 0.3207152367951290
0.0001164366792768 0.1484609265251930
0.0001502715427309 0.0968268598015763
0.0001678462543101 0.1079846942598425
0.0001670140859581 0.1502007576860889
0.0001529279938304 0.1838734719530941
0.0001346412972615 0.1612830436184818
0.0001212065418796 0.1311631699542748
0.0001211478619522 0.1272126841624465
0.0001480401314892 0.1535281991692098
0.0002287673057476 0.1901093087856566
0.0004065059004372 0.1972596310093549
0.0007164780348510 0.1502677308348984
0.0011493366777475 0.0934727210348921
0.0016369257508614 0.0521678690255438
0.0020600460099184 0.0294775471237386
0.0022892751119136 0.0221729071283393
0.0022386832070061 0.0310820744785991
0.0019067110703393 0.0700950726915409
0.0015006063446439 0.1189447391235974
0.0009717892422222 0.2891182844158922
0.0005391264508232 0.6702241872556066
0.0002601579332174 1.3847210171897073
0.0001040718456327 2.1898651829751157
0.0000454584096248 1.3852506844746246
0.0000358994381969 0.6728251215848674
0.0000348496814360 0.2975766961307418
0.0000344982217104 0.1418351702686390
0.0000318999833471 0.1060347148271385
0.0000269780203418 0.1525598619326141
0.0000214097499454 0.2836024963689950
0.0000170271571428 0.4943916840144125
0.0000155047394565 0.6679486290234732
0.0000192100976791 0.5021031770420157
0.0000299608106114 0.3000209346956705
0.0000489691604601 0.1759958331559184
0.0000756178381635 0.1213298169803751
0.0001074086444681 0.0977280957035850
0.0001403191520878 0.0737845310994394
0.0001683977350333 0.0510505093335152
0.0001843794987711 0.0376035781205416
0.0001816579076816 0.0413430876010235
0.0001577900301778 0.0794877498833095
0.0001176784142066 0.2024086088144304
0.0000731524948048 0.5520264639760433
0.0000382616962950 1.4991380046649485
0.0000194806283141 3.8464061472596986
0.0000129615489505 8.1168959950169732
0.0000188843117364 3.8469155361732814
0.0000411843041465 1.5005656493642108
0.0000871534313703 0.5553324075136380
0.0001477146680939 0.2093278154409975
0.0002026820604864 0.0925314169597588
0.0002350922872101 0.0627498115948352
0.0002381329527858 0.0660863927134535
0.0002161942073089 0.0774503235920640
0.0001810801862115 0.0854904629075548
0.0001471315801168 0.1048172343916351
0.0001290875361598 0.1505231359320091
0.0001449713777984 0.2192166906884557
0.0002247112349909 0.2685151037329272
0.0004097332951999 0.2292383912545059
0.0007282533247664 0.1543301542539905
0.0011681074480018 0.0897709848191679
0.0016594221619941 0.0484050217132379
0.0020849479073998 0.0267794219475327
0.0023215730700269 0.0192668389063918
0.0022895729326569 0.0245055261775996
0.0019875857405327 0.0497527181991031
0.0015900062968348 0.0683703915235910
0.0010988229803849 0.1460567158173026
0.0006670142045680 0.2935668435223717
0.0003601371882723 0.5154149727664233
0.0001795046631974 0.6932189845793387
0.0000983991273150 0.5147526979162556
0.0000688299227148 0.2955678115710722
0.0000556826750294 0.1580394197009339
0.0000459176095766 0.1069348117871629
0.0000354300809988 0.1382959946012274
0.0000245572177785 0.2869425700504932
0.0000155701668775 0.6480866044600286
0.0000099604071040 1.3349345442153542
0.0000086138927842 2.1115239446466880
0.0000138942650135 1.3377365309660216
0.0000275366292503 0.6533360511251105
0.0000516752079854 0.2921810138353082
0.0000849291499689 0.1345965277265915
0.0001222878722721 0.0712043388499706
0.0001574793069771 0.0439952780429176
0.0001839429536434 0.0315033828113206
0.0001954685791069 0.0289211109992310
0.0001873779780129 0.0412329834459800
0.0001588695810905 0.0908429631698206
0.0001155810144290 0.2490073388542900
0.0000690343769585 0.7455380693389335
0.0000343984366251 2.3723421804710845
0.0000189736886418 8.1168404333562165
120.1285569523491858 30.5189537828588691
0.0000288419909691 8.1168785626595188
0.0000559279583815 2.3724835164853637
0.0001144338675789 0.7459654633323929
0.0001925222138915 0.2501360300728359
0.0002631479825321 0.0935026168372615
0.0003044113693764 0.0468569541413796
0.0003056341062184 0.0397392668170092
0.0002705270541222 0.0515381988388736
0.0002137407536845 0.0836837148614589
0.0001549627082802 0.1567368701131884
0.0001135158274795 0.3012253626354679
0.0001074265127829 0.5233621173018987
0.0001679775447181 0.7037635231619466
0.0003377726148475 0.5256086225967862
0.0006381191481245 0.3014998155213364
0.0010637846867982 0.1512367436566366
0.0015525453586295 0.0713054831798960
0.0019894556694143 0.0342382600213161
0.0022528769263692 0.0200847294166718
0.0022644235441322 0.0196707391317372
0.0020194125267842 0.0328204965339972
0.0015927352780682 0.0421104939908155
0.0011551219983073 0.0779031879007226
0.0007490329948590 0.1353534266835717
0.0004426566320065 0.2051898456830811
0.0002512514542484 0.2459341908639592
0.0001514584188201 0.1996778158668034
0.0001037032889061 0.1321810593718135
0.0000775580319759 0.0900722195156269
0.0000581059654802 0.0964581691663350
0.0000401794348321 0.1915302554776719
0.0000240403481772 0.4957457500913299
0.0000122665491646 1.3349442952811450
0.0000062416847798 3.4206779716005054
0.0000054568333185 7.2170193289183144
0.0000106271750092 3.4217205422302084
0.0000239034230610 1.3367145431000291
0.0000494382941058 0.4969128428252634
0.0000846917526810 0.1881592596859490
0.0001227572970610 0.0795458933934546
0.0001563998734333 0.0432840181742591
0.0001797774601436 0.0333168667835653
0.0001888532876874 0.0340182001921186
0.0001811867957706 0.0448208421319355
0.0001566445423270 0.0842872120372114
0.0001194902544140 0.2061085495797066
0.0000791402067964 0.5542571823710721
0.0000481075822996 1.5002539634295273
0.0000332605356296 3.8468180976960382
0.0000366311650441 8.1168372735720222
0.0000564450153086 3.8463447178266121
0.0000962897073639 1.4990386036455350
0.0001664253292260 0.5517605258501568
0.0002540571829987 0.2016513775544337
0.0003309053558546 0.0776636556134406
0.0003717743500098 0.0379171652288281
0.0003641723762046 0.0338384541030599
0.0003118782592108 0.0564862175096926
0.0002324058092427 0.1243950257115507
0.0001505566650498 0.2937807223527530
0.0000893994815479 0.6753945482114631
0.0000624023109570 1.3925252959457133
0.0001003388418329 2.2011940560541690
0.0002409021686716 1.3931750380577457
0.0004952487309923 0.6755671418796044
0.0008807045684018 0.2923230990205018
0.0013500382891649 0.1207727321376819
0.0017905537714452 0.0506259427284642
0.0020796476897454 0.0245395618751574
0.0021375442858378 0.0182208552758164
0.0019550895610650 0.0238769426713176
0.0014742978582497 0.0384819250930539
0.0010957558933673 0.0645998566197385
0.0007344255600784 0.0992055793399668
0.0004543204756023 0.1287257387865195
0.0002743025241618 0.1313049689120091
0.0001747802602133 0.1053608033298425
0.0001221057939738 0.0754778861463380
0.0000905383474649 0.0635978574765607
0.0000663347206098 0.0936883086616012
0.0000445515873727 0.2271067443225489
0.0000255042920862 0.6652900576330723
0.0000121041410316 2.1102161195131410
0.0000060573346656 7.2165334160557055
106.7890986748724487 27.1312660925521243
0.0000105110683769 7.2171670026002657
0.0000217836994306 2.1115904795004394
0.0000457694466486 0.6674512067268638
0.0000783060427285 0.2296338610757208
0.0001113972875311 0.0949257556030100
0.0001387045384498 0.0593638730405504
0.0001567089105980 0.0575516388582426
0.0001645413989822 0.0627939953227975
0.0001623249095196 0.0643374444968253
0.0001501500999311 0.0794672047442791
0.0001294267761177 0.1428459892197860
0.0001046930622757 0.3193068450007415
0.0000833649541394 0.7278565684371116
0.0000709226947267 1.5002842528718117
0.0000754875616402 2.3723638997706700
0.0001057105279408 1.4990645784862082
0.0001606676348714 0.7245460292197510
0.0002394466960800 0.3119584718302661
0.0003279595347980 0.1283853130738467
0.0003999975925505 0.0548380493139814
0.0004315680433796 0.0307678853042765
0.0004107432181489 0.0346013266156664
0.0003416695902485 0.0722778422385735
0.0002436395392186 0.1877476516092798
0.0001447822188936 0.5122199448161141
0.0000721302479767 1.3894019426969479
0.0000376728315375 3.5627447913925172
0.0000647717367018 7.5166080445497032
0.0001656248823682 3.5633489036583330
0.0003513235398162 1.3902913070300222
0.0006780996038955 0.5129852933965710
0.0011077320984692 0.1879784566071472
0.0015290787248274 0.0714209901643188
0.0018227302055011 0.0312657078527454
0.0019091602364329 0.0204488203095324
0.0017758159219292 0.0238815609178425
0.0012427424286550 0.0600410380314661
0.0009215624631666 0.1060841576987511
0.0006158504189182 0.1664598484521476
0.0003810556529569 0.2073808360429571
0.0002345104736389 0.1761781792799166
0.0001563467089483 0.1201388484002861
0.0001150315194911 0.0761076410392070
0.0000890966468911 0.0586450270501642
0.0000676789979336 0.0812009435431370
0.0000472655057050 0.1849744771939369
0.0000289233772483 0.4933601804490713
0.0000156510125556 1.3343284238804769
0.0000090785704398 3.4205983609330715
0.0000092357521325 7.2168677951279872
0.0000148718829224 3.4213422332368189
0.0000261927144693 1.3366198263602689
0.0000463465487632 0.4990674282140141
0.0000712057722793 0.1975345549873231
0.0000937992731195 0.1059439592102758
0.0001100653669122 0.1008831240936450
0.0001200751241165 0.1320870824914951
0.0001265510862919 0.1578571174329198
0.0001324131629481 0.1344021421960555
0.0001385551757784 0.1056775908899755
0.0001437007690233 0.1091876631845595
0.0001460600889907 0.1714533971664663
0.0001462415987521 0.3193620677347922
0.0001480769736193 0.5543567580784362
0.0001602506510372 0.7456380246732219
0.0001944786490566 0.5519974279675327
0.0002510899125774 0.3124942109677202
0.0003248863304757 0.1548106804109482
0.0004008989652036 0.0730737458894299
0.0004572584254319 0.0368793528167608
0.0004742467599595 0.0259510921355297
0.0004414977948331 0.0356176612425951
0.0003624506277356 0.0821376149427442
0.0002554161601881 0.2295614866486345
0.0001480303742282 0.6900431867284846
0.0000700527263079 2.1967101217535068
0.0000343957203646 7.5155161294254187
111.2187961720409106 28.2564317561948712
0.0001041092342044 7.5168342637146282
0.0002312856060092 2.1992592989400692
0.0005012405813412 0.6935457176857456
0.0008755862023236 0.2333782375926707
0.0012492055828574 0.0853903879530421
0.0015163713681832 0.0377261732540380
0.0016034238128551 0.0265817699078022
0.0014970520355531 0.0344648006831313
0.0009448534180155 0.1196749037784642
0.0006803827725274 0.2382053073325576
0.0004365442024036 0.4188837960184953
0.0002549502985916 0.5650824335457422
0.0001534219093623 0.4217867855839552
0.0001089208015718 0.2428625553521720
0.0000885883875921 0.1261403068513851
0.0000756494216903 0.0722127075713691
0.0000627707962617 0.0686161319863517
0.0000481937828271 0.1231492346566411
0.0000337149636696 0.2821791930088259
0.0000225045951089 0.6474673025899566
0.0000166649135292 1.3352993746795101
0.0000179934912652 2.1112184920001309
0.0000266840062265 1.3360849741427190
0.0000393248158257 0.6510825020636289
0.0000545448761554 0.2936769067483886
0.0000683399876273 0.1529378379649518
0.0000763428778723 0.1362586014942212
0.0000785269436528 0.2068849072833633
0.0000788931388833 0.3439984528772993
0.0000830614059056 0.4598512120054116
0.0000969531260266 0.3439781643417063
0.0001231408616481 0.2051603295348513
0.0001597941134582 0.1257836160111531
0.0001989408062802 0.1092320782938013
0.0002322537478136 0.1429713275979341
0.0002575609351518 0.2063346739567368
0.0002804676597653 0.2492994689208090
0.0003100825062193 0.2025665037314360
0.0003515724702009 0.1308128867280806
0.0004021027583536 0.0761266610250833
0.0004512418405192 0.0447986110100458
0.0004842774290621 0.0299708246161548
0.0004869007931652 0.0259078022832216
0.0004497786203665 0.0348569908355155
0.0003734752745692 0.0727908479201166
0.0002715981797472 0.1875853910856619
0.0001683904738055 0.5116133522708348
0.0000901223510552 1.3887354043972457
0.0000476358467759 3.5624154369779082
0.0000362179899005 7.5171957895548882
0.0000669782293960 3.5657599184562687
0.0001678415554355 1.3955583913386689
0.0003813851310960 0.5215508676580812
0.0006793784671467 0.1989259524973685
0.0009802443506214 0.0829190675404225
0.0011942910090733 0.0435669995505424
0.0012586432369938 0.0383404341486208
0.0011617636112192 0.0600175653036934
0.0006445448108543 0.2389690341045312
0.0004406192031176 0.5455641640170120
0.0002643192867479 1.1241561886996196
0.0001338352565626 1.7770754367385104
0.0000735212605671 1.1246432473564147
0.0000597999314388 0.5461258474226171
0.0000579437066630 0.2394168808027256
0.0000576897575628 0.1075728236932524
0.0000544886144741 0.0664425586172017
0.0000475999665482 0.0799186545900748
0.0000391427876664 0.1468809063146245
0.0000325481540177 0.2855099533089833
0.0000309282608723 0.4972098583438842
0.0000365295481019 0.6678458040711881
0.0000486881358331 0.4967648148012931
0.0000621595913114 0.2889873969425335
0.0000718299641672 0.1652290101890362
0.0000731329493346 0.1371334608131760
0.0000651175332971 0.2154337571669199
0.0000528761790017 0.4531962816774183
0.0000439227508299 0.9210913487389387
0.0000449759664228 1.4533476014007578
0.0000655233123930 0.9203764937694265
0.0001090001910465 0.4502186524060389
0.0001771249671688 0.2051432128648515
0.0002561818245674 0.1057075697600637
0.0003268188988950 0.0796435976123598
0.0003767316446989 0.0847327896346476
0.0004053172474975 0.0916181404489316
0.0004205863307575 0.0803439732886384
0.0004318045867823 0.0624449595035913
0.0004440646171998 0.0497165819576621
0.0004567916999883 0.0442681512064317
0.0004643917736456 0.0416755821495769
0.0004578494827457 0.0381648363862896
0.0004277341541198 0.0394193822777461
0.0003697925636983 0.0589212376838280
0.0002896022834320 0.1236446141776070
0.0002031094734060 0.2915488033102315
0.0001299774724229 0.6729775694359639
0.0000800987913768 1.3909493641570752
0.0000554401210518 2.2020905175322749
0.0000718793094076 1.3994990725963861
0.0001472141125185 0.6911536570270339
0.0002999767065804 0.3193003767710770
0.0005140478502632 0.1559663416079644
0.0007312550815340 0.0855283865495728
0.0008820099079200 0.0574094795914786
0.0009160788674954 0.0600193405320538
0.0008244865062323 0.1062062638399197
0.0003928728134040 0.4226242774286197
0.0002495624316447 1.1259782685277986
0.0001452040104122 2.8789962188451579
0.0000678658790026 6.0714334515547916
0.0000288227228221 2.8782035507904244
0.0000283500532572 1.1236659100500206
0.0000348679466108 0.4171887495853278
0.0000418223820496 0.1597270876164060
0.0000454407005679 0.0760405357511523
0.0000450892826910 0.0630629336634298
0.0000428728376618 0.0867493852388008
0.0000424562383783 0.1359536275614351
0.0000475126364682 0.1973602722682155
0.0000599528620611 0.2339965477041256
0.0000774147434399 0.1908483383440853
0.0000928550713130 0.1317829537292412
0.0000981734148808 0.1062564272010392
0.0000883772122727 0.1519766361358234
0.0000657203417069 0.3505086765241597
0.0000402376033122 0.9225339975813943
0.0000243158338232 2.3549225540226506
0.0000256983713425 4.9654617471144435
0.0000487800626446 2.3543183349887244
0.0001040169465067 0.9203053100492851
0.0002004006541150 0.3437969307140062
0.0003154179444443 0.1342066651407076
0.0004186328709099 0.0644066055865204
0.0004864340380516 0.0456072358281886
0.0005108004013844 0.0432193867098069
0.0004992048640926 0.0445761673014888
0.0004677681424192 0.0508240304989865
0.0004333648769873 0.0652029107542212
0.0004073665409917 0.0845972264238899
0.0003928099461805 0.0954141417545547
0.0003846672166005 0.0832690463210344
0.0003726326113906 0.0646367313264821
0.0003471748997440 0.0583050214048394
0.0003043071102448 0.0798248408465939
0.0002482804196193 0.1492898424911289
0.0001898223471929 0.2935686340030693
0.0001388504667407 0.5173172386741547
0.0001030105511171 0.7029740445693969
0.0000971244355400 0.5385503765682151
0.0001357374045335 0.3412965055776994
0.0002281313353806 0.2274884142663414
0.0003641116190472 0.1754594224628451
0.0005049267924206 0.1304638899069595
0.0006001682890567 0.0968679447613374
0.0006117764038075 0.0970343984148016
0.0005323399534877 0.1710289542422828
0.0002126204244721 0.5766842728928316
0.0001147728244053 1.7824642005990763
0.0000608239700126 6.0734103505852977
89.8281899811324536 22.8231739837669423
0.0000097499967063 6.0714185158760960
0.0000129487328130 1.7768489267125394
0.0000215087275365 0.5631182681550704
0.0000304453079030 0.1977918091362285
0.0000366952614053 0.0909176581619441
0.0000397772153177 0.0725516510191640
0.0000418336212764 0.0877967755698818
0.0000468592775843 0.1100958885886997
0.0000590313597043 0.1195820468248623
0.0000798950399437 0.1138529732442610
0.0001057003805056 0.0915989375105575
0.0001269632137616 0.0727040245058698
0.0001326910286621 0.0821692559018350
0.0001170226253810 0.1658777768779725
0.0000843035792742 0.4625364040307535
0.0000481156000407 1.4540542950339395
0.0000271018946134 4.9656573007417943
73.4632489011778915 18.6650191911846548
0.0000564351209640 4.9655483173207742
0.0001202892131852 1.4531243606101112
0.0002400854799121 0.4591024659845350
0.0003816286786459 0.1567418788355041
0.0005061903552876 0.0620668786518516
0.0005797971195234 0.0350864601348014
0.0005872940302073 0.0336754120240757
0.0005371366719751 0.0478889103826105
0.0004555451636765 0.0813336082869935
0.0003737531766082 0.1403635050611021
0.0003138685544742 0.2176288839604469
0.0002839094099434 0.2670803012924180
0.0002806913309717 0.2176868044675035
0.0002931164711751 0.1417539378235505
0.0003082915434774 0.0877308365726890
0.0003135603386940 0.0675244323663777
0.0002996481199764 0.0812211647776438
0.0002655287601136 0.1280599880047669
0.0002177982726775 0.1989823677006172
0.0001677591692409 0.2568620987732193
0.0001312641598684 0.2489184827230853
0.0001245820928597 0.2491535932525661
0.0001578062788386 0.3011217712255403
0.0002285583172510 0.3629440778387808
0.0003108952930271 0.2938564275405163
0.0003672934052638 0.1987078351577152
0.0003701118716442 0.1565162423769796
0.0003118797481528 0.2286376084741552
