TIMESTEP:
4000
TIME:
40.0
DATA: p c
0.9862041677475496 1.0026200160668932
1.0903562239238860 1.0649631167392690
1.2136565007081825 1.1304122539341683
1.2925548181748796 1.1680499183227642
1.2751857088187728 1.1585743474496621
1.1886922442245382 1.1135790603872033
1.0937946545025516 1.0593837503228232
1.0210803518733222 1.0135082630308130
0.9721229656512065 0.9804421725774191
0.9389338126106866 0.9578186727249138
0.9150370916896834 0.9424484855924438
0.8987925246931364 0.9331772813264317
0.8921191358908062 0.9307034916418161
0.8972455033190999 0.9357612887451805
0.9137648013211980 0.9474128151305535
0.9373982313396275 0.9626495450052970
0.9614581126901436 0.9776490911551506
0.9808837955901407 0.9899695338568653
0.9956631532050403 0.9998496061758757
1.0094800307192962 1.0090107398499184
1.0239762901787479 1.0176035670735912
1.0337950216791563 1.0220519383662749
1.0282491980235682 1.0164991761879305
1.0010879374938815 0.9978510307539437
0.9589800258990226 0.9700085525936010
0.9178142651306884 0.9426931615133081
0.8928285180078060 0.9265683071379053
0.8940191571551772 0.9293776675261618
0.9265625722620432 0.9541992355821437
0.9897578122090442 0.9979160623446501
1.0700575621503734 1.0489008213829252
1.1332489156708017 1.0870074882669361
1.1394652823510494 1.0927154190321648
1.0850034158567061 1.0631296952417670
1.0066444030057353 1.0145482701496822
0.9392182488708193 0.9671634749556480
0.8958675038777112 0.9334527889903278
0.8769924131408542 0.9180690347385450
0.8808612725732501 0.9217695745925488
0.9076149310569237 0.9436877013261907
0.9577201922654159 0.9807435041721980
1.0260260452021224 1.0254626575674564
1.0945807687358780 1.0652168885658961
1.1342904423154803 1.0859931004961707
1.1238030088584781 1.0797816408436796
1.0692275789784933 1.0497435776243940
0.9986833030948490 1.0085783509086417
0.9408602472543413 0.9722349662017808
0.9137366206903550 0.9543249069265878
0.9269125381662928 0.9635808709264466
0.9850037582097507 1.0026597339853769
1.0327097602196458 1.0327567430059730
1.0987854724859083 1.0714180480533955
1.1510760455618958 1.0994307186951231
1.1616645831484533 1.1032529245745122
1.1342349614613005 1.0857292191856562
1.0936575493151817 1.0600261837397142
1.0574212690539397 1.0364351323164784
1.0280387201580954 1.0174946674606049
1.0010053233621585 1.0010536431125212
0.9738327840323875 0.9852609222171339
0.9497055439882823 0.9713094626638996
0.9349191851518218 0.9625862129825919
0.9340121872984460 0.9618261799024346
0.9464966583553396 0.9688123572690109
0.9662456776785650 0.9800252285986490
0.9840322289365170 0.9904594459109856
0.9931044361747193 0.9966898654507154
0.9937393298747152 0.9988308200919119
0.9914880564504577 0.9993250658665616
0.9904135199883943 0.9994842171677644
0.9879004471554368 0.9970307896774198
0.9760285409207405 0.9872411383609946
0.9495694722171367 0.9674177158607775
0.9130818012113432 0.9407911521438770
0.8788721800973140 0.9159068737791684
0.8598069307673368 0.9027114297018706
0.8657710735920180 0.9092904830533187
0.9043563573935011 0.9403302937791466
0.9805973175377127 0.9954201169436365
1.0895052826420384 1.0653824283803590
1.1991997852301419 1.1285844706884836
1.2497301098601792 1.1568148718543598
1.2095670232725144 1.1372018736393750
1.1176110791143858 1.0852825835759932
1.0279517678837866 1.0272491681338367
0.9637060833229422 0.9802479609628306
0.9256028342749545 0.9502708949776112
0.9093532269536921 0.9378976938059120
0.9134027451624959 0.9426690808727264
0.9396271449356460 0.9640766245184503
0.9901738594523898 1.0000972986311294
1.0616009949140188 1.0449041294163630
1.1378321704802630 1.0875887264055244
1.1888344335701275 1.1139828132045659
1.1868574909623442 1.1131832928087508
1.1331464707421746 1.0858379818734998
1.0591872890060385 1.0454656310081847
0.9992411300715313 1.0102465945062593
0.9725690532456072 0.9940548239779381
0.9763385376551141 0.9971788738375831
0.9704513925022378 0.9944281943567981
0.9844953684428478 1.0040088441964194
1.0048720718638711 1.0163585064065528
1.0211455601890151 1.0244959659536725
1.0322956394239888 1.0282067665530110
1.0435542569969147 1.0316149147093390
1.0572957054479095 1.0372062364177665
1.0683594923795317 1.0427598190300504
1.0676095754381725 1.0432348933956039
1.0510589295425490 1.0356220675436574
1.0255249243667706 1.0223214027055920
1.0037651302963282 1.0096094485825799
0.9950810987197668 1.0029623048804470
1.0002474564123154 1.0035665190415508
1.0119358109155854 1.0080534604273399
1.0193586275662105 1.0111471449678553
1.0157642644713381 1.0095669220209014
1.0032746564159629 1.0042017136562256
0.9896577208847330 0.9984509660002415
0.9803057093931542 0.9942376980238157
0.9729307500693005 0.9893143487093439
0.9591227561782524 0.9784121925515780
0.9325331791000873 0.9580011784820717
0.8965575213436189 0.9307200486240846
0.8627817108905665 0.9050297372132702
0.8437317417584806 0.8911409654720283
0.8493264479213739 0.8976550006111929
0.8881019371118670 0.9302475997164098
0.9682171428263517 0.9902926743146442
1.0914730105563129 1.0709440154598395
1.2332181325536506 1.1513357662367092
1.3254296261039844 1.1986040350204565
1.3096299036660828 1.1911172987703855
1.2156405381317297 1.1409848816465127
1.1117940643335191 1.0778541716358434
1.0316620647273052 1.0224913919036294
0.9773556465755441 0.9819921514426304
0.9428184846902581 0.9567174838253257
0.9252546088372938 0.9463063641633319
0.9270832989132033 0.9517360787486187
0.9537726915054427 0.9744108782884388
1.0099323880899769 1.0137438780536920
1.0930291299314818 1.0641936794271323
1.1838610740612885 1.1129796085685859
1.2428598299867757 1.1419604410142943
1.2343811912852303 1.1377202876566759
1.1658099861661577 1.1035430163022928
1.0797513926467084 1.0574823976947079
1.0121257945816342 1.0185200156346124
0.9688350579037851 0.9915986802487194
0.9277718509228554 0.9654626201319235
0.9087318994973158 0.9528243701140100
0.9062822346913169 0.9505397569830061
0.9171866781469533 0.9562595274059921
0.9414880361082161 0.9699033745940057
0.9803785247825043 0.9922439819007223
1.0316133360799160 1.0217453063724233
1.0849515857929171 1.0523310203777996
1.1226660126782093 1.0746070840519943
1.1306241881027932 1.0813768785468776
1.1120508829188214 1.0733971307325920
1.0848418725702553 1.0586515086879664
1.0652919226788791 1.0456654812597983
1.0578946413453649 1.0379882707328134
1.0563051753503603 1.0336244344629262
1.0505651294117673 1.0283720764986501
1.0359011385460537 1.0201864788745540
1.0166391289734753 1.0111172450127319
1.0015593444567981 1.0051422215208861
0.9954989454959496 1.0038387502201491
0.9938949292853364 1.0034339739250646
0.9842620424830458 0.9960487796328690
0.9565777826067560 0.9757629410735567
0.9144904679358640 0.9449335231084199
0.8729606279229075 0.9137863352397876
0.8470897071607620 0.8944530816556230
0.8472356937850052 0.8964867040572587
0.8812981244872609 0.9257701149798019
0.9569944179019362 0.9838032973625369
1.0771348477084475 1.0642986434080379
1.2208056312403130 1.1473958068597501
1.3239879470617915 1.2005684831226926
1.3241017947814326 1.2002838523244079
1.2419585376453415 1.1558778071819216
1.1436417218608603 1.0959043488325328
1.0643374634057188 1.0410936803461457
1.0065077380987952 0.9982526951777320
0.9633543005062750 0.9671750847574755
0.9317158959119449 0.9472735132235481
0.9145679721508770 0.9401641826925561
0.9187498764528820 0.9490267374193241
0.9517013933839251 0.9763666972105859
1.0174951963816132 1.0210413375674203
1.1092798482682016 1.0749030488308076
1.1984723067574314 1.1211723300876395
1.2387087464829825 1.1400689370999617
1.2051072191198615 1.1230345937693704
1.1229309824395013 1.0805305452096943
1.0357027714499010 1.0318649914543825
0.9720620903802930 0.9919572218285793
0.9160537563126463 0.9554789608194466
0.8789065508788485 0.9293178483608603
0.8607485187222123 0.9151145698411918
0.8619277632283524 0.9141126489761224
0.8839434597484348 0.9276403175513281
0.9284757053307096 0.9561803131509671
0.9943575599785172 0.9973441501380943
1.0723456576646253 1.0437966388845383
1.1414368677213533 1.0834489096411997
1.1771350138294618 1.1046537077467162
1.1722397348110798 1.1042530453137698
1.1434907960352245 1.0894954068114642
1.1127963069803812 1.0708892879816865
1.0901431082494202 1.0546702318527368
1.0730611961141225 1.0413340093564543
1.0551999069056472 1.0290001620035603
1.0350151709765487 1.0175995855313242
1.0183879438555119 1.0103618093683133
1.0139528489439840 1.0114831201015730
1.0253406292023715 1.0216979473384120
1.0442836078642030 1.0346206894000500
1.0497043879965251 1.0374683338566004
1.0224574269076516 1.0194262655258186
0.9671509012722458 0.9824633395287714
0.9084070338543879 0.9410300315867332
0.8683907419445903 0.9115166422907022
0.8585502672875278 0.9051537390025655
0.8846525227787205 0.9273542530061764
0.9508968059886581 0.9781142596370798
1.0556075241521916 1.0495964795440849
1.1753717997461079 1.1219168068796292
1.2547685570083249 1.1660236293889685
1.2490837168649340 1.1635083351339228
1.1809569985796995 1.1242940180260239
1.1030913241991704 1.0731018761333000
1.0418643426228318 1.0271339852410848
0.9970661917218639 0.9911927469972813
0.9607432343842643 0.9637529096838069
0.9288217977832969 0.9432108692757072
0.9040210137285307 0.9306785497315364
0.8935513544557451 0.9296339512486771
0.9055288787312585 0.9439248291249522
0.9458402695860665 0.9751509512777584
1.0137769590834740 1.0196698569736220
1.0945041601997387 1.0662104977565816
1.1552002062948530 1.0977060204136764
1.1630142265518555 1.1007269143190306
1.1163937897437197 1.0756813925025319
1.0434079788064365 1.0348866706595954
0.9940341872061020 1.0034022806048641
0.9399233040003265 0.9687051636649190
0.8931981878304581 0.9361334377808479
0.8611802045677327 0.9116825345991829
0.8487873278912856 0.9005106605364224
0.8593085275380382 0.9061805998972097
0.8948486878330746 0.9299655214782010
0.9550370601175362 0.9697437081636412
1.0328219304668871 1.0184571582681130
1.1095079938421581 1.0638218809556892
1.1587324084829389 1.0924121980750126
1.1657543345845554 1.0978085162837450
1.1406846107751356 1.0846502579598876
1.1049071004226931 1.0631251487462028
1.0719752959224416 1.0410802610397196
1.0442487886917662 1.0215781840608322
1.0201126220946155 1.0054526311062348
1.0012143163002492 0.9947409606930427
0.9944732781411340 0.9938014877875058
1.0088692320831110 1.0072536663729725
1.0489127703794590 1.0355911799382744
1.1045048476431776 1.0700692442676898
1.1420706163384036 1.0912813387996270
1.1225583540035231 1.0798532623417314
1.0484539539928717 1.0359011191841694
0.9629307916481888 0.9806210482481972
0.9018929900710170 0.9374291447373101
0.8786172251336124 0.9201518780755198
0.8953266555255847 0.9333438473916542
0.9508306642605695 0.9745058767183641
1.0365113543639586 1.0330455503101421
1.1240852465559306 1.0883420790857514
1.1672873753269042 1.1157334503594272
1.1436121035513342 1.1043930831358566
1.0818928697786379 1.0668043210573661
1.0225856377699605 1.0241721073149870
0.9824651129677884 0.9897391113135654
0.9582573597596410 0.9660272265910316
0.9403368560262367 0.9498492704395693
0.9218513025437527 0.9376038549525458
0.9024700525735219 0.9282199211690096
0.8875881258370149 0.9236114638467433
0.8850274094032246 0.9274670556577618
0.9015731217824241 0.9431304818839988
0.9397976059709392 0.9709490313053661
0.9943185701312310 1.0059502205957618
1.0489914708551511 1.0378724512404751
1.0817324048772612 1.0555427380416953
1.0790838911150618 1.0534482574764270
1.0450962957376206 1.0339140865277119
1.0381893418003239 1.0276141718649900
1.0007836053633945 1.0044316515028151
0.9494015431427606 0.9706215620353662
0.9010240286743376 0.9362162722365469
0.8692238150779488 0.9115967492439196
0.8609144116077770 0.9037072753182819
0.8782514881916591 0.9150834725124743
0.9199864083037654 0.9438989691854778
0.9796020428855045 0.9836081372655580
1.0419282625786410 1.0230823662047985
1.0853740011825279 1.0498084956473821
1.0953623954008254 1.0564653973329481
1.0759902215742572 1.0450790427449439
1.0429197998980975 1.0236703545433434
1.0088054038138718 0.9998829617883890
0.9787840711963701 0.9782760083177370
0.9548165204501207 0.9617628157243715
0.9408046908990607 0.9540409118354409
0.9444956109822922 0.9604666613378752
0.9762294345373723 0.9865147417125930
1.0443679602466762 1.0336546957444210
1.1425914903670693 1.0926134225631881
1.2277590617384637 1.1380359651154399
1.2300587429183620 1.1390830650948316
1.1387914884094972 1.0906698096547545
1.0221695138261613 1.0215226070347658
0.9370647233397341 0.9641223065095598
0.8995020526073196 0.9357248439848169
0.9073916495827695 0.9400943092060207
0.9538040794303864 0.9721581609808093
1.0235593480336924 1.0185519055746464
1.0844007838197247 1.0578681694340784
1.0977314162174592 1.0691948892552074
1.0570152092158225 1.0479643939774721
0.9951327365784374 1.0090418423947058
0.9452182585014915 0.9716009439270873
0.9189679964266586 0.9465806652843037
0.9125732625891473 0.9354640742576978
0.9163208635794389 0.9341522255389199
0.9203578751400970 0.9368250550349720
0.9182326958632679 0.9386051793291152
0.9091202829562550 0.9373262427290926
0.8980711005744100 0.9345300798823823
0.8934380994615980 0.9348134105301336
0.9023990655479348 0.9429266182465088
0.9273110446264724 0.9604299223969361
0.9643743920689283 0.9844201475195713
1.0046049173669462 1.0089433806047186
1.0367499360804653 1.0276093622677867
1.0503332685803957 1.0351113258821956
1.0978472359720792 1.0594767595940298
1.0918345491603758 1.0547049057600628
1.0406741666433754 1.0236884809695195
0.9715911068311787 0.9794661807879156
0.9134994299706767 0.9392753193359833
0.8805051266293111 0.9148721507210980
0.8750708635164649 0.9104848727429754
0.8940363298543094 0.9243985478788183
0.9300542020501923 0.9502790653148829
0.9704554988052579 0.9782339239519926
0.9991679321229586 0.9975635429629993
1.0050526732313969 1.0015597913628489
0.9892173833425411 0.9906519624817185
0.9614292270216585 0.9704636655117219
0.9311276969004455 0.9473803484056291
0.9037371630702605 0.9262479486518042
0.8828025283547051 0.9110048666234989
0.8732231040923722 0.9062510713124443
0.8829938258814005 0.9179377699460004
0.9234011220626901 0.9523294072599791
1.0066695160168397 1.0123966424970485
1.1339087043512406 1.0902822017172058
1.2631554304346244 1.1582183090211065
1.2989704669787603 1.1755405280094113
1.2044966202063812 1.1287581667176638
1.0654521390108767 1.0509498044596146
0.9613239705435840 0.9829789979821564
0.9125782236378619 0.9458949258382249
0.9139981852078317 0.9433468534530144
0.9543875391740162 0.9685460408513740
1.0141844770185580 1.0062749727609077
1.0589633628243185 1.0346823649095354
1.0548292624577520 1.0351913517037170
1.0033217704842905 1.0067765493923084
0.9387708705269077 0.9656350028861205
0.8911022775688718 0.9302287191281413
0.8708641364258419 0.9110674087813752
0.8761445446797480 0.9102111717700493
0.8997641465513155 0.9241075347565740
0.9313753596623732 0.9456437743185232
0.9575662217121447 0.9653890365966271
0.9651889429869378 0.9741866292909144
0.9502767958575158 0.9683297991661377
0.9232857289032922 0.9531682438778866
0.9009424497790817 0.9394618979629800
0.8952423089640812 0.9362427024673307
0.9109708403129965 0.9473725006322630
0.9479644103273217 0.9719935845041281
1.0016474733755618 1.0054847380704199
1.0595269872659840 1.0390148720186172
1.1497762883746352 1.0855637911037384
1.1843762719445847 1.1012032076662668
1.1404716595402966 1.0762293884725402
1.0508935818295002 1.0245591773401588
0.9649253835794136 0.9706017904861423
0.9071596586109908 0.9315615599562952
0.8808082617972244 0.9135325611719987
0.8804784948401814 0.9147679404869108
0.8973408650473926 0.9287430982473809
0.9196913101098778 0.9461566148924587
0.9347853976770251 0.9575943771477577
0.9342738861883082 0.9572122342179931
0.9184228290058309 0.9449105079353869
0.8936144928041839 0.9248737913811632
0.8666332510498554 0.9023568121409177
0.8421392918867620 0.8819000163542291
0.8238523662407056 0.8676310645720237
0.8166573913295989 0.8643352460060058
0.8280716952062506 0.8780121546908529
0.8690479576939588 0.9151632906189752
0.9530367792875837 0.9797352195623279
1.0862976539767808 1.0657908955339928
1.2353180726686159 1.1468352299968785
1.3003118421180366 1.1785365011870490
1.2207844588971934 1.1396043210070312
1.0788975950843853 1.0614804200111394
0.9675028135366618 0.9893028405864931
0.9132183863978590 0.9474165592537427
0.9108652922094973 0.9403943728622449
0.9477835974472811 0.9611746682502169
1.0030676978342490 0.9941317674684990
1.0421609947495014 1.0175897570051224
1.0328054638717781 1.0138592948224501
0.9778487364099413 0.9826671598603369
0.9110664873046249 0.9402412261532376
0.8619722552401264 0.9051045731455977
0.8424734285371857 0.8886982997438903
0.8539164174122301 0.8949244517590083
0.8937380898670426 0.9222312860041656
0.9551084589783770 0.9639102794089977
1.0204719635679056 1.0066141151477437
1.0584629357199649 1.0317331992598444
1.0440730596071131 1.0260106319643267
0.9888504746250553 0.9945650223739158
0.9285774912773270 0.9568021976880896
0.8897183224531623 0.9308610890916312
0.8826908083823867 0.9264226411550397
0.9104953079397869 0.9460412991749892
0.9731800413492079 0.9869564638452977
1.0626904774789181 1.0397059383842371
1.1605725751329734 1.0894259274267168
1.2252507919008742 1.1193119123266126
1.1943702961892688 1.1016294977275787
1.0976899178355564 1.0489043152249014
0.9975469891479586 0.9895000913971828
0.9269516338501946 0.9442726691629765
0.8903909959894174 0.9207317546912418
0.8812481328400973 0.9171244312052861
0.8894328030563150 0.9264545439064182
0.9028344257225560 0.9390689030970784
0.9095089105009151 0.9456642240434728
0.9025927201944983 0.9409493831813766
0.8831601523614169 0.9253458256882980
0.8571162665612727 0.9031150708048628
0.8302377770986862 0.8792408780359213
0.8064278533723990 0.8579388376955025
0.7889221240799812 0.8430599670585877
0.7820446855085654 0.8390912826737298
0.7924459508422317 0.8516738910286762
0.8299285152861727 0.8870255658131206
0.9069513440868319 0.9492785506133048
1.0308835008732786 1.0338555937282734
1.1760182760116635 1.1172053992649693
1.2541289188108364 1.1570337697611264
1.1966850441535914 1.1281382316678881
1.0676131369270978 1.0560467781269740
0.9591960770666264 0.9850721610880927
0.9036796416456772 0.9415070198727825
0.8986896767835405 0.9315894293350234
0.9326875442146272 0.9493479864259500
0.9862587299936415 0.9802232163797141
1.0270028314242530 1.0035684752720497
1.0225483656638443 1.0016498481265232
0.9716654894229377 0.9725665466190430
0.9050749023780329 0.9310148095532988
0.8533022902945756 0.8956707872336450
0.8312659279909981 0.8796463003590651
0.8441353020653730 0.8893789479075129
0.8946873504037572 0.9262006902043942
0.9828790572550156 0.9854440892142229
1.0930162566573602 1.0518260525664587
1.1746071038524892 1.0969792082225234
1.1664746650171742 1.0942654851411702
1.0766500094178832 1.0468080891175455
0.9721212936749645 0.9848732493915258
0.8990142861694789 0.9367659036423942
0.8699607968249581 0.9165759864047315
0.8857912467596470 0.9280584290991231
0.9465245543187987 0.9688610462560355
1.0472696916324902 1.0295340514570992
1.1173240771261059 1.0648157598181087
1.1818381548124941 1.0960897143056885
1.1609763915130480 1.0833269721234526
1.0783135746088097 1.0373435371721966
0.9900557878816519 0.9847788444154812
0.9284949580289500 0.9461154305183780
0.8995920881840952 0.9292295402027665
0.8978010168859266 0.9325415334342900
0.9126970876632148 0.9483807950998816
0.9301107641710950 0.9654206270934891
0.9356835799178912 0.9726299948365226
0.9227188486378171 0.9646437823629083
0.8954538188373858 0.9437588429313388
0.8628255410810982 0.9163422178575863
0.8315356398767686 0.8883191573193688
0.8049404540442262 0.8637421745951862
0.7853738952363011 0.8458583272642437
0.7763347856480576 0.8385643375412112
0.7835967713052222 0.8470138375439622
0.8157139743599700 0.8769868230287535
0.8833780040358913 0.9323931629596187
0.9928352829071712 1.0094261175083361
1.1231580276425503 1.0876154028813740
1.2010306152565926 1.1292482354553970
1.1614328544293278 1.1086635962491456
1.0490057700119944 1.0445142266219820
0.9469929661504576 0.9769757023308775
0.8910051884896000 0.9328033082071550
0.8823635136250246 0.9200761752984229
0.9119589504460802 0.9347590953830067
0.9636586737643575 0.9644677281253206
1.0093834806472328 0.9905188118970578
1.0168860906251309 0.9949716472015433
0.9773454439643622 0.9726389943914016
0.9148741971448185 0.9348607452973514
0.8607367857318553 0.8997832360973125
0.8339000083061380 0.8823056550029149
0.8434549448384733 0.8915115196853238
0.8965032820476071 0.9315861858893336
0.9994146912284010 1.0004396210053621
1.1426335271156067 1.0830802115416140
1.2652476572633768 1.1448731481174146
1.2689847527009959 1.1469761029219114
1.1510493789485292 1.0886612109060032
1.0098405260711372 1.0090741946211172
0.9102077422004843 0.9447450129341719
0.8644953334571582 0.9123693013589567
0.8689946753899807 0.9153206892823379
0.9202140186383587 0.9501854042197845
1.0116052479371855 1.0068133697496309
1.0453351675506855 1.0232072356405733
1.0855822773718220 1.0442403220151335
1.0653810634025229 1.0315660567277891
1.0057133905899458 0.9957976396624252
0.9462488117321408 0.9585819562772434
0.9111139375390210 0.9369304797573681
0.9069849342717631 0.9381038228443924
0.9313031729264020 0.9608656224873063
0.9741586624835228 0.9965590064795894
1.0158785702546866 1.0300989870322530
1.0323702469966269 1.0454478900331654
1.0136558408895484 1.0358142357071858
0.9718621792127521 1.0074560310964551
0.9251565602231528 0.9717520276414127
0.8835556522392622 0.9368937673010086
0.8494389700134503 0.9065792483484660
0.8233262319204764 0.8828304063325171
0.8076410377390495 0.8686990521080186
0.8076550902654936 0.8690770704779434
0.8311523594743635 0.8896711776279908
0.8872124864452680 0.9343291852710081
0.9804221107115737 0.9998715109457847
1.0928036214755272 1.0686771359903560
1.1641009830972227 1.1080051192325888
1.1361920601412017 1.0931749147195711
1.0378287632459313 1.0363225667491489
0.9408915119245513 0.9721044715054689
0.8826701352570928 0.9267772558661608
0.8681344985417521 0.9102180863739615
0.8909259821175655 0.9207341006171401
0.9388048964324929 0.9487478072719699
0.9894275833433703 0.9783299408133923
1.0124553082064010 0.9918561631973543
0.9905823876176502 0.9801861825014841
0.9373284735153585 0.9494969710144968
0.8824209641814874 0.9159657886502730
0.8491758148946782 0.8957849110971815
0.8506539203984383 0.9003870844219237
0.8962386350801781 0.9360779240444753
0.9943062046139800 1.0025132399771275
1.1387062096100493 1.0860552378856776
1.2711243520047812 1.1519387388034876
1.2855650497168716 1.1580228883521479
1.1680229298181533 1.0998820525744850
1.0203678773673421 1.0170849152266805
0.9139428273843809 0.9482780327934973
0.8622253781895306 0.9110212002697848
0.8595775954863135 0.9080875155990100
0.8989198897283019 0.9346091279432200
0.9693724675447180 0.9792855358778740
0.9816655727271090 0.9848502589715437
0.9917798919618871 0.9899787568294307
0.9650038472445942 0.9727794962331642
0.9223846605683249 0.9450453488244428
0.8901932221674984 0.9238934983827709
0.8847770875891738 0.9225778810346342
0.9138104532419802 0.9476325714614480
0.9799086593266617 0.9985391615871068
1.0761233747109620 1.0656236110224238
1.1730073751162673 1.1277366509939086
1.2209839308537482 1.1591118002899619
1.1967311575398203 1.1493322536899873
1.1301316028705954 1.1118029637128382
1.0604429399711710 1.0665824927350944
1.0032260161683073 1.0248092065859624
0.9570327734397446 0.9884436882035347
0.9179622690003889 0.9567836031347551
0.8871174054661437 0.9316844223110735
0.8707817641248796 0.9185997951863667
0.8775708806142887 0.9243288385209447
0.9158363679972039 0.9534964369659376
0.9888801680596359 1.0039424514786246
1.0814609710327341 1.0609105043999378
1.1446920182884011 1.0963436589367510
1.1264499950059468 1.0864221367485782
1.0405553282230602 1.0365922141607602
0.9468866252295526 0.9752495654065393
0.8841360608868104 0.9277738082600583
0.8613286731974442 0.9060048072212077
0.8750201371411791 0.9108775538865820
0.9167196153083619 0.9358942259243190
0.9701891778508364 0.9683733349579743
1.0092082902143755 0.9918974002779042
1.0098133266230458 0.9937757169535769
0.9718883846976578 0.9737198976361018
0.9193884801044278 0.9439470040867751
0.8791398783981049 0.9208522551358642
0.8686538316245157 0.9178034918877614
0.8984077871299052 0.9425823276655875
0.9746772865673703 0.9955933343546559
1.0898842155415926 1.0648077926327701
1.1964103826436192 1.1205061127398206
1.2128596820387765 1.1272503936996818
1.1233433489357443 1.0794298035049978
1.0023078570304524 1.0083755829329204
0.9108808188285969 0.9477485012966110
0.8652053378804591 0.9141582273255777
0.8617065038229033 0.9100516772201168
0.8915050660925554 0.9293870156084545
0.9396780669615163 0.9598563346304539
0.9500426193863473 0.9667052625222369
0.9321444626059480 0.9543509677228104
0.8946516142000212 0.9290216384043459
0.8592670595559561 0.9043720875525619
0.8444208677108582 0.8946219953056558
0.8619460392558824 0.9102175180274432
0.9214562614350370 0.9570722151504312
1.0324781761230273 1.0353392497845229
1.1946314673474028 1.1343866553258084
1.3677528295763670 1.2263395117957741
1.4612216025616724 1.2738585009270671
1.4290269618631497 1.2633298396495107
1.3337955477183008 1.2187629097889283
1.2458883036175870 1.1701232425429706
1.1827849390297982 1.1295075994175205
1.1312246562591630 1.0938562431125971
1.0768182698858662 1.0569379598079871
1.0195321238367367 1.0188026805798076
0.9718580879934935 0.9871913042473651
0.9481121033453332 0.9723501803951714
0.9581582613920813 0.9813339851299822
1.0048560756123301 1.0138525403951248
1.0761846215963689 1.0582725967957236
1.1335998676095378 1.0907962194347920
1.1285890932315796 1.0875923465819211
1.0579095466066084 1.0464241888022501
0.9676926868043679 0.9884957245063780
0.8986902667874757 0.9382622100542712
0.8655024643954509 0.9100700718215803
0.8681978278617896 0.9078786571832352
0.9016248384135357 0.9283416923407934
0.9551249253878497 0.9621723358706838
1.0082441669561355 0.9950562684456032
1.0341716113255726 1.0120536510897022
1.0185830423465867 1.0061462667646501
0.9741485765283158 0.9835010780646691
0.9284042132507571 0.9590003002491269
0.9041181753319550 0.9474621529297210
0.9137836532508847 0.9581269436239634
0.9612610264991537 0.9921160005675890
1.0370305140753133 1.0394848294292252
1.1059183616888504 1.0776597727268893
1.1170235428852167 1.0816151424165283
1.0592597609762244 1.0468762636303219
0.9763582703968657 0.9945814593133852
0.9114037257296230 0.9499423212604525
0.8806267387125677 0.9268117511477920
0.8830402798220258 0.9268420711784678
0.9084844112860441 0.9425994385665201
0.9383377824516856 0.9605931568558089
0.9621410949969161 0.9784310315423836
0.9165519383827712 0.9479845253395166
0.8642282931611638 0.9113411820570719
0.8278243268379843 0.8844387271064227
0.8207583619973599 0.8796330067915645
0.8515679021114128 0.9048189121408614
0.9299102017786148 0.9640955589676936
1.0668981830380464 1.0558981216199841
1.2599891238661720 1.1664452891116242
1.4540758020240327 1.2629221321369828
1.5408307802984103 1.3061591661072876
1.4914076646902508 1.2900987094742196
1.3985350898746827 1.2482612847164536
1.3369134335053359 1.2127529110249016
1.3129917393341488 1.1915037309107466
1.2949061004883899 1.1735055635168810
1.2480198543590120 1.1439235901684033
1.1676687757130386 1.0992454396356364
1.0808172221895289 1.0508264485055498
1.0172222930927455 1.0151091511286952
0.9928332907548253 1.0036821922659338
1.0113811103354720 1.0192261201306925
1.0642291705601146 1.0535310516318415
1.1218471210495111 1.0866118586580409
1.1374128899874023 1.0938815915830067
1.0883175040667414 1.0645354423436113
1.0038939874808175 1.0115678876297569
0.9276034303339383 0.9585427183750188
0.8821318643181341 0.9231037132094859
0.8722222536602229 0.9127268761171383
0.8956177109539439 0.9271282939424863
0.9460548234894129 0.9601838852741416
1.0093290019125549 1.0002581369501895
1.0602941644889550 1.0319780707431712
1.0736544478094519 1.0428222467422219
1.0461848303657288 1.0315988386645640
1.0004781041276223 1.0094369202325573
0.9641423876134732 0.9916136431933149
0.9539789536799557 0.9890426271688166
0.9739179143633263 1.0042027908933933
1.0145115693665698 1.0297469192741822
1.0507814325523728 1.0498236573884039
1.0531896578490243 1.0485453126144726
1.0163285559420165 1.0236363877290864
0.9650923714361700 0.9889869081953410
0.9273693708300368 0.9621869152485990
0.9166424268875765 0.9535315188660918
0.9322925647208321 0.9628731929145595
0.9608869959732058 0.9802064993202042
0.9778643338813717 0.9895168429381376
1.0246940777440219 1.0219207758230950
0.9471340855379420 0.9728949796851115
0.8740117646512243 0.9220807505035489
0.8297106793591303 0.8882535638397466
0.8230595108318831 0.8822205210144871
0.8580722079176661 0.9086401145183299
0.9393752502061272 0.9674446346742365
1.0676457076747576 1.0514795228512934
1.2204106107964086 1.1411322529895596
1.3322698957334420 1.2045327573750848
1.3408987498491844 1.2180139287481462
1.2756029839942959 1.1923573298342012
1.2162804240424632 1.1608965059665932
1.2059245943335279 1.1474937588085625
1.2413009509260340 1.1543175900553460
1.2863457045373696 1.1656096975265691
1.2892938907451836 1.1593676703864435
1.2268051724652949 1.1255249347160321
1.1295163198329308 1.0753574591281685
1.0440748471360493 1.0303826747500535
0.9975798512851466 1.0074523779252700
0.9982013781219661 1.0132446865673330
1.0419425211974465 1.0434357087505430
1.1075265341429184 1.0817130566145932
1.1501520172382844 1.1028952498545113
1.1287129222791006 1.0880346403089052
1.0530178375897692 1.0415632036781424
0.9689504988463706 0.9861356414693697
0.9097908167167067 0.9432896679747730
0.8862211876026531 0.9242858796306654
0.8983176462035098 0.9315276254459206
0.9425047538185561 0.9613831322377214
1.0097717437946891 1.0048607026251379
1.0799931358089778 1.0478599086313969
1.1239388866765820 1.0750962010610157
1.1232563255806527 1.0788127217679040
1.0887201739286929 1.0645095339068509
1.0483722711868222 1.0459306293127919
1.0240626072057890 1.0350161991044144
1.0224016082453200 1.0358236369693856
1.0357788800350318 1.0436117917845114
1.0464074931148120 1.0478561266071129
1.0375557188461977 1.0394761161496755
1.0089784787908356 1.0189021655323049
0.9775887339766011 0.9966189631822491
0.9626625440871159 0.9854492999134623
0.9750483182699121 0.9927839117752044
1.0129285440880649 1.0161826927457689
1.0561480026356427 1.0415442511666393
1.0677680945392398 1.0476806919200343
1.1344521613528249 1.0878247976344086
1.0204149516353067 1.0222336775026768
0.9202553516152375 0.9563853339633407
0.8621427524256915 0.9127106007871205
0.8500216513992637 0.9007547584014202
0.8813878720438670 0.9213381697218694
0.9512349899582120 0.9687061190405635
1.0436591173152043 1.0289366784578597
1.1202014594783392 1.0792871240737374
1.1346317576053273 1.0973878201548384
1.0842326196217864 1.0796555708845383
1.0175680698094374 1.0460425226837715
0.9806636145422464 1.0220081952894171
0.9908569889473419 1.0217289376678260
1.0433825195019899 1.0440695594524843
1.1137817259382179 1.0744967741451974
1.1588835753167261 1.0914214099699746
1.1444722131960037 1.0804831514396287
1.0818059444288555 1.0470858884228651
1.0126139257636864 1.0109232248614790
0.9705006195932128 0.9910432210331357
0.9710782472333072 0.9977733386178126
1.0172683810230696 1.0307924164663893
1.0959043852522319 1.0773876730374328
1.1657374940641174 1.1126789649202105
1.1720617630374361 1.1118021837053065
1.1060853877397356 1.0719715753651242
1.0148975008382155 1.0149661779298089
0.9427473308227168 0.9659128042725780
0.9063779090720231 0.9393168699334856
0.9072826850086184 0.9394043054971386
0.9425784478856505 0.9639323882102863
1.0059646899403727 1.0057903035786262
1.0826858569745510 1.0530342432663891
1.1470467670634097 1.0909334561056860
1.1747191271156991 1.1087330741879189
1.1637925712013828 1.1067367393721901
1.1349463650252734 1.0948687330043558
1.1101742061254223 1.0837943881362293
1.0980637007650509 1.0778676683724790
1.0931235134863881 1.0740375403504714
1.0828679233344352 1.0656302405334142
1.0593821964038981 1.0487387975662268
1.0280120311726890 1.0269783637735024
1.0043237623799603 1.0103970757852043
1.0045662030324949 1.0099190115628049
1.0393274214764814 1.0316351443530776
1.1071868801521083 1.0716801563011751
1.1805239370198284 1.1116674196993308
1.2012785675370046 1.1226230171835412
1.2539058974043265 1.1498773904608202
1.1147080568588457 1.0771337077415777
0.9895474156307025 1.0009821232922216
0.9155061256979662 0.9482388737974283
0.8938334230932266 0.9283379503690911
0.9152823895802994 0.9389509776223841
0.9644992098604885 0.9693769646318638
1.0135108371031776 1.0014271664750460
1.0251168041208869 1.0144359136902907
0.9827014995808856 0.9979514069821490
0.9111636997839171 0.9606546209839468
0.8497397661814247 0.9227001960638670
0.8213710923742142 0.9013861609880897
0.8314137457556731 0.9042403324799589
0.8749595716233546 0.9287423366137723
0.9370922611881021 0.9636064410546846
0.9908090543206268 0.9920794964475484
1.0089010884234024 1.0007633106127991
0.9884915949870736 0.9898169626828184
0.9537294415489836 0.9727311094319105
0.9334321333548314 0.9662481092171856
0.9469304481789688 0.9818327140018092
1.0027446527230521 1.0217134672999926
1.0933658985068486 1.0757622572195109
1.1806744325924443 1.1201368463934265
1.2041714406372701 1.1278293067193417
1.1449339934737230 1.0926399830191724
1.0502318983339538 1.0357656413408058
0.9707198933920776 0.9840332505056535
0.9265444192324728 0.9533262467074497
0.9192614277961562 0.9482592809317788
0.9449365258488600 0.9666305055711613
0.9971037221605953 1.0019869108855879
1.0640264054349184 1.0444168549102115
1.1269912536335362 1.0821825088385284
1.1673334363106826 1.1062207796893697
1.1799021119496735 1.1151150284847902
1.1756160983458375 1.1146404679607662
1.1683328797334767 1.1114984866702171
1.1624236605623948 1.1076263531486710
1.1513993821591477 1.0996054532704886
1.1262775756348771 1.0829378004408861
1.0868229012331134 1.0577271077559627
1.0449446810069731 1.0309665053307304
1.0180187368649678 1.0138430111748484
1.0219018740659720 1.0171158687808399
1.0684790059387685 1.0469925637173896
1.1602231146262638 1.1001325146629497
1.2698900395331123 1.1568185302223513
1.3215369297887813 1.1816428089256150
1.3018882301640256 1.1716303866862428
1.1788765672976766 1.1093114641176591
1.0507265625734536 1.0350993264367812
0.9682090754777589 0.9792264525428128
0.9372209004870506 0.9530504389390246
0.9458734227588697 0.9534896643906091
0.9726317519512949 0.9676943492077740
0.9861801291880988 0.9769267117743184
0.9591886563608365 0.9650965806772559
0.8937287726568666 0.9299554447722755
0.8192066915687930 0.8843011774314518
0.7633598817319435 0.8452209015630155
0.7381315452661000 0.8244691432816016
0.7442071404418265 0.8260013469275698
0.7766582333631983 0.8469792591731621
0.8253573658102157 0.8789768061898612
0.8737590640482515 0.9100449026495074
0.9041807005397281 0.9299195556823173
0.9109229603862035 0.9367399555006832
0.9060441036578607 0.9385918200989375
0.9099366760431640 0.9479328472474753
0.9402621506013304 0.9745728233197765
1.0063145844908079 1.0206533424056976
1.1007641879318821 1.0766403256367745
1.1861394822313698 1.1202197152670590
1.2065536589845531 1.1271079833363000
1.1483611753874201 1.0932500718631604
1.0579891548548079 1.0395319249487345
0.9827234843528732 0.9911386898673896
0.9407317478899122 0.9624052656177426
0.9320592532397161 0.9565713384538604
0.9505854392432879 0.9701437548750215
0.9876535004314139 0.9961254819498636
1.0323128950428806 1.0261222025831480
1.0729836016327015 1.0525518456186225
1.1022159906274036 1.0712181493190780
1.1208519710671332 1.0827372722930535
1.1355958897839333 1.0907343923949508
1.1508541700543853 1.0975241083645775
1.1622092281995284 1.1008996343270339
1.1577080345787321 1.0950646485504631
1.1283459771845772 1.0757329064568337
1.0790205341350902 1.0453551397803937
1.0270468505997177 1.0134375721287636
0.9917076142932009 0.9923323762734858
0.9883110654406947 0.9929433958596757
1.0286581477596155 1.0218892386112692
1.1188404574820934 1.0776383351839398
1.2418523352054844 1.1436234723414327
1.3297740589255496 1.1853884782183730
1.2363163448408723 1.1382214708696259
1.1672581882161397 1.0998875444311216
1.0672951082471884 1.0406789706702262
0.9920134357650342 0.9900534976172115
0.9575655329940493 0.9621834724900808
0.9560974648522312 0.9560204582379523
0.9667969138090305 0.9599500726175467
0.9615729613896622 0.9574243963578025
0.9211514991671969 0.9361765319688159
0.8529339708214086 0.8968927926642172
0.7826953596464256 0.8516392575815434
0.7316161846320610 0.8142763069647105
0.7079022035073383 0.7936740853479769
0.7109837209300101 0.7925277194676594
0.7360196366638235 0.8084476117090079
0.7750172213634379 0.8351827263398608
0.8168473020942321 0.8643294004574745
0.8503671136158167 0.8886843856615976
0.8714360936043417 0.9063874261324610
0.8869620790585419 0.9222671620405573
0.9107451898404064 0.9445946413053070
0.9557269073873464 0.9797186822744723
1.0266432007803965 1.0271882236776799
1.1106472842934452 1.0763480089337425
1.1709771505077218 1.1076751930673832
1.1689381064170452 1.1046446538455412
1.1085916348822271 1.0697541973743681
1.0321043691195007 1.0230120831101430
0.9742272429310453 0.9847442527356360
0.9464348384408321 0.9651582266811902
0.9458076228211021 0.9645655558981819
0.9629332152215011 0.9769535977765269
0.9856506838665993 0.9937393931493187
1.0034091226131387 1.0077109916532261
1.0123571047882765 1.0160441862200336
1.0165453238292861 1.0205675387276296
1.0239223502962878 1.0254611719448006
1.0404973673937072 1.0339672495141328
1.0654592424796052 1.0454996807014558
1.0886546224842242 1.0545410727938278
1.0937335758132654 1.0528985716461792
1.0696480923907838 1.0353550845265589
1.0216245438437814 1.0046569380790413
0.9678547785024253 0.9708786427607186
0.9274280295267608 0.9464613937002991
0.9143613036360173 0.9420047124099747
0.9388798645931249 0.9641645784978812
1.0076390767574070 1.0130855708629687
1.1134700161519848 1.0771560380780443
1.2131860778359982 1.1291150138290866
1.1171067169017499 1.0738998649676832
1.0957382680140830 1.0576639907538294
1.0326672970670028 1.0165578414193759
0.9742074413792210 0.9754889336200079
0.9428399374195392 0.9501049369379653
0.9376677155308326 0.9425746983857516
0.9436751288832653 0.9447553145283805
0.9387158564384672 0.9435059168201911
0.9064592170045216 0.9283944682250217
0.8503560590619775 0.8985607456458004
0.7898386469736781 0.8621349536320266
0.7436304090962864 0.8296769508907418
0.7206850840634166 0.8090531273533004
0.7213723296686023 0.8037640879102723
0.7412184241683722 0.8129741564486681
0.7731399194039047 0.8324667423550310
0.8088095836535785 0.8564457476572201
0.8412748952564302 0.8801613698287222
0.8688646017890815 0.9024690881834928
0.8968690574285191 0.9263400981055534
0.9343369922288295 0.9563325570671891
0.9876126524031803 0.9943676454437991
1.0528131642378340 1.0359821221019161
1.1100097575061623 1.0693727071398091
1.1297563921584581 1.0803701316769183
1.0993428049596614 1.0632872609313653
1.0393757747275065 1.0275684896224742
0.9828887646788752 0.9909488561069650
0.9501692959426646 0.9676615096309535
0.9454655531354612 0.9630042630467968
0.9621822466789987 0.9736214870252928
0.9858389166273974 0.9898865462046035
0.9987243218304727 1.0004526375952179
0.9909580912608712 0.9989305393610204
0.9683078343732138 0.9877051856055314
0.9457361375417742 0.9748306250146441
0.9358606974343163 0.9679841719288430
0.9435726131912578 0.9705514617835610
0.9652624455324595 0.9803521567679958
0.9890575065226369 0.9902020620845248
0.9982343143980926 0.9908410348149774
0.9811392057961151 0.9763357056338866
0.9408213312047413 0.9485733872915743
0.8925091508332134 0.9165511602899618
0.8529919461401275 0.8916868944399590
0.8347616435649065 0.8838285402050303
0.8466808094306988 0.8993838109315146
0.8948236934749483 0.9395000715623926
0.9768582696966539 0.9963667209762326
1.0676754247440718 1.0498429038258177
1.0180322055545383 1.0148991034079247
1.0164172226348898 1.0085910251396109
0.9746752801689886 0.9779869485865144
0.9288921824827820 0.9439119930576104
0.9019426625832678 0.9220026921178870
0.8980058325454201 0.9171436757187814
0.9091007119001380 0.9253135938231600
0.9200890179088066 0.9373355120054855
0.9153987633773504 0.9435871207286316
0.8890517665029962 0.9385720208696007
0.8490015367702691 0.9223901229361572
0.8105305082534066 0.8994236269683623
0.7863084368794000 0.8770728057396842
0.7810897156779704 0.8627722042364002
0.7925265273593324 0.8599204364729844
0.8145653911509989 0.8672746160895055
0.8407721312002816 0.8813117928891010
0.8672504166250952 0.8991036725461350
0.8946503799591812 0.9200921676134776
0.9275900867563238 0.9457409799419336
0.9706542311487625 0.9770199309452577
1.0221379169313975 1.0111114049894698
1.0687579189143797 1.0397658618865027
1.0886502115564471 1.0519844511033214
1.0682350703440577 1.0413120473484805
1.0177966495253434 1.0120860367230882
0.9634503409351206 0.9776486525145643
0.9273946462498586 0.9524201988572266
0.9198680580430344 0.9455024805696605
0.9410524221756792 0.9583924231715264
0.9816567740406732 0.9845074457812966
1.0205937032112442 1.0100101155962236
1.0310360043975144 1.0193486168549704
1.0023938722477315 1.0059484703928936
0.9518922985388666 0.9774011743217638
0.9057197863814149 0.9479522725293996
0.8795489493423838 0.9284519530963525
0.8763103214534826 0.9224774032721129
0.8901144936630982 0.9268985941849436
0.9087029484190347 0.9338704140933178
0.9167572984334984 0.9340959450881750
0.9035691964980287 0.9215722911324931
0.8704422290021800 0.8973213115099595
0.8290911727032111 0.8688266077848602
0.7935081150576989 0.8461018445507948
0.7748407233478800 0.8381176769347959
0.7813075639345360 0.8509111584159642
0.8186154381192510 0.8858688207418908
0.8858344005582787 0.9367396868790784
0.9650187203827815 0.9870773973052548
0.9692435342361889 0.9852257738656400
0.9633341194636578 0.9744798265215063
0.9225880100132114 0.9425235285961103
0.8792118567820484 0.9089501564079767
0.8537870815268208 0.8887011160046631
0.8524140659217783 0.8881839073914813
0.8732724892220688 0.9072634441119218
0.9101765151942057 0.9416893290355609
0.9530263346808318 0.9842208230601579
0.9877304030640598 1.0242273712411689
0.9985899877189212 1.0472403723687203
0.9790166603437617 1.0410953030331362
0.9434112628561260 1.0102933039110524
0.9136933567291029 0.9738360780389312
0.8992094724931704 0.9463216442720442
0.8976757634790568 0.9318648036792057
0.9041576554283232 0.9288699314662335
0.9164419345765119 0.9350623002815046
0.9360696763001994 0.9494494461274076
0.9659283079429323 0.9714182972988439
1.0052651501789434 0.9981749282824770
1.0442296552525063 1.0225983454661496
1.0637988906273692 1.0343511777186263
1.0480576346305721 1.0256725903652952
1.0005353940460189 0.9978569840537050
0.9427483833830271 0.9614837426582200
0.8973708110284541 0.9303747726124213
0.8780709923773851 0.9156619959301253
0.8904454145519337 0.9232142693996375
0.9344077157395096 0.9526675456388679
1.0007497652920705 0.9957132601010962
1.0627858806080921 1.0348810959077885
1.0811558289495138 1.0493204537444469
1.0397698987373896 1.0302425218644229
0.9667732791652855 0.9892342570887136
0.9007108902630722 0.9463985090174571
0.8606020362957769 0.9157425172391662
0.8475391807593191 0.9012647971417510
0.8534886053205868 0.8992831722090303
0.8657219101968849 0.9017168106468660
0.8701854898803524 0.8996513783104170
0.8575028014059130 0.8874841597679386
0.8283498774503294 0.8658840123031971
0.7921174227974465 0.8412665752387243
0.7607412416321588 0.8225715644836613
0.7445718423013311 0.8181268606192263
0.7518853915576487 0.8335570088063926
0.7884060176279947 0.8695367209002051
0.8523589254141306 0.9186283452041456
0.9246459878448514 0.9638566819487220
0.9767506401961836 0.9956905358504787
0.9451946318943917 0.9651919614117591
0.8885803423610287 0.9199444866196074
0.8389615964988215 0.8802165309140694
0.8120676773437894 0.8591173303789351
0.8128322916631854 0.8629452871191192
0.8440734286891081 0.8946991915691992
0.9111620705701907 0.9562598448027165
1.0221196881215895 1.0470021213433913
1.1759771894237196 1.1558651275583314
1.3243173551772951 1.2472577403307485
1.3593582017853940 1.2677205402174776
1.2642586940966059 1.2099375120409765
1.1433937643306316 1.1251394058478976
1.0562269713569621 1.0534794398672855
1.0045877214348311 1.0060556039056217
0.9776132383143058 0.9805023003228930
0.9686238993220199 0.9723581347091435
0.9757872751612263 0.9781868838427284
0.9976969160385463 0.9942496133778052
1.0274262793479658 1.0139147468480338
1.0488068263471193 1.0268152851586185
1.0423807282289308 1.0225297340482806
1.0018214168583242 0.9976358704641530
0.9417141748435426 0.9590998277847790
0.8849559826624628 0.9199702451182121
0.8483431132447531 0.8927177470037811
0.8403223160483768 0.8858877244931272
0.8650532029601101 0.9037087131679967
0.9242858598075032 0.9455881513480910
1.0119725080451052 1.0034145103596817
1.1006841464348867 1.0582089123162102
1.1396791343088968 1.0843783119769865
1.0999426587736869 1.0684068049709725
1.0138840425095292 1.0226080928578360
0.9325547577193767 0.9715573891415812
0.8806445697461808 0.9326112112859883
0.8589405621703496 0.9108582675748803
0.8577535943293990 0.9026285683091543
0.8636203853932116 0.8999311583336170
0.8632086178960744 0.8944461823189476
0.8484190707324419 0.8813180635618977
0.8202129588290156 0.8614889899096788
0.7870395386355997 0.8410936208930005
0.7599219858215834 0.8287483204868801
0.7493397093271240 0.8327251475627866
0.7646232606780401 0.8582908861316753
0.8118459880199186 0.9038648961275337
0.8849113419672031 0.9564629274367242
0.9536177978978115 0.9931931146630365
1.0420231271351743 1.0477049570590717
0.9561980667770691 0.9793680090489090
0.8704538959155771 0.9106148276812287
0.8104505783032572 0.8604041458792011
0.7815099147968476 0.8371336246732003
0.7844622034526237 0.8448371159625672
0.8247762264421206 0.8880914186659087
0.9192343975407882 0.9743481529731547
1.1044555129203759 1.1120659850546741
1.4346449462074071 1.2972471006424735
1.8685557667562527 1.4752908884414915
2.0106320006617948 1.5214348492994472
1.7084122396506218 1.4066066848840937
1.3814669846484797 1.2509427892342424
1.1814045032248213 1.1291260678495514
1.0737417810217023 1.0518210517746660
1.0187503982736603 1.0098360482735893
0.9962213123107956 0.9935256322115735
0.9974465939290430 0.9957703991538785
1.0157569031379716 1.0094880508685169
1.0387682894206551 1.0247488297102305
1.0464542528666898 1.0291081709864223
1.0219023190589263 1.0132386386539138
0.9673532656597224 0.9777842424362859
0.9027994873248136 0.9332853089496026
0.8490637103106566 0.8933125634564363
0.8182208718128431 0.8686613842993949
0.8156868715916541 0.8660189469973147
0.8450551384062820 0.8887722824612194
0.9098234889642572 0.9368470728512381
1.0083780435392085 1.0037885465142693
1.1189358696815361 1.0720980702398304
1.1885029770587570 1.1145334491088810
1.1716110444030954 1.1117800283176180
1.0902127188795423 1.0717681253311615
1.0023663040053565 1.0200149230605329
0.9416223423519625 0.9769149897736945
0.9118661548130087 0.9496585513845061
0.9032576079357005 0.9355627371043693
0.9018959493638735 0.9273473287709868
0.8950913627297281 0.9176892094305772
0.8762123491820142 0.9029123125668940
0.8472906790611429 0.8848766848134484
0.8170327026210020 0.8703153723361717
0.7969233727528895 0.8685918911481600
0.7993938395787691 0.8890785221579286
0.8373393244492759 0.9371549079172221
0.9177129228334960 1.0061638870259522
1.0185953446974574 1.0682265406091589
1.0744713660616265 1.0853928104429778
1.1543260856298427 1.1281595399394209
0.9780039133994429 1.0043983150581606
0.8579636858221639 0.9074786796556887
0.7897444969014120 0.8470124550619648
0.7613873814645047 0.8227019728342423
0.7681247811771561 0.8343667636551411
0.8159360868463020 0.8858107520205672
0.9266770286129199 0.9855884460780490
1.1489192743409382 1.1434880670558185
1.5559948419183776 1.3534684501195551
2.0771430133184565 1.5457047276409375
2.1479284933998426 1.5688329550563265
1.7132862958854418 1.4165239565957537
1.3419917158640180 1.2404187003481726
1.1396136170588662 1.1126095879120588
1.0401387572068375 1.0365898677744443
0.9958659590993025 0.9994704318439082
0.9848954744054658 0.9898773770473238
0.9976119801872664 0.9993435408118931
1.0254464895478217 1.0189991781013403
1.0525523137401793 1.0366855601509037
1.0560547563929192 1.0385414639793349
1.0215352153892974 1.0164728502198586
0.9582868565222087 0.9746063556234748
0.8903023012519831 0.9261837330613815
0.8370444507465762 0.8850150443366599
0.8075985801575050 0.8606067628270074
0.8052812561713860 0.8582575184735820
0.8327629450447938 0.8806586719914642
0.8939187166700201 0.9281772817700438
0.9903720058007401 0.9964354288200692
1.1091492605420152 1.0716622769692874
1.2073524369246611 1.1293740436937183
1.2316842828492849 1.1468252203601128
1.1799151321664221 1.1235094683240332
1.1016992068230886 1.0802250175389452
1.0384519563157411 1.0383559367069441
1.0014736584977244 1.0078547565591580
0.9839357267408383 0.9883253470665823
0.9731705226277086 0.9742863979775903
0.9581117305761381 0.9601761490146541
0.9343098720036144 0.9440539137393263
0.9055897852327502 0.9292575164977257
0.8820426381286373 0.9239544592629590
0.8778558147762742 0.9396827360476063
0.9122731891819634 0.9891541875014870
1.0109459921065613 1.0798614082583040
1.1863195061131109 1.1957606600470931
1.3526092236299596 1.2726114349547917
1.3310608219910618 1.2407947136637769
1.2482327800207631 1.1949668475812119
0.9789325754936666 1.0170293232288061
0.8393544205619622 0.9001138592663703
0.7722213824307149 0.8359207632007503
0.7496630074614046 0.8145440269526909
0.7633972160478262 0.8316200795271250
0.8187150380567940 0.8882933027402535
0.9333313237140601 0.9881456316071633
1.1330219796720808 1.1291918851564837
1.4125164002155208 1.2858461958565559
1.6187215867993472 1.3871844898529719
1.5267744279904585 1.3576574031475370
1.2743062223640200 1.2339328265596623
1.0824144001915301 1.1078743958307646
0.9805917965879417 1.0205901174588401
0.9380490633026518 0.9740141672213625
0.9313997692697729 0.9594477203930598
0.9497371801783153 0.9686662643861911
0.9880020693677828 0.9945660566818856
1.0383470276493565 1.0280060394481108
1.0819717659632093 1.0552453817216854
1.0914699512429666 1.0608378361002160
1.0526783320640820 1.0372926363984403
0.9814759641683122 0.9917132449234247
0.9073258122479133 0.9400065792397733
0.8503495097826745 0.8966153270365429
0.8179650709774758 0.8702388538818282
0.8116880702719526 0.8650296605530524
0.8327064751521174 0.8828560896441651
0.8838751019486326 0.9240726698557568
0.9677078461682560 0.9858916175332496
1.0781788579391436 1.0586692778423126
1.1877104778411931 1.1235302825174716
1.2506446461705476 1.1589624498556887
1.2443615784753737 1.1569001225495872
1.1942674197041880 1.1289659144777398
1.1389976296600244 1.0935571308559404
1.0977205481266730 1.0625146431934032
1.0703787987759656 1.0386157025643683
1.0487807135385740 1.0193718984314013
1.0254818825203744 1.0018139466238938
0.9989711578755757 0.9860741865526809
0.9750594414558438 0.9770740136772240
0.9661306978871139 0.9847631848704347
0.9925755045034607 1.0240222609973848
1.0910118544357532 1.1136677184243000
1.3277094931152418 1.2675499611351400
1.7499599537764539 1.4568878690648071
2.0271637263645164 1.5429181864305852
1.6924697212587463 1.4101152771585739
1.2077027197612060 1.1860014853545882
0.9365316929746476 0.9963299347804956
0.8110128590911841 0.8822406396022318
0.7569127177294483 0.8253769828520952
0.7456915415920737 0.8125168532521928
0.7706169056221268 0.8379426053866424
0.8366575686759815 0.8999969366218430
0.9520484659727682 0.9941934408012567
1.1065358341935605 1.1025539881180266
1.2323130500984609 1.1858844727744313
1.2272468448103560 1.1998536890350411
1.1000664886973268 1.1386295150609680
0.9636938484043353 1.0462791434869754
0.8789326962254047 0.9679641916454893
0.8443600840244487 0.9211325070319368
0.8447635237293479 0.9052559658169088
0.8699247249689154 0.9147933976215813
0.9159536230353179 0.9444082661254423
0.9811883469070667 0.9885143481040100
1.0583837828367257 1.0380687468343570
1.1254308804739324 1.0780982802762267
1.1484906275621634 1.0914904023639409
1.1108232432900782 1.0706549606154783
1.0335883169571591 1.0247654360270113
0.9524883756836882 0.9718649704538459
0.8897216647614997 0.9270006543269803
0.8519971634432865 0.8982502277878939
0.8393421397153555 0.8887404682654713
0.8512968195828241 0.8994476995757498
0.8890049759983862 0.9303706805544164
0.9540231527442016 0.9795790635693850
1.0432430996946238 1.0405691845323934
1.1404294579830898 1.1000788993130246
1.2143755373056286 1.1410509330321739
1.2391766283242305 1.1527987968153817
1.2188268328223351 1.1387439825545986
1.1783275447440953 1.1114580618941885
1.1380525336620722 1.0822691494730825
1.1046616439985026 1.0564777869991469
1.0763409074843566 1.0347579619503604
1.0502035446006037 1.0167459096900233
1.0271003734486468 1.0041599346947838
1.0136144939684824 1.0026448649567818
1.0234694225259291 1.0228065277617340
1.0827822339754696 1.0812317733967236
1.2459405635091663 1.2002536803022221
1.6233525617815077 1.3966107216585180
2.2800793573051079 1.6251945977124191
2.4749615525342330 1.6754700523378070
1.7643340119720370 1.4495906234630005
1.0567864178135113 1.0981590182446166
0.8714321254953138 0.9482939832101576
0.7822854118695731 0.8586458661072571
0.7475804476405253 0.8181765810415610
0.7510467059623009 0.8183948101376428
0.7915343073196554 0.8556290193870386
0.8751035134669503 0.9265002600737378
0.9994774652420332 1.0182449077999565
1.1199625042986301 1.0983661237927880
1.1450569465161988 1.1241047143658451
1.0497084348328090 1.0823864371250682
0.9188968340483366 1.0035110326296046
0.8238197988482817 0.9269463679833654
0.7778451768369097 0.8749998033542938
0.7705607010284435 0.8526546123159157
0.7909569588339459 0.8568144812333094
0.8331812045882412 0.8828295107054768
0.8958378128545494 0.9265109403952697
0.9783029672967672 0.9828759426574165
1.0732397315567546 1.0430471456543136
1.1571808910784407 1.0920970372949077
1.1939979802005514 1.1131423512761276
1.1655202116681138 1.0990766425423284
1.0934273387069386 1.0594025265433280
1.0146096683984400 1.0118735789867799
0.9518402140390283 0.9706671737897258
0.9116264137288088 0.9427393709588054
0.8932688622945558 0.9301558040779596
0.8952449003329430 0.9331380249938994
0.9173398368811256 0.9514461933500687
0.9597562422373527 0.9837692245269275
1.0197208498835924 1.0257791474253835
1.0866129433124467 1.0685171937602369
1.1407864281929583 1.0999213228101468
1.1636833603388301 1.1109104008396740
1.1528387328473242 1.1013176025617084
1.1218106194927862 1.0787797806358410
1.0861819023517496 1.0523367370807255
1.0543708294599465 1.0278457867637427
1.0282410118993448 1.0076913951010020
1.0074372974089507 0.9928834423150981
0.9931211482017945 0.9854278267624903
0.9903293976718555 0.9900772110060038
1.0101351895609529 1.0154689845779421
1.0738369015724492 1.0745690832300232
1.2204893580120226 1.1820714228816245
1.5018172916295078 1.3392536879782184
1.8520026681271564 1.4882273689671790
1.8294605312582342 1.4835502087801316
1.4021273890370503 1.3023658938586071
0.9278944541437559 0.9994913370286430
0.8218658819299404 0.9012423175230458
0.7666088824665311 0.8415849651665656
0.7499646822817301 0.8198574889342859
0.7686117029106784 0.8346767510460299
0.8284255376677742 0.8860434181827246
0.9386192734977742 0.9700347561223456
1.0870073964158506 1.0662875965363432
1.1923270011384812 1.1286707685867119
1.1500812101892988 1.1142105292930087
1.0022432734017552 1.0363890318335420
0.8637595162339983 0.9443504491181508
0.7798079698780889 0.8725218727390300
0.7455608237525271 0.8319987142772682
0.7470279156423782 0.8213269169815430
0.7741593083388537 0.8352946686500539
0.8219435738843532 0.8687438204410418
0.8885053945816710 0.9170884328427422
0.9715585662871122 0.9749333581335818
1.0625778294281172 1.0338395064280306
1.1411561755658222 1.0813530036611083
1.1802631762847913 1.1048599100587100
1.1683005362646226 1.1001319434935202
1.1218070313062904 1.0752615988247991
1.0677622434722687 1.0438711610692424
1.0231369297387094 1.0162358544935663
0.9924685590440671 0.9965805688485034
0.9744212061743899 0.9852883777562901
0.9673954663374272 0.9819483514648315
0.9715306536400492 0.9867579811928295
0.9874902499258223 0.9997505250776372
1.0134818299358428 1.0188731158018891
1.0425035734292383 1.0387028792416912
1.0628394724423105 1.0515708817332230
1.0643013377552337 1.0514755977820494
1.0459509177705435 1.0379349841389103
1.0161317868698052 1.0158403645490088
0.9851086274964338 0.9917406352503255
0.9592587741099418 0.9705130252694349
0.9405065062509522 0.9545530917953031
0.9285465569224447 0.9448297670186315
0.9233392852487281 0.9425023577352660
0.9270747591076022 0.9503084243497357
0.9456873613772901 0.9733284375386546
0.9898973382772849 1.0184540863888956
1.0734826568866198 1.0904937876743874
1.1975534456750196 1.1806919951468020
1.3017646458781178 1.2481174148190906
1.2617764414703803 1.2296279063746307
1.0918715056802279 1.1242232371147127
0.8660485524844149 0.9350650291089869
0.8058231379223607 0.8763605952920999
0.7725471673828533 0.8410716977836552
0.7688654958617226 0.8349560951829187
0.8007724333551633 0.8623743505116499
0.8811311249265573 0.9269383710835322
1.0241240664222009 1.0248887864196274
1.2085676438331983 1.1293527050985308
1.3110987176976154 1.1814789308783533
1.2142915957224718 1.1388075600351286
1.0231177193102168 1.0363546817516647
0.8715717327341371 0.9342031160164191
0.7872995661588678 0.8626669173365139
0.7549637480708820 0.8265449717317442
0.7578474215458091 0.8206527178836791
0.7852538752569905 0.8379092459440136
0.8308805991199391 0.8717268137109668
0.8900046252194410 0.9159823993145553
0.9567080225748844 0.9642985417709108
1.0216709968223829 1.0094769140897624
1.0724418628281553 1.0440034935931752
1.0989549732972481 1.0626373972595997
1.1016405016259647 1.0658831293406215
1.0917909350604986 1.0601100155941241
1.0819294746853165 1.0529264690735547
1.0772666105698445 1.0483171654507060
1.0749393391919402 1.0455367857978330
1.0690050298593925 1.0416338119805952
1.0567670715128630 1.0350723272293834
1.0412523765654953 1.0273316043692353
1.0278751400770814 1.0212508515811971
1.0192711842948743 1.0180500878440804
1.0128382552516109 1.0157365791301349
1.0023768740747501 1.0100902237907501
0.9828835382881507 0.9976058879379187
0.9548322502373842 0.9781484938789576
0.9237847344425315 0.9550523614168286
0.8962277870683372 0.9329116225073606
0.8761723876201666 0.9153093173485666
0.8645363772861929 0.9039620511458215
0.8602748168252304 0.8991699655762369
0.8619603522476539 0.9008704197053058
0.8692620230968783 0.9097099408160731
0.8840112546270560 0.9276320017611777
0.9101625397897981 0.9572509763803485
0.9509918382444409 0.9988953974507689
1.0007341839852903 1.0446338844550265
1.0331521456332728 1.0731436758053816
1.0133760183995300 1.0596015695383207
0.9446134843694306 1.0044900071060876
0.8606369286607237 0.9127698117743450
0.8245479682771072 0.8798070482341623
0.8033870205470214 0.8608989380977683
0.8068930374163532 0.8647651623016840
0.8472017681742382 0.8993045665639690
0.9421301919319048 0.9704423892364166
1.1084495311426754 1.0742578583179589
1.3153154969846146 1.1796114971774243
1.4089793198405443 1.2215510299449177
1.2759174862263631 1.1623865627409191
1.0626209912119986 1.0496317748664523
0.9054123653521109 0.9455832494412162
0.8208582982309258 0.8766443615736290
0.7889662591887169 0.8443272365155995
0.7917787627638972 0.8415988587033925
0.8174262938115409 0.8598862497513053
0.8569502427121592 0.8906515307175336
0.9014633639985977 0.9256151320141354
0.9418315047831965 0.9576020797599690
0.9711423604032609 0.9819615720538497
0.9877057774634164 0.9974330415425702
0.9958906927351218 1.0060594542274368
1.0041175198734371 1.0123564799169273
1.0208744790502053 1.0214345998689178
1.0502682759531614 1.0361834650484645
1.0885254513915661 1.0549454627229304
1.1231868359104846 1.0714790263681759
1.1385242679384748 1.0782901705284944
1.1270114963327773 1.0719033351796412
1.0954621713062929 1.0553437666366063
1.0576147608225948 1.0350995634903597
1.0230954004548458 1.0161002192093536
0.9935729858055404 0.9992632060075534
0.9655593493287756 0.9824445718808742
0.9354592589472601 0.9631904057019919
0.9032457397248930 0.9411348063900400
0.8725194953983642 0.9184677682197687
0.8478120056044822 0.8985727510711397
0.8320337586493524 0.8842640297231795
0.8256276762880064 0.8768012575652238
0.8270372238503817 0.8758945783084877
0.8337402619074779 0.8803866495300193
0.8435231321833364 0.8892262804468355
0.8556909367003532 0.9022612737432759
0.8714115411055592 0.9201440316480751
0.8920825093692603 0.9426643354363564
0.9153444145204958 0.9657619622764504
0.9314052046167933 0.9798782791428468
0.9272512325316180 0.9746036387283069
0.8999116745700716 0.9488169379457410
0.8938847250794458 0.9234575632022842
0.8730839896845684 0.9076925597740829
0.8585880787302567 0.8990942377056834
0.8634698636579687 0.9068718434555466
0.9029623503166044 0.9401548512949397
0.9946530828578142 1.0050228981365088
1.1487122830537690 1.0962254144386558
1.3239933605289078 1.1826852992537025
1.3836374925186048 1.2080854939263135
1.2557282868259205 1.1473722069319783
1.0690939080244393 1.0450283600890000
0.9318434289507308 0.9536711329133239
0.8582581793271826 0.8954693786235545
0.8326236385881574 0.8715293257730643
0.8395197021914181 0.8750856037334925
0.8667974099887947 0.8968678320367029
0.9021774580575241 0.9261716413127690
0.9318242961275115 0.9520648661913033
0.9448704400101450 0.9668451969715780
0.9403704897341905 0.9695005088470685
0.9274927353551050 0.9652001715289084
0.9187823712516331 0.9615136215293477
0.9244105257222485 0.9650383364456601
0.9501593750041850 0.9795974357782750
0.9963971539807577 1.0050491371682386
1.0556979588108635 1.0363188064919964
1.1107966297486058 1.0638456621786276
1.1398772467785685 1.0773940815055574
1.1318968804539322 1.0724267947219486
1.0959444435534751 1.0531518531085107
1.0509940344809725 1.0284592216599737
1.0106549222940751 1.0054872609142553
0.9783889991458899 0.9865737486314086
0.9509649989073418 0.9701263564245561
0.9238957312916052 0.9533507330478143
0.8955861528258379 0.9348612903034793
0.8683859337272166 0.9157863708020888
0.8466044649881790 0.8990231140159937
0.8337176161369549 0.8875149814811527
0.8307698276440013 0.8827872292711585
0.8361963403351645 0.8843986415220916
0.8465226381779219 0.8903367343721540
0.8577608131652326 0.8981328532192372
0.8673396152502609 0.9062314212696509
0.8754988359196614 0.9147127402552548
0.8846206742476214 0.9244975691189580
0.8963465241117081 0.9352724096076458
0.9084896891100318 0.9439225950190729
0.9149436365332202 0.9457256002812793
0.9100691373796979 0.9381686405683953
0.9461625941064827 0.9514767616963676
0.9405158404761679 0.9496956120291919
0.9319533559895898 0.9486756728217544
0.9331357682962160 0.9556817968792271
0.9592304956827500 0.9789324277132098
1.0228600719138354 1.0232002738140458
1.1226965701767033 1.0824857845798783
1.2188823654110692 1.1321960081223170
1.2326614744952606 1.1365808249688500
1.1412642055324098 1.0852579539939742
1.0181211604550360 1.0088887773356883
0.9257752262809757 0.9429511645025116
0.8783101448794255 0.9044505821801587
0.8695471305157884 0.8957183012590072
0.8903527847203012 0.9119925800218318
0.9301434547164351 0.9442679303760332
0.9727363975262733 0.9794190904939143
0.9966181302107041 1.0025363365958828
0.9879334186286739 1.0043796158745715
0.9539729100788912 0.9878863614750771
0.9156435514184499 0.9648897036092099
0.8907018497100024 0.9474543590384195
0.8878829708758873 0.9429518873605002
0.9090947386778956 0.9535188300103229
0.9510953840237686 0.9766381321910601
1.0042785749153138 1.0054724178728962
1.0516949027650166 1.0300566806464835
1.0748683407130095 1.0411656555688953
1.0667898390311117 1.0357883919380304
1.0376072597094064 1.0189954492738431
1.0045059047734743 0.9996866900285526
0.9792474547436200 0.9847599438453233
0.9644298230022078 0.9763223758354713
0.9558767851234373 0.9721698439451938
0.9468731708684528 0.9680442706533887
0.9327600085086608 0.9604886621046212
0.9140818298859245 0.9490569842222680
0.8959760586215986 0.9365370679369357
0.8844364855754605 0.9270282482774767
0.8827827859781875 0.9233885084668265
0.8902237942589915 0.9256890403569278
0.9022121057601310 0.9312494808017574
0.9123833859888546 0.9361461084218849
0.9160801787016262 0.9376117775472137
0.9135501521693814 0.9358567975016940
0.9097140834756126 0.9337151797569104
0.9104242244682264 0.9342958682875403
0.9183788375988666 0.9386048167049766
0.9312145152176970 0.9448935334584316
0.9425958836824941 0.9499830024493843
0.9913510892652407 0.9785656170416054
1.0058655381611816 0.9910760755521959
1.0082866911194073 0.9987091635991339
1.0050339374605179 1.0040003709052201
1.0083951206125858 1.0124755933734169
1.0276145480870384 1.0281752225912655
1.0588603770283205 1.0478477599744729
1.0791411823044350 1.0581518633369389
1.0596484918639191 1.0432500259643012
1.0005530859996907 1.0020138858634027
0.9336784046037895 0.9520023497790348
0.8869339616644983 0.9133539439536356
0.8707059511598432 0.8976665293471692
0.8861288221442832 0.9083802988710082
0.9315016797723721 0.9434286495968813
1.0003331960412103 0.9950146211537020
1.0726742096369297 1.0474516694441172
1.1124072823207678 1.0793213737691616
1.0934441594452093 1.0763929799348235
1.0316287237823183 1.0446736204453329
0.9654553760248842 1.0038391676458340
0.9202413091397904 0.9710573268725918
0.9027198488443648 0.9542411188671288
0.9097892706954103 0.9535813594919118
0.9337220462697661 0.9644259460162571
0.9631968696852351 0.9792954810870714
0.9848570685988438 0.9900203897567488
0.9889222171426054 0.9910154549303518
0.9758082557462678 0.9823530121319438
0.9557404666009248 0.9696386325437553
0.9411227391350464 0.9603686308363008
0.9398880938094598 0.9599236617412681
0.9534756871702326 0.9695030351938982
0.9770859052249624 0.9858956012246434
1.0008799475794827 1.0026258863874538
1.0139041192951810 1.0127365006582925
1.0111403410912854 1.0127560535913951
0.9976930701085399 1.0050495779071955
0.9844550560568034 0.9958839138646194
0.9799567514679655 0.9908405175622371
0.9856804001723390 0.9913885415191219
0.9957676314198339 0.9943205203674137
1.0002110630713497 0.9939347915954837
0.9914997143750715 0.9860610066499867
0.9708348551734054 0.9713926913338579
0.9474350004414434 0.9552124050617522
0.9319283890912349 0.9439455754589445
0.9307976786345563 0.9417527453417438
0.9445228908831650 0.9490867653534857
0.9678232947389027 0.9630043334099998
1.0042358225052255 0.9899215182494329
1.0433865909208937 1.0179002974366633
1.0668867350865865 1.0382877425222832
1.0676940435039142 1.0462591220579454
1.0507955369755497 1.0425817465947678
1.0270543887808252 1.0316335759878290
1.0020522839208219 1.0162416518391988
0.9724275539201082 0.9947468819789744
0.9336214983069664 0.9644054033251948
0.8900071530679526 0.9280490729583060
0.8536727519475951 0.8951672200890453
0.8355738619428370 0.8763520922740446
0.8424396733571126 0.8791234186404685
0.8793647038659245 0.9075211732874793
0.9516204312674110 0.9620993081127358
1.0603057151802040 1.0372525650405684
1.1864348893649945 1.1158374587623840
1.2738954284421939 1.1684292433540480
1.2652458545360690 1.1710599674750912
1.1780617346256759 1.1300197618848908
1.0784891263171097 1.0737942498640469
1.0063899427226413 1.0258948392495324
0.9674405945184058 0.9950991135351622
0.9528059979984638 0.9797320344564322
0.9502708843480725 0.9734680316052075
0.9483617972192325 0.9692279219773845
0.9393200124474218 0.9618329016046649
0.9218912532346896 0.9498641702327039
0.9015736775460965 0.9361385124598606
0.8873161023990163 0.9262729534713932
0.8873946437250354 0.9261427094759029
0.9072147150885049 0.9396643828201209
0.9484750584712038 0.9673725035835009
1.0074677272138874 1.0053986134008182
1.0720930644329110 1.0450917805684405
1.1223357342064253 1.0751062864949512
1.1415237898380139 1.0873874822360448
1.1314484124073692 1.0831409232816631
1.1104234869969283 1.0715760590466747
1.0963413155868662 1.0622987749939878
1.0951451881000374 1.0589999361671292
1.0995821089877305 1.0580582311382427
1.0945517642514184 1.0515880471886367
1.0685474427478925 1.0335505729728078
1.0243251387131558 1.0050328266666932
0.9766887812280197 0.9738626631850872
0.9410488563025715 0.9495202803474827
0.9263750649910412 0.9386684357129789
0.9349456410926025 0.9436161214728616
0.9636716507249365 0.9625084861721440
0.9809037775431780 0.9825454429548316
1.0431765449210300 1.0256608812543040
1.0970927098771441 1.0632794076321228
1.1187336898157625 1.0821541631056883
1.0972986801238764 1.0753976600104844
1.0443901440839101 1.0466435795012941
0.9805969310854803 1.0056250758695293
0.9195029276306339 0.9608332243732912
0.8666412733497474 0.9175314773790051
0.8253141120791997 0.8802357117009169
0.7993162796802336 0.8543553825172548
0.7927128959559503 0.8455134573234282
0.8101749812121058 0.8586523875408698
0.8584478423195232 0.8977544678190292
0.9471477541190614 0.9648542370319483
1.0844536394773447 1.0562947643420335
1.2578336751635875 1.1554159148189129
1.4013378493094293 1.2284729581105951
1.4239452262864172 1.2430261639645612
1.3306048098584577 1.2025288060299415
1.2097407557358786 1.1406395008768138
1.1172711373704853 1.0853690542797889
1.0595972284350363 1.0460126796626181
1.0235098096439634 1.0194869793818158
0.9941437287785038 0.9986557189830256
0.9621461761112989 0.9777190335134630
0.9259841087780375 0.9547078793125930
0.8904628837888543 0.9315857715323834
0.8630448571441377 0.9128438646598657
0.8507116424660403 0.9037046704370374
0.8588022279325782 0.9086802998138562
0.8911999485591983 0.9305725667327980
0.9500778756112963 0.9694431216240696
1.0330770586317826 1.0210461367662713
1.1270514800879141 1.0752727150091754
1.2043887883243769 1.1174651718174535
1.2368629491513179 1.1358881712674553
1.2227784676887494 1.1310118048185500
1.1886869924894634 1.1149615747163877
1.1623408099801205 1.1010392728663785
1.1541690053528333 1.0949045338960475
1.1557893040024383 1.0925350905510551
1.1469217863586547 1.0838030534077614
1.1107328435835053 1.0602504352429030
1.0497663474606531 1.0224618221478081
0.9832933916582550 0.9800037755725209
0.9307770957636253 0.9447983932780391
0.9029070679094642 0.9255319824105084
0.9030553979959438 0.9261837438077726
0.9305288892155110 0.9465579729437955
0.9428492813659523 0.9662666785497998
1.0220140194357399 1.0221760517568683
1.1089929931731757 1.0788232124453689
1.1677392425698840 1.1160839951162924
1.1632631882802247 1.1170594537457184
1.0976964265800326 1.0811331440230310
1.0062875373733660 1.0234202992196442
0.9201100509381436 0.9613032292866415
0.8519441672755013 0.9060631766450632
0.8041575869669136 0.8636010003714689
0.7767658026346904 0.8375344422414880
0.7707676352718762 0.8309518562958430
0.7893452500052469 0.8469119371454658
0.8385562118553443 0.8881954215552134
0.9270053580842962 0.9558806618466411
1.0609488152030526 1.0456006762396226
1.2270019418251752 1.1412538955630827
1.3663667477886217 1.2124251719489887
1.4018173045445435 1.2311353320098357
1.3358036867918006 1.2007891652083755
1.2413253083886675 1.1508286661106533
1.1670654040883377 1.1057689180163592
1.1184969019707165 1.0730780103234421
1.0820321790060718 1.0487165787678254
1.0433352932114284 1.0255307313787039
0.9964666912749692 0.9990875241496657
0.9453650361799983 0.9697835256706672
0.8991117166308145 0.9416646966442518
0.8663418264765462 0.9200274775610542
0.8528768833733511 0.9097046604151264
0.8621920304679395 0.9143443273049169
0.8965235948935737 0.9359637206258657
0.9566685544634859 0.9740369198053979
1.0387782812268995 1.0238225382346244
1.1279369831377533 1.0748020033383934
1.1956157833229553 1.1123217288751266
1.2157005160940655 1.1254967163256975
1.1908830720713504 1.1162147072960300
1.1504691650063366 1.0976920932578178
1.1225797909355935 1.0837045567294665
1.1176704517464315 1.0800175994730876
1.1273502727229787 1.0822023674607455
1.1291814214434406 1.0786400251123636
1.1010939895398311 1.0584168391939424
1.0414502399907999 1.0203057751914000
0.9702120656359996 0.9740818744636759
0.9099588094609838 0.9332812034960848
0.8736917347446578 0.9083904037242746
0.8662970672667453 0.9050610104712200
0.8893495461872774 0.9249768308553575
0.9163601806965346 0.9548625068787220
1.0061090872947727 1.0197874886929774
1.1211607847361054 1.0926496511102051
1.2226812372263469 1.1498626880708789
1.2517607011687952 1.1653235746950521
1.1885555344718668 1.1311049959744102
1.0768548240416835 1.0645935880505748
0.9670412802787174 0.9904472182856566
0.8809001874505890 0.9251645561144234
0.8213766357531704 0.8762997810915421
0.7866307199554344 0.8469268397210378
0.7759206010491904 0.8387461264118771
0.7908349799038354 0.8530257718309742
0.8346826397004576 0.8900600748121057
0.9100410487465593 0.9474888554639277
1.0126170035405708 1.0175919597671126
1.1209652658958307 1.0847920221377418
1.1943634913268923 1.1282930591241072
1.2033236298695222 1.1353363347433381
1.1653599225847988 1.1139370476403512
1.1215680772852035 1.0846122965939480
1.0952778422500966 1.0625286855064211
1.0860610207919017 1.0510062707631469
1.0810501675556867 1.0450139359967465
1.0662220661005379 1.0372332348560156
1.0353415972168509 1.0231085810459861
0.9930047702388604 1.0029023482435273
0.9499798954266825 0.9804041200844879
0.9165142887158604 0.9604658042559201
0.8992576689505516 0.9475869142612494
0.9015786584077801 0.9454908977402615
0.9245220497368658 0.9564765518749020
0.9665043594122000 0.9801619308631492
1.0209828375906063 1.0120829676421210
1.0734406458925227 1.0432451376002616
1.1037537246535361 1.0627445558689304
1.0996764268734485 1.0642952695521586
1.0697669739583426 1.0516260161192035
1.0366938666248715 1.0359841322187520
1.0200415291105298 1.0281609761493646
1.0271903636964403 1.0322805958319787
1.0512160504472721 1.0436016431514930
1.0713091866025473 1.0501532353973064
1.0627224323571072 1.0394438820035654
1.0178346441115547 1.0080249668559904
0.9535817290919151 0.9646580613088004
0.8940510416892949 0.9235815220460732
0.8549430985059836 0.8967356727977471
0.8432351296204003 0.8912914056937427
0.8625513674005272 0.9105875980261340
0.9163309205802582 0.9570283883399670
1.0108898324787039 1.0256469373418344
1.1404001767447478 1.1060074742884300
1.2692084983915557 1.1745626293137612
1.3284231530347923 1.2016465879765243
1.2790271213187241 1.1740618243147223
1.1619506903225274 1.1079850884664311
1.0389107170238434 1.0309276145229267
0.9398142828832966 0.9622979899269949
0.8700575368952783 0.9110646471291705
0.8280047148065600 0.8805420170356300
0.8124839597679669 0.8717897389752506
0.8236372692686206 0.8842542673950212
0.8606004465561020 0.9146782428600556
0.9170772237416381 0.9557585847187358
0.9771689086646563 0.9962679214111868
1.0179573083295759 1.0238598519534083
1.0236701827615737 1.0305152679094971
1.0003617788880543 1.0180159419338777
0.9707844538635135 0.9975904983318650
0.9551238571687232 0.9822634596065662
0.9609657763791830 0.9795256022733578
0.9850652690592162 0.9896025232965497
1.0175996538387619 1.0075259337718196
1.0462377637522409 1.0263663419187765
1.0611864275898621 1.0402958926069985
1.0592780955300232 1.0462072638025897
1.0436342426102869 1.0433151372215317
1.0203552032858989 1.0323518265999367
0.9964751904044302 1.0161402477099568
0.9789825380744135 0.9999941375626565
0.9726482871103335 0.9895148085572079
0.9777687564500490 0.9873550234778434
0.9893524771094306 0.9916795760502758
0.9981281541883148 0.9969828621439765
0.9947313051085168 0.9971397982441855
0.9766116362508835 0.9896875085151826
0.9514145332358822 0.9781971313648042
0.9323307297720004 0.9702014393697077
0.9306551916730096 0.9724527877793507
0.9510205696203818 0.9868067081643825
0.9878924622250715 1.0079867889342902
1.0229026169367448 1.0241789659973577
1.0312647010219462 1.0226124967704413
1.0017287705121756 0.9988156666426277
0.9478113898764794 0.9606823407595526
0.8933886124773341 0.9224882142190763
0.8558072294218129 0.8968501623114594
0.8437187321053848 0.8917641215261576
0.8621508401284477 0.9114092476055770
0.9440393401516837 0.9730191941555053
1.0354643140166258 1.0382339285700273
1.1551113394029420 1.1118901854178018
1.2699952539977459 1.1730863193115579
1.3244428732179743 1.1976290852608269
1.2887731761354937 1.1755990690681100
1.1937909942373486 1.1204754296219719
1.0884145854613556 1.0552214700892506
0.9995472447426513 0.9969310015293416
0.9349712200634325 0.9543990219072134
0.8961977502991760 0.9315176387863702
0.8841385487270718 0.9293576305367461
0.8983349829168374 0.9454447371897930
0.9321057170155197 0.9717155730047103
0.9676137290515826 0.9947409130723345
0.9809610547264648 1.0016070023827679
0.9602967368250422 0.9878214046274993
0.9159492424611893 0.9590577796471290
0.8694156076867989 0.9264866271606738
0.8379641977955168 0.9011352999727279
0.8294158304006037 0.8903750178826949
0.8445871458889390 0.8969637971113141
0.8807125830271848 0.9198397888021357
0.9332355040543719 0.9554913059223537
0.9964467990701801 0.9991839148516751
1.0635871205371361 1.0455579502203525
1.1255712776616982 1.0880140398326112
1.1683255483523693 1.1174783571631053
1.1753739940468035 1.1241023226841780
1.1423561856710780 1.1045819372569925
1.0861524179861703 1.0674698195151946
1.0298928813715627 1.0270079658629279
0.9859947624473634 0.9933341944251696
0.9550684439190844 0.9692955096870425
0.9320362153776759 0.9527308818566615
0.9117541445123025 0.9402545543934098
0.8927737180664628 0.9304571811639538
0.8784494204723565 0.9251983860155698
0.8751530030369289 0.9283962311841287
0.8890892396384901 0.9431685056268282
0.9226411291246178 0.9687232227527169
0.9696753359614857 0.9982200900842607
1.0120740637806607 1.0195376089797097
1.0264122204865715 1.0210307615703218
1.0031304596859649 0.9999222486390725
0.9559375323666002 0.9650017412923454
0.9077637453787156 0.9304242708079018
0.8753662391069755 0.9083207547884563
0.8673920718949172 0.9062030199810697
0.8888222763879746 0.9276591774938747
0.9882883709851424 0.9954245995841957
1.0659998395149135 1.0500537012417499
1.1480709638149680 1.1026798235616140
1.2067085190527809 1.1377095953561391
1.2184058241561795 1.1438518883307771
1.1841515192416057 1.1215810580582120
1.1266151021917814 1.0826241641728744
1.0680863999597034 1.0412214160012565
1.0200791197237338 1.0076821524442565
0.9877885636064604 0.9882090720104456
0.9758194861066382 0.9866497810195928
0.9888400400226036 1.0041497648975175
1.0259507553607494 1.0356241074819017
1.0694352596072996 1.0656047690831500
1.0820460540666781 1.0718832295227618
1.0381248201465183 1.0425422323092421
0.9550698763340097 0.9872406067604586
0.8696326367888627 0.9260093514420498
0.8052190381621153 0.8748766806545721
0.7687353671314409 0.8420879710911577
0.7591030036558490 0.8302037301419040
0.7732916479113080 0.8387312423016891
0.8088798652180188 0.8659034149305872
0.8649965879008880 0.9097030943522005
0.9426536743621254 0.9681863306489730
1.0436570870056014 1.0385384310882795
1.1643348923299628 1.1137968796618021
1.2801759286945944 1.1779319066091580
1.3373791726209876 1.2067840104884642
1.2963470733888549 1.1853124692984665
1.1878903910462142 1.1255597815281140
1.0730290023832350 1.0548227912609813
0.9837571919005708 0.9932237808142672
0.9234450476947355 0.9479890478180181
0.8853205781011312 0.9185017355680937
0.8625067019510996 0.9018739232555519
0.8513559855084785 0.8962258932707815
0.8520040268793427 0.9017286854536627
0.8674038079720926 0.9196949262201642
0.9008415386965229 0.9501085130580235
0.9513167520578233 0.9884526252262350
1.0074654646446923 1.0239974310502369
1.0468281780346700 1.0430188425649158
1.0496309614076356 1.0371359572280763
1.0168726571113227 1.0095619120925357
0.9684665777760868 0.9727463697357908
0.9258485766288780 0.9407084056823636
0.9021096303593601 0.9236487572173881
0.9032953587169992 0.9269324915218555
0.9320448598925876 0.9517981371416627
1.0275414420868159 1.0126531760656494
1.0842897261766773 1.0532990229751529
1.1161404228917722 1.0788531665317125
1.1098902423786547 1.0815079829533518
1.0754250677152890 1.0641353095302950
1.0343299635285537 1.0367913094713352
1.0026730564623725 1.0102652923452227
0.9861019756075237 0.9921578566780819
0.9847056359367754 0.9868481261005299
0.9995470456594043 0.9975365995844969
1.0363986220225392 1.0274409503189967
1.1037917150714092 1.0775193758450459
1.1995888108171124 1.1391219113769175
1.2823014452039807 1.1853292454293483
1.2722132353489630 1.1796047837586887
1.1510613931283749 1.1133555406168083
0.9958394247163856 1.0177046189027350
0.8703885301902438 0.9275014063144879
0.7895365918164443 0.8602902536086022
0.7470652864638284 0.8200781476907614
0.7342845067803598 0.8050749491066955
0.7450417285540228 0.8121182742770275
0.7762887712886525 0.8385233053703730
0.8281982490486737 0.8827890837355966
0.9046639287455529 0.9445896645008908
1.0128569638987011 1.0233099660360161
1.1565192777755822 1.1134837638473116
1.3132760286858927 1.1969929252868876
1.4083308018152692 1.2409916453327261
1.3675562335964813 1.2202482160425645
1.2267049160624326 1.1475177353634136
1.0777027250894808 1.0593595359658545
0.9663292215777728 0.9829010170757059
0.8956403341867201 0.9280837706236996
0.8561991258792430 0.8950285223688117
0.8394812868889421 0.8810410431150821
0.8410198980096970 0.8841454850460005
0.8605344178473172 0.9039877223027541
0.9007173442797562 0.9406291930363015
0.9633479414986668 0.9911967232308921
1.0404982390950648 1.0453202483728097
1.1053864095897081 1.0842373894056623
1.1239795937317099 1.0908370902834257
1.0893402552870555 1.0642197232311110
1.0275294261802463 1.0193530354951941
0.9686772602481836 0.9745469087278265
0.9297155588115497 0.9429362975238039
0.9167038351022918 0.9312927538724084
0.9308450749659639 0.9414875692607748
0.9703663889330344 0.9711111371354995
1.0405456528925170 1.0154109618275116
1.0804154503963883 1.0453245561585689
1.0736086441258854 1.0493749613069843
1.0235171702674954 1.0268968103406431
0.9606724253055087 0.9909317161450542
0.9124767632868316 0.9570956090738518
0.8897775790701652 0.9357036233775556
0.8923970455922371 0.9312538890351814
0.9175901719947087 0.9453444501050613
0.9661835040710798 0.9797132634690588
1.0464869069152061 1.0374273599420869
1.1732358503246967 1.1198165820895434
1.3482168983105083 1.2159256311865076
1.5022145482570621 1.2874271944856750
1.4855610598334268 1.2799402769499342
1.2865483954287866 1.1869806227737962
1.0633496933145903 1.0618764708411810
0.9036817793837252 0.9517994106492094
0.8091291601184570 0.8741300164192229
0.7614079417027144 0.8291297215029316
0.7459238581597034 0.8117709263931476
0.7539227602240541 0.8167978908317153
0.7809999234899666 0.8403048121742960
0.8263481963541223 0.8801957680003182
0.8930280675580496 0.9360967196741962
0.9875935490091324 1.0078824162025899
1.1141099952132172 1.0911671564146683
1.2541555590156861 1.1696633198722506
1.3427076166953114 1.2126169745816691
1.3105625572790736 1.1947105233430897
1.1831705720825652 1.1255416937754779
1.0436544200791826 1.0393868826692625
0.9381436144034020 0.9637335406246862
0.8724618836337620 0.9100262167014385
0.8393118459034236 0.8799122829476189
0.8318169246649975 0.8720009330523746
0.8472742988300495 0.8854435183211165
0.8878527551180850 0.9208300703562821
0.9594108580974362 0.9784656985513300
1.0646117301197553 1.0531222656181249
1.1833541596135910 1.1261535727820555
1.2547201828098502 1.1653278143208969
1.2251806176296172 1.1487738097443769
1.1246123524307152 1.0897951459525361
1.0195857118772498 1.0200968874707546
0.9451386920131034 0.9633419739281319
0.9075032390475173 0.9300435267193472
0.9037944165505742 0.9226614987763625
0.9302557472003589 0.9393902634985610
0.9809058823068607 0.9742934721617706
1.0232137780293518 1.0033886839458666
1.0607990871951589 1.0311126726410460
1.0405160424047437 1.0264747930785632
0.9725363606759186 0.9916005919292354
0.8964758680665580 0.9446408461490781
0.8419976354644165 0.9044939721359924
0.8181230639612613 0.8820181434150496
0.8231575381036297 0.8808960295435941
0.8539995684760371 0.9016961719752280
0.9115732665075217 0.9452663570567439
1.0044847497980360 1.0140060239366029
1.1490364204006993 1.1089957290216224
1.3511959050921469 1.2193818298427506
1.5423943658561075 1.3056755903615607
1.5525030100989026 1.3088011940481188
1.3527988504056752 1.2191395845273318
1.1188289234402022 1.0935914421924999
0.9516450970180438 0.9830503843408023
0.8537352450221215 0.9058679456658146
0.8050745627596543 0.8619064553890916
0.7896061364128772 0.8453126363462632
0.7972003415987560 0.8497603710907896
0.8216587159226697 0.8700434140047121
0.8597720997542408 0.9027177978412865
0.9116854273178991 0.9463713045764685
0.9806233889907325 1.0005594171630190
1.0680250508822831 1.0620573644563085
1.1603019532867223 1.1190135642425683
1.2164504908147749 1.1494317177392432
1.1936809379399593 1.1346830984847098
1.1030027327644421 1.0794996705742603
0.9963551741481067 1.0079981994720959
0.9105631042322736 0.9427990370315275
0.8556956452128981 0.8957371344125705
0.8297292583486218 0.8706193675978260
0.8294602376841845 0.8682324361431546
0.8551908414465274 0.8896331246291579
0.9128318971050376 0.9371772888819375
1.0136781223752629 1.0124688001979814
1.1646163562824372 1.1090328524234658
1.3316774048627338 1.1997743751708514
1.4036256529254951 1.2365189953449960
1.3070251271046789 1.1930906229443297
1.1341446591125370 1.1011593162682398
0.9902446882410292 1.0082650413224572
0.9029531626180419 0.9403188775913512
0.8649072879792752 0.9042333819341382
0.8658943320847718 0.8988132201777796
0.8993320375348407 0.9198206877430799
0.9578298477175232 0.9594587011237737
0.9912683317234843 0.9854783471331863
1.0427368057346813 1.0206353967707760
1.0335331153534795 1.0210453993907191
0.9666084186550772 0.9857350946090179
0.8841950235048689 0.9337577732922759
0.8216586220999743 0.8871094994756642
0.7905461541854668 0.8588686644062378
0.7893096215467964 0.8533441859192598
0.8139938382156486 0.8705758289082803
0.8634945037312749 0.9100316396886001
0.9420826603345259 0.9720267013909656
1.0586371373111900 1.0556191139035784
1.2139211329538280 1.1509251344588283
1.3629829799353863 1.2281210480507905
1.4004387257779660 1.2440732922584010
1.2887689775347371 1.1869838356628242
1.1251080527600319 1.0940928852475722
0.9931711362785171 1.0067428985057782
0.9113194383700716 0.9442779854225588
0.8713218862537706 0.9096199843530255
0.8618335721788505 0.8986977491373045
0.8731512104617037 0.9052387069726158
0.8968301576783833 0.9227905637528329
0.9261043971485000 0.9462787593299666
0.9579866889270466 0.9733922894490428
0.9942127672586077 1.0042990635045035
1.0373720112435287 1.0384808343089467
1.0821026863870429 1.0700445430081631
1.1085321169982882 1.0862467912395815
1.0933441662313517 1.0747520567303304
1.0359458904684320 1.0354085479235922
0.9610260376228336 0.9813123753081366
0.8940743394573349 0.9284913698210551
0.8476930376070035 0.8881754205922210
0.8249208159017529 0.8661755653459223
0.8261122637779758 0.8654944571289754
0.8538448510484903 0.8889241079958755
0.9161546645383897 0.9401653640626385
1.0273610238636521 1.0218326801188833
1.1975214373023733 1.1272788386370436
1.3865960799947541 1.2254839415921697
1.4548617061276854 1.2598132455443272
1.3204444727638949 1.2019456945722646
1.1130846902863516 1.0934168154790269
0.9528643177463967 0.9888861324522628
0.8599523568126191 0.9146298271856155
0.8202596379199057 0.8758076798227155
0.8208653282822217 0.8698866025276970
0.8550084510757544 0.8922342556080167
0.9169841119144613 0.9354248946080711
0.9647840460243607 0.9728483101989189
1.0419366702321617 1.0227627510565480
1.0634383786006489 1.0394696395024956
1.0112911495451873 1.0132954569871637
0.9239294448305172 0.9601920823995962
0.8481417203629091 0.9058820814641698
0.8035140922875385 0.8678595506976750
0.7901558488849537 0.8524239298487299
0.8026490418727067 0.8593961876472898
0.8366347249899745 0.8865803143329205
0.8908418246673858 0.9317741987926778
0.9661599271727780 0.9919204602968202
1.0590884779474270 1.0590494854818779
1.1476371450902820 1.1153416043886464
1.1882891100017214 1.1372186686711465
1.1573935785574354 1.1155870710493645
1.0844933288605239 1.0669220829596640
1.0132816401431159 1.0159459698210886
0.9661480721276022 0.9787500005186922
0.9471570450724113 0.9607604448704660
0.9520858592032915 0.9603097241996534
0.9723572331987055 0.9715410064976514
0.9962699911116819 0.9867062394780316
1.0127866037075615 0.9993124433184544
1.0180208738103163 1.0073645187348217
1.0175757949729531 1.0136836647777103
1.0205777005572805 1.0221522415706339
1.0304795468539651 1.0327103509161144
1.0396006456333111 1.0391597956874281
1.0327364297842632 1.0324593842804484
1.0005341138356232 1.0079504099470060
0.9492836000743944 0.9695681512571752
0.8949292354166846 0.9270923280953491
0.8513423785700812 0.8907219012571203
0.8258710023738894 0.8680090495598471
0.8217553634802882 0.8639217218699472
0.8424052926054163 0.8823878813065181
0.8950212275745772 0.9273778553164087
0.9917085694324276 1.0013598201544853
1.1404881920979368 1.0981699680972878
1.3075477434287222 1.1898146072280815
1.3758228502634331 1.2250844673012644
1.2665270294875219 1.1753242533208574
1.0799968522749279 1.0743463173969938
0.9271266193866298 0.9729146594898708
0.8339560912229873 0.8981501492321737
0.7909399023891951 0.8570116271491054
0.7872172496014280 0.8484809916167482
0.8176718188701356 0.8694719198763980
0.8799209987407277 0.9147179811951396
0.9551275683338397 0.9719178188456375
1.0636139501593025 1.0395198461713875
1.1316061798776320 1.0798346008305555
1.1088572300504005 1.0706094609767796
1.0175007741148292 1.0198165819907763
0.9207717334518311 0.9568022187145513
0.8543128407214609 0.9057899545493657
0.8224753184433652 0.8766314565509803
0.8182069771830034 0.8694891137295662
0.8336816974153097 0.8807899229445885
0.8633491196366289 0.9064407089891552
0.9039238255589117 0.9423891446858466
0.9519906031470204 0.9831274164296685
0.9995188498456976 1.0197568884588168
1.0325580667628449 1.0415293992292247
1.0407049043130794 1.0430542272511896
1.0284513986854162 1.0294945289338870
1.0110150828849549 1.0121846344918439
1.0025491574451215 1.0012010597736358
1.0104756804061996 1.0016395945148167
1.0344376689139496 1.0128723689666665
1.0655556413530833 1.0289962447981014
1.0878731852129775 1.0410448560017671
1.0871467334273139 1.0419560021856371
1.0630022363685898 1.0316753704422874
1.0297064837328240 1.0171241131125377
1.0041398150918426 1.0067148811750235
0.9950820569356676 1.0045933834504170
0.9996938474900022 1.0081846485555424
1.0050223778189422 1.0095723288659049
0.9952254683474580 1.0001783935574613
0.9633250692826452 0.9764363706847988
0.9168584000070011 0.9423525051428464
0.8707424602236077 0.9069978283730704
0.8371048184603196 0.8798209262472346
0.8223266234344597 0.8679124275080505
0.8300538526106317 0.8761189360255642
0.8651616939494884 0.9080782488308745
0.9353266627035701 0.9655613868370816
1.0452294348790405 1.0436347184610322
1.1736265564749495 1.1215858984625653
1.2464089798272955 1.1611684398218287
1.1948642163207597 1.1348714453759265
1.0605374043720157 1.0587914777082663
0.9284399631896149 0.9716225851870348
0.8366922602603081 0.9007903016406420
0.7878533030591265 0.8574876036238485
0.7765776102725191 0.8444174898338362
0.8003985610470429 0.8614301811827425
0.8604568967011168 0.9064106370597980
0.9621673328123431 0.9815491207541845
1.0968005146238160 1.0627018208366319
1.2166540707484210 1.1267617615210235
1.2396811932821987 1.1395954517378035
1.1529119061313808 1.0964224176404995
1.0320227996095148 1.0271617562763673
0.9371109544303742 0.9634219601238108
0.8812170719396510 0.9198528385483070
0.8564801858804730 0.8977668033935926
0.8520534221136551 0.8929435765529452
0.8597029182340474 0.9004111660880998
0.8748226731306296 0.9161888121295892
0.8955073310366881 0.9369934995181550
0.9201965787088631 0.9590900963402619
0.9455462522658450 0.9780778541107237
0.9671794306721103 0.9907718123163305
0.9832216569132881 0.9974588367175150
0.9965970566382528 1.0018320145242596
1.0135769752558728 1.0087909658599741
1.0397403418182842 1.0216544368028981
1.0750024971581866 1.0396653964777247
1.1094457325970914 1.0568085675787633
1.1249145925367785 1.0638796570799298
1.1078117486215053 1.0546207694700840
1.0634966561682677 1.0315110396027840
1.0128026015006031 1.0046843570517461
0.9759234463002819 0.9852342328599719
0.9630525370082047 0.9795297697388904
0.9735164669315148 0.9870435153769095
0.9962857337251139 1.0005847223560873
1.0118642216314764 1.0087314966709839
1.0018129867454988 1.0013295404673315
0.9634198692536240 0.9761237421442946
0.9118157835788958 0.9405342392224045
0.8657896900884423 0.9064037197205511
0.8367196216931487 0.8837861587375112
0.8291412282034337 0.8789234401563305
0.8457543051319366 0.8952540602576267
0.8904634473231083 0.9340161688915902
0.9660572074906519 0.9919475044777916
1.0623817734202263 1.0559123934533701
1.1393323604677419 1.1004921155189353
1.1430459097741494 1.1012150174490700
1.0685683430395456 1.0574530215994520
0.9647374866101081 0.9916386417832461
0.8754665268501717 0.9283441961718037
0.8180574122985839 0.8830615729389615
0.7956503987574036 0.8634405136607661
0.8094192766393529 0.8731894363929320
0.8633696455948888 0.9136502032942901
0.9765829695267161 0.9944972918941991
1.1139137205905603 1.0757241263440012
1.2614481019468928 1.1514060067095160
1.3302984628187435 1.1835614173077600
1.2702891135219276 1.1554123117072013
1.1445888297170603 1.0903511735403153
1.0308524582208616 1.0225452910322861
0.9547100097360286 0.9705875517199216
0.9110279637096995 0.9376823071411701
0.8881837460449303 0.9200856718709993
0.8772374722031960 0.9131402028601435
0.8740022894138905 0.9138173121523235
0.8781211376566292 0.9207330065842800
0.8905060548601532 0.9328531875298897
0.9106081223031020 0.9483236720338017
0.9352632199828780 0.9645237786986623
0.9601955152454472 0.9793214495778141
0.9832538979166058 0.9924308406814953
1.0062745855728212 1.0055545580411873
1.0329172109705871 1.0206372410143951
1.0631384230548646 1.0369745018176526
1.0882280302826770 1.0493696286096008
1.0927441725704119 1.0499803810412944
1.0670411402539914 1.0342763463748665
1.0190255025017101 1.0061746153822160
0.9689814158389631 0.9764837229006094
0.9354418682949457 0.9566800802046382
0.9285529305078610 0.9540778965091136
0.9503281852947822 0.9699161233542161
0.9939733021506465 0.9985591425534083
1.0404853186513205 1.0274488463736404
1.0613018181549549 1.0406202947031638
1.0380706643478759 1.0279654797096063
0.9818085687581225 0.9934355380641653
0.9203119266776884 0.9515342901835642
0.8737948903888000 0.9166740491379335
0.8494946119496086 0.8975458849663259
0.8485807523944631 0.8978977934809220
0.8720204017909261 0.9186810224928035
0.9213911027051975 0.9581052880688782
0.9935650263660100 1.0089936373878867
1.0701797695280577 1.0561662559866283
1.1151409291336558 1.0802879682219368
1.1003595538167894 1.0702716109592463
1.0353513886627153 1.0316522948339462
0.9546525990022012 0.9809388450746974
0.8876894169354442 0.9352361858739509
0.8495893849411534 0.9072860139218648
0.8474323684579677 0.9054237176031661
0.8873739095635329 0.9344616482301339
